     4151.        0.00000003        0.00000864        0.00000864       -0.00000000        0.00000000        0.00000000
     4152.        0.00000001        0.00000235        0.00000235       -0.00000000        0.00000000        0.00000000
     4153.        0.00000000        0.00000015        0.00000015       -0.00000000        0.00000000        0.00000000
     4154.        0.00000014       -0.00000000        0.00000014       -0.00000000        0.00000000        0.00000000
     4155.        0.00000218       -0.00000001        0.00000218       -0.00000000        0.00000000        0.00000000
     4156.        0.00000764       -0.00000003        0.00000764       -0.00000000        0.00000000        0.00000000
     4157.        0.00001730       -0.00000007        0.00001730       -0.00000000        0.00000000        0.00000000
     4158.        0.00003168       -0.00000013        0.00003168       -0.00000000        0.00000000        0.00000000
     4159.        0.00005112       -0.00000021        0.00005112       -0.00000000        0.00000000        0.00000000
     4160.        0.00007586       -0.00000033        0.00007586       -0.00000000        0.00000000        0.00000000
     4161.        0.00010606       -0.00000047        0.00010606       -0.00000000        0.00000000        0.00000000
     4162.        0.00014180       -0.00000065        0.00014180       -0.00000000        0.00000000        0.00000000
     4163.        0.00018313       -0.00000087        0.00018314       -0.00000000        0.00000000        0.00000000
     4164.        0.00023008       -0.00000113        0.00023008       -0.00000000        0.00000000        0.00000000
     4165.        0.00028261       -0.00000144        0.00028261       -0.00000000        0.00000000        0.00000000
     4166.        0.00034068       -0.00000179        0.00034069       -0.00000000        0.00000000        0.00000000
     4167.        0.00040425       -0.00000220        0.00040425       -0.00000000        0.00000000        0.00000000
     4168.        0.00047322       -0.00000267        0.00047323       -0.00000000        0.00000000        0.00000000
     4169.        0.00054750       -0.00000321        0.00054751       -0.00000000        0.00000000        0.00000000
     4170.        0.00062699       -0.00000382        0.00062700       -0.00000000        0.00000000        0.00000000
     4171.        0.00071159       -0.00000449        0.00071161       -0.00000000        0.00000000        0.00000000
     4172.        0.00080118       -0.00000523        0.00080120       -0.00000000        0.00000000        0.00000000
     4173.        0.00089567       -0.00000604        0.00089569       -0.00000000        0.00000000        0.00000000
     4174.        0.00099493       -0.00000692        0.00099496       -0.00000000        0.00000000        0.00000000
     4175.        0.00109885       -0.00000790        0.00109888       -0.00000000        0.00000000        0.00000000
     4176.        0.00120730       -0.00000897        0.00120733       -0.00000000        0.00000000        0.00000000
     4177.        0.00132017       -0.00001015        0.00132021       -0.00000000        0.00000000        0.00000000
     4178.        0.00143731       -0.00001145        0.00143736       -0.00000000        0.00000000        0.00000000
     4179.        0.00155860       -0.00001286        0.00155865       -0.00000000        0.00000000        0.00000000
     4180.        0.00168392       -0.00001440        0.00168398       -0.00000000        0.00000000        0.00000000
     4181.        0.00181315       -0.00001606        0.00181322       -0.00000000        0.00000000        0.00000000
     4182.        0.00194615       -0.00001783        0.00194624       -0.00000000        0.00000000        0.00000000
     4183.        0.00208284       -0.00001971        0.00208293       -0.00000000        0.00000000        0.00000000
     4184.        0.00222309       -0.00002170        0.00222319       -0.00000000        0.00000000        0.00000000
     4185.        0.00236680       -0.00002380        0.00236692       -0.00000000        0.00000000        0.00000000
     4186.        0.00251388       -0.00002602        0.00251402       -0.00000000        0.00000000        0.00000000
     4187.        0.00266424       -0.00002837        0.00266440       -0.00000000        0.00000000        0.00000000
     4188.        0.00281777       -0.00003085        0.00281794       -0.00000000        0.00000000        0.00000000
     4189.        0.00297438       -0.00003349        0.00297457       -0.00000000        0.00000000        0.00000000
     4190.        0.00313396       -0.00003629        0.00313417       -0.00000000        0.00000000        0.00000000
     4191.        0.00329644       -0.00003927        0.00329667       -0.00000000        0.00000000        0.00000000
     4192.        0.00346168       -0.00004244        0.00346194       -0.00000000        0.00000000        0.00000000
     4193.        0.00362961       -0.00004580        0.00362990       -0.00000000        0.00000000        0.00000000
     4194.        0.00380013       -0.00004936        0.00380045       -0.00000000        0.00000000        0.00000000
     4195.        0.00397315       -0.00005313        0.00397350       -0.00000000        0.00000000        0.00000000
     4196.        0.00414857       -0.00005709        0.00414896       -0.00000000        0.00000000        0.00000000
     4197.        0.00432632       -0.00006124        0.00432675       -0.00000000        0.00000000        0.00000000
     4198.        0.00450632       -0.00006558        0.00450680       -0.00000000        0.00000000        0.00000000
     4199.        0.00468850       -0.00007011        0.00468902       -0.00000000        0.00000000        0.00000000
     4200.        0.00487279       -0.00007481        0.00487336       -0.00000000        0.00000000        0.00000000
     4201.        0.00505912       -0.00007968        0.00505975       -0.00000000        0.00000000        0.00000000
     4202.        0.00524746       -0.00008472        0.00524814       -0.00000001        0.00000000        0.00000001
     4203.        0.00543775       -0.00008993        0.00543849       -0.00000001        0.00000000        0.00000001
     4204.        0.00562992       -0.00009531        0.00563073       -0.00000001        0.00000000        0.00000001
     4205.        0.00582394       -0.00010087        0.00582481       -0.00000001        0.00000000        0.00000001
     4206.        0.00601977       -0.00010662        0.00602071       -0.00000001        0.00000000        0.00000001
     4207.        0.00621735       -0.00011258        0.00621837       -0.00000001        0.00000000        0.00000001
     4208.        0.00641665       -0.00011875        0.00641775       -0.00000001        0.00000000        0.00000001
     4209.        0.00661761       -0.00012515        0.00661879       -0.00000001        0.00000000        0.00000001
     4210.        0.00682017       -0.00013180        0.00682145       -0.00000001        0.00000000        0.00000001
     4211.        0.00702431       -0.00013870        0.00702568       -0.00000001        0.00000000        0.00000001
     4212.        0.00722996       -0.00014587        0.00723143       -0.00000001        0.00000000        0.00000001
     4213.        0.00743708       -0.00015332        0.00743866       -0.00000001        0.00000000        0.00000001
     4214.        0.00764563       -0.00016106        0.00764732       -0.00000001        0.00000000        0.00000001
     4215.        0.00785553       -0.00016909        0.00785735       -0.00000001        0.00000000        0.00000001
     4216.        0.00806678       -0.00017742        0.00806873       -0.00000001        0.00000000        0.00000001
     4217.        0.00827932       -0.00018605        0.00828141       -0.00000001        0.00000000        0.00000001
     4218.        0.00849308       -0.00019497        0.00849532       -0.00000001        0.00000000        0.00000001
     4219.        0.00870806       -0.00020420        0.00871046       -0.00000001        0.00000000        0.00000001
     4220.        0.00892421       -0.00021371        0.00892677       -0.00000001        0.00000000        0.00000001
     4221.        0.00914149       -0.00022351        0.00914422       -0.00000001        0.00000000        0.00000001
     4222.        0.00935988       -0.00023359        0.00936279       -0.00000001        0.00000000        0.00000001
     4223.        0.00957935       -0.00024394        0.00958246       -0.00000001        0.00000000        0.00000001
     4224.        0.00979989       -0.00025455        0.00980320       -0.00000001        0.00000000        0.00000001
     4225.        0.01002147       -0.00026543        0.01002498       -0.00000001        0.00000000        0.00000001
     4226.        0.01024407       -0.00027656        0.01024780       -0.00000001        0.00000000        0.00000001
     4227.        0.01046770       -0.00028794        0.01047166       -0.00000001        0.00000000        0.00000001
     4228.        0.01069233       -0.00029958        0.01069652       -0.00000001        0.00000000        0.00000001
     4229.        0.01091797       -0.00031147        0.01092241       -0.00000001        0.00000000        0.00000001
     4230.        0.01114460       -0.00032362        0.01114930       -0.00000001        0.00000000        0.00000001
     4231.        0.01137222       -0.00033603        0.01137718       -0.00000001        0.00000000        0.00000001
     4232.        0.01160083       -0.00034871        0.01160607       -0.00000001        0.00000000        0.00000001
     4233.        0.01183042       -0.00036167        0.01183595       -0.00000001        0.00000000        0.00000001
     4234.        0.01206099       -0.00037493        0.01206681       -0.00000001        0.00000000        0.00000001
     4235.        0.01229253       -0.00038848        0.01229867       -0.00000001        0.00000000        0.00000001
     4236.        0.01252503       -0.00040236        0.01253149       -0.00000001        0.00000000        0.00000001
     4237.        0.01275849       -0.00041657        0.01276529       -0.00000001        0.00000000        0.00000001
     4238.        0.01299290       -0.00043113        0.01300005       -0.00000001        0.00000000        0.00000001
     4239.        0.01322826       -0.00044604        0.01323578       -0.00000001        0.00000000        0.00000001
     4240.        0.01346453       -0.00046133        0.01347243       -0.00000001        0.00000000        0.00000001
     4241.        0.01370174       -0.00047701        0.01371004       -0.00000001        0.00000000        0.00000001
     4242.        0.01393985       -0.00049309        0.01394857       -0.00000001        0.00000000        0.00000001
     4243.        0.01417885       -0.00050958        0.01418801       -0.00000001        0.00000000        0.00000001
     4244.        0.01441876       -0.00052649        0.01442837       -0.00000001        0.00000000        0.00000001
     4245.        0.01465952       -0.00054383        0.01466961       -0.00000001        0.00000000        0.00000001
     4246.        0.01490113       -0.00056161        0.01491171       -0.00000001        0.00000000        0.00000001
     4247.        0.01514357       -0.00057983        0.01515466       -0.00000001        0.00000000        0.00000001
     4248.        0.01538696       -0.00059850        0.01539859       -0.00000001        0.00000000        0.00000001
     4249.        0.01563115       -0.00061761        0.01564335       -0.00000001        0.00000000        0.00000001
     4250.        0.01587612       -0.00063718        0.01588891       -0.00000001        0.00000000        0.00000001
     4251.        0.01612187       -0.00065720        0.01613526       -0.00000001        0.00000000        0.00000001
     4252.        0.01636851       -0.00067767        0.01638254       -0.00000001        0.00000000        0.00000001
     4253.        0.01661590       -0.00069859        0.01663058       -0.00000001        0.00000000        0.00000001
     4254.        0.01686417       -0.00071996        0.01687953       -0.00000001        0.00000000        0.00000001
     4255.        0.01711314       -0.00074177        0.01712921       -0.00000001        0.00000000        0.00000001
     4256.        0.01736298       -0.00076402        0.01737978       -0.00000001        0.00000000        0.00000001
     4257.        0.01761365       -0.00078671        0.01763121       -0.00000001        0.00000000        0.00000001
     4258.        0.01786500       -0.00080983        0.01788334       -0.00000001        0.00000000        0.00000001
     4259.        0.01811732       -0.00083338        0.01813648       -0.00000001        0.00000000        0.00000001
     4260.        0.01837045       -0.00085735        0.01839044       -0.00000001        0.00000000        0.00000001
     4261.        0.01862437       -0.00088176        0.01864523       -0.00000001        0.00000000        0.00000001
     4262.        0.01887924       -0.00090659        0.01890100       -0.00000001        0.00000000        0.00000001
     4263.        0.01913489       -0.00093185        0.01915756       -0.00000001        0.00000000        0.00000001
     4264.        0.01939161       -0.00095753        0.01941524       -0.00000001        0.00000000        0.00000001
     4265.        0.01964910       -0.00098366        0.01967371       -0.00000001        0.00000000        0.00000001
     4266.        0.01990750       -0.00101021        0.01993311       -0.00000001        0.00000000        0.00000001
     4267.        0.02016695       -0.00103721        0.02019361       -0.00000001        0.00000000        0.00000001
     4268.        0.02042730       -0.00106466        0.02045503       -0.00000001        0.00000000        0.00000001
     4269.        0.02068854       -0.00109258        0.02071737       -0.00000001        0.00000000        0.00000001
     4270.        0.02095082       -0.00112097        0.02098078       -0.00000001        0.00000000        0.00000001
     4271.        0.02121429       -0.00114984        0.02124543       -0.00000001        0.00000000        0.00000001
     4272.        0.02147864       -0.00117921        0.02151098       -0.00000001        0.00000000        0.00000001
     4273.        0.02174418       -0.00120909        0.02177776       -0.00000001        0.00000000        0.00000001
     4274.        0.02201073       -0.00123950        0.02204560       -0.00000001        0.00000000        0.00000001
     4275.        0.02227831       -0.00127045        0.02231450       -0.00000001        0.00000000        0.00000001
     4276.        0.02254706       -0.00130196        0.02258462       -0.00000001        0.00000000        0.00000001
     4277.        0.02281698       -0.00133405        0.02285595       -0.00000001        0.00000000        0.00000001
     4278.        0.02308809       -0.00136674        0.02312850       -0.00000001        0.00000000        0.00000001
     4279.        0.02336036       -0.00140004        0.02340227       -0.00000001        0.00000000        0.00000001
     4280.        0.02363362       -0.00143397        0.02367709       -0.00000001        0.00000000        0.00000001
     4281.        0.02390822       -0.00146855        0.02395328       -0.00000001        0.00000000        0.00000001
     4282.        0.02418416       -0.00150380        0.02423087       -0.00000001        0.00000000        0.00000001
     4283.        0.02446108       -0.00153973        0.02450949       -0.00000001        0.00000000        0.00000001
     4284.        0.02473933       -0.00157637        0.02478951       -0.00000001        0.00000000        0.00000001
     4285.        0.02501892       -0.00161372        0.02507090       -0.00000001        0.00000000        0.00000001
     4286.        0.02529965       -0.00165180        0.02535352       -0.00000001        0.00000000        0.00000001
     4287.        0.02558171       -0.00169063        0.02563752       -0.00000001        0.00000000        0.00000001
     4288.        0.02586510       -0.00173023        0.02592291       -0.00000001        0.00000000        0.00000001
     4289.        0.02614964       -0.00177060        0.02620952       -0.00000001        0.00000000        0.00000001
     4290.        0.02643568       -0.00181176        0.02649769       -0.00000001        0.00000000        0.00000001
     4291.        0.02672287       -0.00185371        0.02678709       -0.00000001        0.00000000        0.00000001
     4292.        0.02701156       -0.00189650        0.02707805       -0.00000002        0.00000000        0.00000002
     4293.        0.02730157       -0.00194008        0.02737042       -0.00000002        0.00000000        0.00000002
     4294.        0.02759291       -0.00198452        0.02766419       -0.00000002        0.00000000        0.00000002
     4295.        0.02788558       -0.00202977        0.02795935       -0.00000002        0.00000000        0.00000002
     4296.        0.02817975       -0.00207521        0.02825605       -0.00000002        0.00000000        0.00000002
     4297.        0.02847524       -0.00212228        0.02855422       -0.00000002        0.00000000        0.00000002
     4298.        0.02877261       -0.00217023        0.02885434       -0.00000002        0.00000000        0.00000002
     4299.        0.02907112       -0.00221874        0.02915567       -0.00000002        0.00000000        0.00000002
     4300.        0.02937152       -0.00226813        0.02945897       -0.00000002        0.00000000        0.00000002
     4301.        0.02967343       -0.00231871        0.02976389       -0.00000002        0.00000000        0.00000002
     4302.        0.02997668       -0.00237008        0.03007023       -0.00000002        0.00000000        0.00000002
     4303.        0.03028182       -0.00242220        0.03037854       -0.00000002        0.00000000        0.00000002
     4304.        0.03058848       -0.00247525        0.03068847       -0.00000002        0.00000000        0.00000002
     4305.        0.03089705       -0.00252931        0.03100040       -0.00000002        0.00000000        0.00000002
     4306.        0.03120733       -0.00258441        0.03131416       -0.00000002        0.00000000        0.00000002
     4307.        0.03151915       -0.00264044        0.03162955       -0.00000002        0.00000000        0.00000002
     4308.        0.03183307       -0.00269736        0.03194715       -0.00000002        0.00000000        0.00000002
     4309.        0.03214873       -0.00275519        0.03226658       -0.00000002        0.00000000        0.00000002
     4310.        0.03246632       -0.00281394        0.03258804       -0.00000002        0.00000000        0.00000002
     4311.        0.03278622       -0.00287369        0.03291192       -0.00000002        0.00000000        0.00000002
     4312.        0.03310807       -0.00293445        0.03323786       -0.00000002        0.00000000        0.00000002
     4313.        0.03343226       -0.00299628        0.03356626       -0.00000002        0.00000000        0.00000002
     4314.        0.03375859       -0.00305919        0.03389692       -0.00000002        0.00000000        0.00000002
     4315.        0.03408748       -0.00312318        0.03423026       -0.00000002        0.00000000        0.00000002
     4316.        0.03441854       -0.00318823        0.03456589       -0.00000002        0.00000000        0.00000002
     4317.        0.03475237       -0.00325436        0.03490441       -0.00000002        0.00000000        0.00000002
     4318.        0.03508878       -0.00332158        0.03524564       -0.00000002        0.00000000        0.00000002
     4319.        0.03542818       -0.00338993        0.03558999       -0.00000002        0.00000000        0.00000002
     4320.        0.03577059       -0.00345943        0.03593749       -0.00000002        0.00000000        0.00000002
     4321.        0.03611683       -0.00353024        0.03628895       -0.00000002        0.00000000        0.00000002
     4322.        0.03646650       -0.00360319        0.03664408       -0.00000002        0.00000000        0.00000002
     4323.        0.03682065       -0.00367775        0.03700387       -0.00000002        0.00000000        0.00000002
     4324.        0.03717768       -0.00375658        0.03736699       -0.00000002        0.00000000        0.00000002
     4325.        0.03753680       -0.00383594        0.03773229       -0.00000002        0.00000000        0.00000002
     4326.        0.03790187       -0.00391731        0.03810377       -0.00000002        0.00000000        0.00000002
     4327.        0.03827171       -0.00400398        0.03848058       -0.00000002        0.00000000        0.00000002
     4328.        0.03864308       -0.00409613        0.03885957       -0.00000002        0.00000000        0.00000002
     4329.        0.03901415       -0.00419037        0.03923854       -0.00000002        0.00000000        0.00000002
     4330.        0.03938859       -0.00428432        0.03962091       -0.00000002        0.00000000        0.00000002
     4331.        0.03976950       -0.00438021        0.04001000       -0.00000002        0.00000000        0.00000002
     4332.        0.04015653       -0.00448117        0.04040579       -0.00000002        0.00000000        0.00000002
     4333.        0.04054764       -0.00458901        0.04080649       -0.00000002        0.00000000        0.00000002
     4334.        0.04094077       -0.00470403        0.04121012       -0.00000002        0.00000000        0.00000002
     4335.        0.04133342       -0.00482480        0.04161406       -0.00000002        0.00000000        0.00000002
     4336.        0.04172537       -0.00494871        0.04201781       -0.00000002        0.00000000        0.00000002
     4337.        0.04211806       -0.00507355        0.04242254       -0.00000002        0.00000000        0.00000002
     4338.        0.04251422       -0.00519903        0.04283093       -0.00000002        0.00000000        0.00000002
     4339.        0.04291619       -0.00532666        0.04324549       -0.00000002        0.00000000        0.00000002
     4340.        0.04332443       -0.00545877        0.04366697       -0.00000002        0.00000000        0.00000002
     4341.        0.04373834       -0.00559745        0.04409506       -0.00000002        0.00000000        0.00000002
     4342.        0.04415668       -0.00574423        0.04452874       -0.00000002        0.00000000        0.00000002
     4343.        0.04457756       -0.00589981        0.04496628       -0.00000002        0.00000000        0.00000002
     4344.        0.04499926       -0.00606408        0.04540602       -0.00000002        0.00000000        0.00000002
     4345.        0.04541984       -0.00623605        0.04584594       -0.00000002        0.00000000        0.00000002
     4346.        0.04583864       -0.00641418        0.04628524       -0.00000002        0.00000000        0.00000002
     4347.        0.04625541       -0.00659665        0.04672343       -0.00000002        0.00000000        0.00000002
     4348.        0.04667119       -0.00678193        0.04716137       -0.00000002        0.00000000        0.00000002
     4349.        0.04708728       -0.00696909        0.04760021       -0.00000002        0.00000000        0.00000002
     4350.        0.04750583       -0.00715819        0.04804210       -0.00000002        0.00000000        0.00000002
     4351.        0.04792794       -0.00735002        0.04848825       -0.00000002        0.00000000        0.00000002
     4352.        0.04835474       -0.00754598        0.04893999       -0.00000002        0.00000000        0.00000002
     4353.        0.04878646       -0.00774765        0.04939782       -0.00000002        0.00000000        0.00000002
     4354.        0.04922291       -0.00795666        0.04986185       -0.00000002        0.00000000        0.00000002
     4355.        0.04966324       -0.00817433        0.05033147       -0.00000002        0.00000000        0.00000002
     4356.        0.05010613       -0.00840166        0.05080563       -0.00000002        0.00000000        0.00000002
     4357.        0.05055025       -0.00863917        0.05128316       -0.00000002        0.00000000        0.00000002
     4358.        0.05099449       -0.00888703        0.05176308       -0.00000002        0.00000000        0.00000002
     4359.        0.05143682       -0.00914485        0.05224341       -0.00000002        0.00000000        0.00000002
     4360.        0.05187631       -0.00941191        0.05272320       -0.00000002        0.00000000        0.00000002
     4361.        0.05231227       -0.00968719        0.05320164       -0.00000002        0.00000000        0.00000002
     4362.        0.05274396       -0.00996941        0.05367787       -0.00000002        0.00000000        0.00000002
     4363.        0.05317134       -0.01025728        0.05415166       -0.00000002        0.00000000        0.00000002
     4364.        0.05359504       -0.01054963        0.05462347       -0.00000002        0.00000000        0.00000002
     4365.        0.05401548       -0.01084552        0.05509353       -0.00000002        0.00000000        0.00000002
     4366.        0.05443398       -0.01114438        0.05556307       -0.00000002        0.00000000        0.00000002
     4367.        0.05485143       -0.01144603        0.05603295       -0.00000002        0.00000001        0.00000002
     4368.        0.05526919       -0.01175075        0.05650454       -0.00000002        0.00000001        0.00000002
     4369.        0.05568792       -0.01205912        0.05697866       -0.00000002        0.00000001        0.00000002
     4370.        0.05610856       -0.01237204        0.05745640       -0.00000002        0.00000001        0.00000002
     4371.        0.05653134       -0.01269058        0.05793827       -0.00000002        0.00000001        0.00000003
     4372.        0.05695625       -0.01301583        0.05842454       -0.00000002        0.00000001        0.00000003
     4373.        0.05738285       -0.01334894        0.05891508       -0.00000002        0.00000001        0.00000003
     4374.        0.05781114       -0.01369087        0.05941016       -0.00000002        0.00000001        0.00000003
     4375.        0.05823971       -0.01404246        0.05990872       -0.00000002        0.00000001        0.00000003
     4376.        0.05866809       -0.01440433        0.06041051       -0.00000003        0.00000001        0.00000003
     4377.        0.05909488       -0.01477687        0.06091437       -0.00000003        0.00000001        0.00000003
     4378.        0.05951885       -0.01516022        0.06141927       -0.00000003        0.00000001        0.00000003
     4379.        0.05993906       -0.01555428        0.06192436       -0.00000003        0.00000001        0.00000003
     4380.        0.06035450       -0.01595867        0.06242872       -0.00000003        0.00000001        0.00000003
     4381.        0.06076396       -0.01637285        0.06293114       -0.00000003        0.00000001        0.00000003
     4382.        0.06116666       -0.01679603        0.06343081       -0.00000003        0.00000001        0.00000003
     4383.        0.06156208       -0.01722731        0.06392707       -0.00000003        0.00000001        0.00000003
     4384.        0.06194990       -0.01766573        0.06441947       -0.00000003        0.00000001        0.00000003
     4385.        0.06232960       -0.01811024        0.06490732       -0.00000003        0.00000001        0.00000003
     4386.        0.06270134       -0.01855983        0.06539055       -0.00000003        0.00000001        0.00000003
     4387.        0.06306553       -0.01901355        0.06586938       -0.00000003        0.00000001        0.00000003
     4388.        0.06342259       -0.01947061        0.06634403       -0.00000003        0.00000001        0.00000003
     4389.        0.06377296       -0.01993033        0.06681473       -0.00000003        0.00000001        0.00000003
     4390.        0.06411777       -0.02039230        0.06728250       -0.00000003        0.00000001        0.00000003
     4391.        0.06445749       -0.02085626        0.06774770       -0.00000003        0.00000001        0.00000003
     4392.        0.06479302       -0.02132218        0.06821122       -0.00000003        0.00000001        0.00000003
     4393.        0.06512532       -0.02179024        0.06867403       -0.00000003        0.00000001        0.00000003
     4394.        0.06545460       -0.02226084        0.06913645       -0.00000003        0.00000001        0.00000003
     4395.        0.06578181       -0.02273445        0.06959958       -0.00000003        0.00000001        0.00000003
     4396.        0.06610693       -0.02321173        0.07006362       -0.00000003        0.00000001        0.00000003
     4397.        0.06643069       -0.02369334        0.07052951       -0.00000003        0.00000001        0.00000003
     4398.        0.06675257       -0.02418008        0.07099706       -0.00000003        0.00000001        0.00000003
     4399.        0.06707306       -0.02467266        0.07146702       -0.00000003        0.00000001        0.00000003
     4400.        0.06739139       -0.02517181        0.07193899       -0.00000003        0.00000001        0.00000003
     4401.        0.06770729       -0.02567821        0.07241304       -0.00000003        0.00000001        0.00000003
     4402.        0.06802026       -0.02619233        0.07288891       -0.00000003        0.00000001        0.00000003
     4403.        0.06832926       -0.02671446        0.07336587       -0.00000003        0.00000001        0.00000003
     4404.        0.06863428       -0.02724539        0.07384426       -0.00000003        0.00000001        0.00000003
     4405.        0.06893376       -0.02778516        0.07432280       -0.00000003        0.00000001        0.00000003
     4406.        0.06922717       -0.02833356        0.07480102       -0.00000003        0.00000001        0.00000003
     4407.        0.06951371       -0.02889090        0.07527842       -0.00000003        0.00000001        0.00000003
     4408.        0.06979233       -0.02945644        0.07575388       -0.00000003        0.00000001        0.00000003
     4409.        0.07006245       -0.03003049        0.07622714       -0.00000003        0.00000001        0.00000003
     4410.        0.07032301       -0.03061206        0.07669696       -0.00000003        0.00000001        0.00000003
     4411.        0.07057394       -0.03120094        0.07716333       -0.00000003        0.00000001        0.00000003
     4412.        0.07081390       -0.03179614        0.07762476       -0.00000003        0.00000001        0.00000003
     4413.        0.07104307       -0.03239743        0.07808144       -0.00000003        0.00000001        0.00000003
     4414.        0.07126061       -0.03300355        0.07853222       -0.00000003        0.00000001        0.00000003
     4415.        0.07146671       -0.03361400        0.07897716       -0.00000003        0.00000001        0.00000003
     4416.        0.07166077       -0.03422776        0.07941540       -0.00000003        0.00000001        0.00000003
     4417.        0.07184322       -0.03484407        0.07984709       -0.00000003        0.00000001        0.00000003
     4418.        0.07201400       -0.03546215        0.08027192       -0.00000003        0.00000001        0.00000003
     4419.        0.07217355       -0.03608147        0.08069011       -0.00000003        0.00000001        0.00000003
     4420.        0.07232178       -0.03670126        0.08110131       -0.00000003        0.00000001        0.00000003
     4421.        0.07245942       -0.03732096        0.08150597       -0.00000003        0.00000001        0.00000003
     4422.        0.07258692       -0.03794006        0.08190427       -0.00000003        0.00000001        0.00000003
     4423.        0.07270447       -0.03855825        0.08229629       -0.00000003        0.00000001        0.00000003
     4424.        0.07281306       -0.03917527        0.08268279       -0.00000003        0.00000001        0.00000003
     4425.        0.07291289       -0.03979107        0.08306395       -0.00000003        0.00000002        0.00000003
     4426.        0.07300471       -0.04040539        0.08344030       -0.00000003        0.00000002        0.00000003
     4427.        0.07308873       -0.04101844        0.08381214       -0.00000003        0.00000002        0.00000003
     4428.        0.07316569       -0.04163048        0.08418025       -0.00000003        0.00000002        0.00000003
     4429.        0.07323581       -0.04224147        0.08454482       -0.00000003        0.00000002        0.00000003
     4430.        0.07329907       -0.04285193        0.08490608       -0.00000003        0.00000002        0.00000003
     4431.        0.07335621       -0.04346237        0.08526495       -0.00000003        0.00000002        0.00000003
     4432.        0.07340720       -0.04407276        0.08562141       -0.00000003        0.00000002        0.00000003
     4433.        0.07345202       -0.04468364        0.08597573       -0.00000003        0.00000002        0.00000003
     4434.        0.07349035       -0.04529577        0.08632809       -0.00000003        0.00000002        0.00000003
     4435.        0.07352244       -0.04590916        0.08667872       -0.00000003        0.00000002        0.00000003
     4436.        0.07354771       -0.04652461        0.08702761       -0.00000003        0.00000002        0.00000003
     4437.        0.07356586       -0.04714211        0.08737456       -0.00000003        0.00000002        0.00000003
     4438.        0.07357658       -0.04776246        0.08771981       -0.00000003        0.00000002        0.00000003
     4439.        0.07357956       -0.04838567        0.08806318       -0.00000003        0.00000002        0.00000003
     4440.        0.07357368       -0.04901201        0.08840398       -0.00000003        0.00000002        0.00000003
     4441.        0.07355862       -0.04964148        0.08874203       -0.00000003        0.00000002        0.00000003
     4442.        0.07353353       -0.05027464        0.08907704       -0.00000003        0.00000002        0.00000003
     4443.        0.07349779       -0.05091149        0.08940864       -0.00000003        0.00000002        0.00000003
     4444.        0.07345026       -0.05155175        0.08973586       -0.00000003        0.00000002        0.00000003
     4445.        0.07339034       -0.05219545        0.09005836       -0.00000003        0.00000002        0.00000003
     4446.        0.07331714       -0.05284259        0.09037556       -0.00000003        0.00000002        0.00000003
     4447.        0.07322921       -0.05349289        0.09068630       -0.00000003        0.00000002        0.00000003
     4448.        0.07312592       -0.05414608        0.09099010       -0.00000003        0.00000002        0.00000003
     4449.        0.07300610       -0.05480190        0.09128603       -0.00000003        0.00000002        0.00000003
     4450.        0.07286827       -0.05546007        0.09157295       -0.00000003        0.00000002        0.00000003
     4451.        0.07271123       -0.05612004        0.09184978       -0.00000003        0.00000002        0.00000003
     4452.        0.07253322       -0.05678152        0.09211519       -0.00000003        0.00000002        0.00000003
     4453.        0.07233245       -0.05744423        0.09236787       -0.00000003        0.00000002        0.00000003
     4454.        0.07210659       -0.05810761        0.09260591       -0.00000003        0.00000002        0.00000003
     4455.        0.07185299       -0.05877137        0.09282740       -0.00000003        0.00000002        0.00000003
     4456.        0.07156760       -0.05943550        0.09302956       -0.00000003        0.00000002        0.00000003
     4457.        0.07124492       -0.06009943        0.09320826       -0.00000003        0.00000002        0.00000003
     4458.        0.07087721       -0.06076426        0.09335884       -0.00000003        0.00000002        0.00000003
     4459.        0.07045073       -0.06143054        0.09347201       -0.00000003        0.00000002        0.00000003
     4460.        0.06993903       -0.06210192        0.09353137       -0.00000002        0.00000002        0.00000003
     4461.        0.06927542       -0.06279167        0.09349801       -0.00000002        0.00000002        0.00000003
     4462.        0.06811447       -0.06376741        0.09330522       -0.00000002        0.00000002        0.00000003
     4463.        0.06738052       -0.06310772        0.09231857       -0.00000002        0.00000002        0.00000003
     4464.        0.06770667       -0.06229621        0.09200549       -0.00000002        0.00000002        0.00000003
     4465.        0.06704599       -0.06299874        0.09200003       -0.00000002        0.00000002        0.00000003
     4466.        0.06678317       -0.06256502        0.09151161       -0.00000002        0.00000002        0.00000003
     4467.        0.06715556       -0.06283370        0.09196708       -0.00000002        0.00000002        0.00000003
     4468.        0.06695073       -0.06342484        0.09222316       -0.00000002        0.00000002        0.00000003
     4469.        0.06652176       -0.06368391        0.09209118       -0.00000002        0.00000002        0.00000003
     4470.        0.06626739       -0.06370415        0.09192163       -0.00000002        0.00000002        0.00000003
     4471.        0.06626555       -0.06377101        0.09196665       -0.00000002        0.00000002        0.00000003
     4472.        0.06633273       -0.06404751        0.09220691       -0.00000002        0.00000002        0.00000003
     4473.        0.06628896       -0.06446079        0.09246307       -0.00000002        0.00000002        0.00000003
     4474.        0.06611025       -0.06487015        0.09262128       -0.00000002        0.00000002        0.00000003
     4475.        0.06586148       -0.06519980        0.09267550       -0.00000002        0.00000002        0.00000003
     4476.        0.06561647       -0.06544089        0.09267163       -0.00000002        0.00000002        0.00000003
     4477.        0.06542399       -0.06562515        0.09266584       -0.00000002        0.00000002        0.00000003
     4478.        0.06530035       -0.06579907        0.09270196       -0.00000002        0.00000002        0.00000003
     4479.        0.06523137       -0.06600252        0.09279798       -0.00000002        0.00000002        0.00000003
     4480.        0.06518583       -0.06625579        0.09294634       -0.00000002        0.00000002        0.00000003
     4481.        0.06513170       -0.06655565        0.09312246       -0.00000002        0.00000002        0.00000003
     4482.        0.06504873       -0.06688506        0.09330032       -0.00000002        0.00000002        0.00000003
     4483.        0.06493119       -0.06722159        0.09346017       -0.00000002        0.00000002        0.00000003
     4484.        0.06478449       -0.06754734        0.09359313       -0.00000002        0.00000002        0.00000003
     4485.        0.06461996       -0.06785135        0.09369923       -0.00000002        0.00000002        0.00000003
     4486.        0.06445079       -0.06813026        0.09378505       -0.00000002        0.00000002        0.00000003
     4487.        0.06428818       -0.06838657        0.09385997       -0.00000002        0.00000002        0.00000003
     4488.        0.06414108       -0.06862610        0.09393413       -0.00000002        0.00000002        0.00000003
     4489.        0.06401313       -0.06885736        0.09401605       -0.00000002        0.00000002        0.00000003
     4490.        0.06390503       -0.06908920        0.09411255       -0.00000002        0.00000002        0.00000003
     4491.        0.06381392       -0.06932849        0.09422662       -0.00000002        0.00000002        0.00000003
     4492.        0.06373423       -0.06958033        0.09435822       -0.00000002        0.00000002        0.00000003
     4493.        0.06366034       -0.06984716        0.09450537       -0.00000002        0.00000002        0.00000003
     4494.        0.06358602       -0.07012878        0.09466376       -0.00000002        0.00000002        0.00000003
     4495.        0.06350646       -0.07042256        0.09482830       -0.00000002        0.00000002        0.00000003
     4496.        0.06341804       -0.07072526        0.09499426       -0.00000002        0.00000002        0.00000003
     4497.        0.06331981       -0.07103300        0.09515822       -0.00000002        0.00000002        0.00000003
     4498.        0.06321084       -0.07134190        0.09531672       -0.00000002        0.00000002        0.00000003
     4499.        0.06309286       -0.07164864        0.09546851       -0.00000002        0.00000002        0.00000003
     4500.        0.06296737       -0.07195078        0.09561279       -0.00000002        0.00000002        0.00000003
     4501.        0.06283644       -0.07224679        0.09574976       -0.00000002        0.00000002        0.00000003
     4502.        0.06270278       -0.07253632        0.09588095       -0.00000002        0.00000002        0.00000003
     4503.        0.06256852       -0.07281903        0.09600746       -0.00000002        0.00000002        0.00000003
     4504.        0.06243548       -0.07309642        0.09613155       -0.00000002        0.00000002        0.00000003
     4505.        0.06230520       -0.07336936        0.09625487       -0.00000002        0.00000002        0.00000003
     4506.        0.06217862       -0.07363935        0.09637912       -0.00000002        0.00000002        0.00000003
     4507.        0.06205546       -0.07390822        0.09650547       -0.00000002        0.00000002        0.00000003
     4508.        0.06193604       -0.07417749        0.09663526       -0.00000002        0.00000002        0.00000003
     4509.        0.06181947       -0.07444840        0.09676885       -0.00000002        0.00000002        0.00000003
     4510.        0.06170485       -0.07472217        0.09690661       -0.00000002        0.00000002        0.00000003
     4511.        0.06159095       -0.07499912        0.09704800       -0.00000002        0.00000002        0.00000003
     4512.        0.06147656       -0.07527990        0.09719275       -0.00000002        0.00000002        0.00000003
     4513.        0.06136013       -0.07556420        0.09733968       -0.00000002        0.00000002        0.00000003
     4514.        0.06124072       -0.07585174        0.09748801       -0.00000002        0.00000002        0.00000003
     4515.        0.06111709       -0.07614159        0.09763626       -0.00000002        0.00000002        0.00000003
     4516.        0.06098859       -0.07643345        0.09778385       -0.00000002        0.00000002        0.00000003
     4517.        0.06085460       -0.07672578        0.09792920       -0.00000002        0.00000002        0.00000003
     4518.        0.06071507       -0.07701796        0.09807184       -0.00000002        0.00000002        0.00000003
     4519.        0.06056969       -0.07730872        0.09821061       -0.00000002        0.00000002        0.00000003
     4520.        0.06041873       -0.07759712        0.09834499       -0.00000002        0.00000002        0.00000003
     4521.        0.06026249       -0.07788221        0.09847440       -0.00000002        0.00000002        0.00000003
     4522.        0.06010158       -0.07816303        0.09859848       -0.00000002        0.00000002        0.00000003
     4523.        0.05993661       -0.07843956        0.09871758       -0.00000002        0.00000002        0.00000003
     4524.        0.05976819       -0.07871082        0.09883132       -0.00000002        0.00000002        0.00000003
     4525.        0.05959726       -0.07897647        0.09893997       -0.00000002        0.00000003        0.00000003
     4526.        0.05942413       -0.07923681        0.09904393       -0.00000002        0.00000003        0.00000003
     4527.        0.05925006       -0.07949148        0.09914366       -0.00000002        0.00000003        0.00000003
     4528.        0.05907536       -0.07974077        0.09923956       -0.00000002        0.00000003        0.00000003
     4529.        0.05890068       -0.07998466        0.09933195       -0.00000002        0.00000003        0.00000003
     4530.        0.05872634       -0.08022344        0.09942124       -0.00000002        0.00000003        0.00000003
     4531.        0.05855329       -0.08045803        0.09950871       -0.00000002        0.00000003        0.00000003
     4532.        0.05838125       -0.08068778        0.09959361       -0.00000002        0.00000003        0.00000003
     4533.        0.05821052       -0.08091394        0.09967713       -0.00000002        0.00000003        0.00000003
     4534.        0.05804177       -0.08113681        0.09975986       -0.00000002        0.00000003        0.00000003
     4535.        0.05787469       -0.08135637        0.09984157       -0.00000002        0.00000003        0.00000003
     4536.        0.05770961       -0.08157326        0.09992295       -0.00000002        0.00000003        0.00000003
     4537.        0.05754591       -0.08178745        0.10000359       -0.00000002        0.00000003        0.00000003
     4538.        0.05738392       -0.08199990        0.10008445       -0.00000002        0.00000003        0.00000003
     4539.        0.05722333       -0.08220995        0.10016480       -0.00000002        0.00000003        0.00000003
     4540.        0.05706448       -0.08241857        0.10024558       -0.00000002        0.00000003        0.00000003
     4541.        0.05690673       -0.08262542        0.10032614       -0.00000002        0.00000003        0.00000003
     4542.        0.05674976       -0.08283081        0.10040657       -0.00000002        0.00000003        0.00000003
     4543.        0.05659424       -0.08303475        0.10048720       -0.00000002        0.00000003        0.00000003
     4544.        0.05643920       -0.08323721        0.10056747       -0.00000002        0.00000003        0.00000003
     4545.        0.05628497       -0.08343787        0.10064729       -0.00000002        0.00000003        0.00000003
     4546.        0.05613157       -0.08363738        0.10072718       -0.00000002        0.00000003        0.00000003
     4547.        0.05597867       -0.08383507        0.10080640       -0.00000002        0.00000003        0.00000003
     4548.        0.05582629       -0.08403093        0.10088494       -0.00000002        0.00000003        0.00000003
     4549.        0.05567475       -0.08422528        0.10096324       -0.00000002        0.00000003        0.00000003
     4550.        0.05552373       -0.08441812        0.10104110       -0.00000002        0.00000003        0.00000003
     4551.        0.05537358       -0.08460877        0.10111814       -0.00000002        0.00000003        0.00000003
     4552.        0.05522430       -0.08479757        0.10119462       -0.00000002        0.00000003        0.00000003
     4553.        0.05507557       -0.08498450        0.10127035       -0.00000002        0.00000003        0.00000003
     4554.        0.05492806       -0.08516955        0.10134566       -0.00000002        0.00000003        0.00000003
     4555.        0.05478144       -0.08535304        0.10142064       -0.00000002        0.00000003        0.00000003
     4556.        0.05463639       -0.08553430        0.10149508       -0.00000002        0.00000003        0.00000003
     4557.        0.05449258       -0.08571399        0.10156934       -0.00000002        0.00000003        0.00000003
     4558.        0.05435004       -0.08589210        0.10164339       -0.00000002        0.00000003        0.00000003
     4559.        0.05420909       -0.08606829        0.10171714       -0.00000002        0.00000003        0.00000003
     4560.        0.05407008       -0.08624322        0.10179129       -0.00000002        0.00000003        0.00000003
     4561.        0.05393237       -0.08641687        0.10186548       -0.00000002        0.00000003        0.00000003
     4562.        0.05379695       -0.08658925        0.10194023       -0.00000002        0.00000003        0.00000003
     4563.        0.05366319       -0.08676069        0.10201546       -0.00000002        0.00000003        0.00000003
     4564.        0.05353108       -0.08693151        0.10209144       -0.00000002        0.00000003        0.00000003
     4565.        0.05340131       -0.08710137        0.10216824       -0.00000002        0.00000003        0.00000003
     4566.        0.05327322       -0.08727096        0.10224605       -0.00000002        0.00000003        0.00000003
     4567.        0.05314716       -0.08743991        0.10232478       -0.00000002        0.00000003        0.00000003
     4568.        0.05302281       -0.08760926        0.10240508       -0.00000002        0.00000003        0.00000003
     4569.        0.05290018       -0.08777831        0.10248640       -0.00000002        0.00000003        0.00000003
     4570.        0.05277894       -0.08794776        0.10256912       -0.00000002        0.00000003        0.00000003
     4571.        0.05265977       -0.08811725        0.10265331       -0.00000002        0.00000003        0.00000003
     4572.        0.05254168       -0.08828748        0.10273902       -0.00000002        0.00000003        0.00000003
     4573.        0.05242501       -0.08845843        0.10282643       -0.00000002        0.00000003        0.00000003
     4574.        0.05230943       -0.08863012        0.10291538       -0.00000002        0.00000003        0.00000003
     4575.        0.05219494       -0.08880255        0.10300585       -0.00000002        0.00000003        0.00000003
     4576.        0.05208122       -0.08897607        0.10309798       -0.00000002        0.00000003        0.00000003
     4577.        0.05196827       -0.08915067        0.10319178       -0.00000002        0.00000003        0.00000003
     4578.        0.05185542       -0.08932602        0.10328660       -0.00000002        0.00000003        0.00000003
     4579.        0.05174334       -0.08950247        0.10338310       -0.00000002        0.00000003        0.00000003
     4580.        0.05163103       -0.08968002        0.10348077       -0.00000002        0.00000003        0.00000003
     4581.        0.05151882       -0.08985868        0.10357978       -0.00000001        0.00000003        0.00000003
     4582.        0.05140638       -0.09003845        0.10367998       -0.00000001        0.00000003        0.00000003
     4583.        0.05129335       -0.09021933        0.10378119       -0.00000001        0.00000003        0.00000003
     4584.        0.05117975       -0.09040064        0.10388284       -0.00000001        0.00000003        0.00000003
     4585.        0.05106558       -0.09058343        0.10398582       -0.00000001        0.00000003        0.00000003
     4586.        0.05095082       -0.09076665        0.10408924       -0.00000001        0.00000003        0.00000003
     4587.        0.05083480       -0.09095065        0.10419308       -0.00000001        0.00000003        0.00000003
     4588.        0.05071750       -0.09113509        0.10429703       -0.00000001        0.00000003        0.00000003
     4589.        0.05059928       -0.09131998        0.10440127       -0.00000001        0.00000003        0.00000003
     4590.        0.05047943       -0.09150531        0.10450548       -0.00000001        0.00000003        0.00000003
     4591.        0.05035866       -0.09169074        0.10460969       -0.00000001        0.00000003        0.00000003
     4592.        0.05023590       -0.09187662        0.10471370       -0.00000001        0.00000003        0.00000003
     4593.        0.05011186       -0.09206189        0.10481694       -0.00000001        0.00000003        0.00000003
     4594.        0.04998618       -0.09224726        0.10491985       -0.00000001        0.00000003        0.00000003
     4595.        0.04985921       -0.09243238        0.10502231       -0.00000001        0.00000003        0.00000003
     4596.        0.04973024       -0.09261689        0.10512367       -0.00000001        0.00000003        0.00000003
     4597.        0.04959963       -0.09280044        0.10522378       -0.00000001        0.00000003        0.00000003
     4598.        0.04946771       -0.09298373        0.10532344       -0.00000001        0.00000003        0.00000003
     4599.        0.04933414       -0.09316570        0.10542155       -0.00000001        0.00000003        0.00000003
     4600.        0.04919890       -0.09334705        0.10551873       -0.00000001        0.00000003        0.00000003
     4601.        0.04906200       -0.09352707        0.10561436       -0.00000001        0.00000003        0.00000003
     4602.        0.04892379       -0.09370575        0.10570859       -0.00000001        0.00000003        0.00000003
     4603.        0.04878391       -0.09388309        0.10580125       -0.00000001        0.00000003        0.00000003
     4604.        0.04864270       -0.09405874        0.10589220       -0.00000001        0.00000003        0.00000003
     4605.        0.04850053       -0.09423302        0.10598191       -0.00000001        0.00000003        0.00000003
     4606.        0.04835668       -0.09440560        0.10606972       -0.00000001        0.00000003        0.00000003
     4607.        0.04821222       -0.09457645        0.10615612       -0.00000001        0.00000003        0.00000003
     4608.        0.04806607       -0.09474521        0.10624030       -0.00000001        0.00000003        0.00000003
     4609.        0.04791931       -0.09491224        0.10632306       -0.00000001        0.00000003        0.00000003
     4610.        0.04777192       -0.09507752        0.10640437       -0.00000001        0.00000003        0.00000003
     4611.        0.04762321       -0.09524033        0.10648329       -0.00000001        0.00000003        0.00000003
     4612.        0.04747424       -0.09540138        0.10656090       -0.00000001        0.00000003        0.00000003
     4613.        0.04732466       -0.09555994        0.10663642       -0.00000001        0.00000003        0.00000003
     4614.        0.04717446       -0.09571672        0.10671045       -0.00000001        0.00000003        0.00000003
     4615.        0.04702365       -0.09587100        0.10678236       -0.00000001        0.00000003        0.00000003
     4616.        0.04687294       -0.09602348        0.10685309       -0.00000001        0.00000003        0.00000003
     4617.        0.04672199       -0.09617344        0.10692182       -0.00000001        0.00000003        0.00000003
     4618.        0.04657079       -0.09632123        0.10698887       -0.00000001        0.00000003        0.00000003
     4619.        0.04641971       -0.09646720        0.10705470       -0.00000001        0.00000003        0.00000003
     4620.        0.04626838       -0.09661062        0.10711850       -0.00000001        0.00000003        0.00000003
     4621.        0.04611754       -0.09675183        0.10718090       -0.00000001        0.00000003        0.00000003
     4622.        0.04596719       -0.09689085        0.10724187       -0.00000001        0.00000003        0.00000003
     4623.        0.04581698       -0.09702801        0.10730158       -0.00000001        0.00000003        0.00000003
     4624.        0.04566726       -0.09716295        0.10735985       -0.00000001        0.00000003        0.00000003
     4625.        0.04551769       -0.09729602        0.10741683       -0.00000001        0.00000003        0.00000003
     4626.        0.04536899       -0.09742685        0.10747249       -0.00000001        0.00000003        0.00000003
     4627.        0.04522117       -0.09755544        0.10752682       -0.00000001        0.00000003        0.00000003
     4628.        0.04507387       -0.09768250        0.10758032       -0.00000001        0.00000003        0.00000003
     4629.        0.04492747       -0.09780767        0.10763279       -0.00000001        0.00000003        0.00000003
     4630.        0.04478159       -0.09793057        0.10768374       -0.00000001        0.00000003        0.00000003
     4631.        0.04463699       -0.09805193        0.10773412       -0.00000001        0.00000003        0.00000003
     4632.        0.04449293       -0.09817173        0.10778363       -0.00000001        0.00000003        0.00000003
     4633.        0.04435016       -0.09828962        0.10783221       -0.00000001        0.00000003        0.00000003
     4634.        0.04420869       -0.09840595        0.10788020       -0.00000001        0.00000003        0.00000003
     4635.        0.04406777       -0.09852034        0.10792695       -0.00000001        0.00000003        0.00000003
     4636.        0.04392854       -0.09863353        0.10797356       -0.00000001        0.00000003        0.00000003
     4637.        0.04379024       -0.09874514        0.10801939       -0.00000001        0.00000003        0.00000003
     4638.        0.04365291       -0.09885554        0.10806477       -0.00000001        0.00000003        0.00000003
     4639.        0.04351690       -0.09896436        0.10810950       -0.00000001        0.00000003        0.00000003
     4640.        0.04338222       -0.09907196        0.10815392       -0.00000001        0.00000003        0.00000003
     4641.        0.04324890       -0.09917833        0.10819801       -0.00000001        0.00000003        0.00000003
     4642.        0.04311693       -0.09928348        0.10824176       -0.00000001        0.00000003        0.00000003
     4643.        0.04298594       -0.09938739        0.10828502       -0.00000001        0.00000003        0.00000003
     4644.        0.04285670       -0.09949045        0.10832841       -0.00000001        0.00000003        0.00000003
     4645.        0.04272845       -0.09959226        0.10837130       -0.00000001        0.00000003        0.00000003
     4646.        0.04260197       -0.09969321        0.10841431       -0.00000001        0.00000003        0.00000003
     4647.        0.04247650       -0.09979328        0.10845715       -0.00000001        0.00000003        0.00000003
     4648.        0.04235243       -0.09989249        0.10849994       -0.00000001        0.00000003        0.00000003
     4649.        0.04222976       -0.09999082        0.10854270       -0.00000001        0.00000003        0.00000003
     4650.        0.04210851       -0.10008865        0.10858575       -0.00000001        0.00000003        0.00000003
     4651.        0.04198830       -0.10018560        0.10862859       -0.00000001        0.00000003        0.00000003
     4652.        0.04186990       -0.10028204        0.10867188       -0.00000001        0.00000003        0.00000003
     4653.        0.04175255       -0.10037761        0.10871495       -0.00000001        0.00000003        0.00000003
     4654.        0.04163665       -0.10047304        0.10875864       -0.00000001        0.00000003        0.00000003
     4655.        0.04152220       -0.10056759        0.10880227       -0.00000001        0.00000003        0.00000003
     4656.        0.04140921       -0.10066201        0.10884651       -0.00000001        0.00000003        0.00000003
     4657.        0.04129730       -0.10075592        0.10889087       -0.00000001        0.00000003        0.00000003
     4658.        0.04118686       -0.10084970        0.10893585       -0.00000001        0.00000003        0.00000003
     4659.        0.04107752       -0.10094297        0.10898094       -0.00000001        0.00000003        0.00000003
     4660.        0.04096966       -0.10103611        0.10902664       -0.00000001        0.00000003        0.00000003
     4661.        0.04086292       -0.10112912        0.10907281       -0.00000001        0.00000003        0.00000003
     4662.        0.04075730       -0.10122200        0.10911944       -0.00000001        0.00000003        0.00000003
     4663.        0.04065318       -0.10131437        0.10916631       -0.00000001        0.00000003        0.00000003
     4664.        0.04055019       -0.10140700        0.10921400       -0.00000001        0.00000003        0.00000003
     4665.        0.04044833       -0.10149950        0.10926214       -0.00000001        0.00000003        0.00000003
     4666.        0.04034762       -0.10159225        0.10931110       -0.00000001        0.00000003        0.00000003
     4667.        0.04024806       -0.10168488        0.10936051       -0.00000001        0.00000003        0.00000003
     4668.        0.04014927       -0.10177738        0.10941023       -0.00000001        0.00000003        0.00000003
     4669.        0.04005202       -0.10187053        0.10946127       -0.00000001        0.00000003        0.00000003
     4670.        0.03995555       -0.10196317        0.10951225       -0.00000001        0.00000003        0.00000003
     4671.        0.03986025       -0.10205645        0.10956441       -0.00000001        0.00000003        0.00000003
     4672.        0.03976613       -0.10215001        0.10961738       -0.00000001        0.00000003        0.00000003
     4673.        0.03967280       -0.10224344        0.10967065       -0.00000001        0.00000003        0.00000003
     4674.        0.03958028       -0.10233753        0.10972497       -0.00000001        0.00000003        0.00000003
     4675.        0.03948855       -0.10243189        0.10977995       -0.00000001        0.00000003        0.00000003
     4676.        0.03939803       -0.10252653        0.10983576       -0.00000001        0.00000003        0.00000003
     4677.        0.03930832       -0.10262143        0.10989223       -0.00000001        0.00000003        0.00000003
     4678.        0.03921904       -0.10271701        0.10994961       -0.00000001        0.00000003        0.00000003
     4679.        0.03913077       -0.10281286        0.11000774       -0.00000001        0.00000003        0.00000003
     4680.        0.03904318       -0.10290900        0.11006649       -0.00000001        0.00000003        0.00000003
     4681.        0.03895622       -0.10300581        0.11012621       -0.00000001        0.00000003        0.00000003
     4682.        0.03886993       -0.10310290        0.11018657       -0.00000001        0.00000003        0.00000003
     4683.        0.03878422       -0.10320067        0.11024788       -0.00000001        0.00000003        0.00000003
     4684.        0.03869907       -0.10329913        0.11031014       -0.00000001        0.00000003        0.00000003
     4685.        0.03861445       -0.10339787        0.11037299       -0.00000001        0.00000003        0.00000003
     4686.        0.03853028       -0.10349731        0.11043675       -0.00000001        0.00000003        0.00000003
     4687.        0.03844658       -0.10359704        0.11050107       -0.00000001        0.00000003        0.00000003
     4688.        0.03836322       -0.10369747        0.11056627       -0.00000001        0.00000003        0.00000003
     4689.        0.03828024       -0.10379859        0.11063238       -0.00000001        0.00000003        0.00000003
     4690.        0.03819754       -0.10390041        0.11069935       -0.00000001        0.00000003        0.00000003
     4691.        0.03811510       -0.10400253        0.11076682       -0.00000001        0.00000003        0.00000003
     4692.        0.03803290       -0.10410536        0.11083514       -0.00000001        0.00000003        0.00000003
     4693.        0.03795082       -0.10420890        0.11090428       -0.00000001        0.00000003        0.00000003
     4694.        0.03786889       -0.10431315        0.11097426       -0.00000001        0.00000003        0.00000003
     4695.        0.03778709       -0.10441772        0.11104469       -0.00000001        0.00000003        0.00000003
     4696.        0.03770528       -0.10452300        0.11111591       -0.00000001        0.00000003        0.00000003
     4697.        0.03762348       -0.10462860        0.11118754       -0.00000001        0.00000003        0.00000003
     4698.        0.03754161       -0.10473532        0.11126032       -0.00000001        0.00000003        0.00000003
     4699.        0.03745966       -0.10484236        0.11133350       -0.00000001        0.00000003        0.00000003
     4700.        0.03737760       -0.10494974        0.11140705       -0.00000001        0.00000003        0.00000003
     4701.        0.03729534       -0.10505784        0.11148135       -0.00000001        0.00000003        0.00000003
     4702.        0.03721289       -0.10516667        0.11155639       -0.00000001        0.00000003        0.00000003
     4703.        0.03713017       -0.10527584        0.11163177       -0.00000001        0.00000003        0.00000003
     4704.        0.03704714       -0.10538534        0.11170747       -0.00000001        0.00000003        0.00000003
     4705.        0.03696380       -0.10549558        0.11178389       -0.00000001        0.00000003        0.00000003
     4706.        0.03688006       -0.10560615        0.11186062       -0.00000001        0.00000003        0.00000003
     4707.        0.03679589       -0.10571707        0.11193765       -0.00000001        0.00000003        0.00000003
     4708.        0.03671132       -0.10582833        0.11201499       -0.00000001        0.00000003        0.00000003
     4709.        0.03662624       -0.10594034        0.11209299       -0.00000001        0.00000003        0.00000003
     4710.        0.03654064       -0.10605229        0.11217088       -0.00000001        0.00000003        0.00000003
     4711.        0.03645449       -0.10616499        0.11224943       -0.00000001        0.00000003        0.00000003
     4712.        0.03636778       -0.10627763        0.11232787       -0.00000001        0.00000003        0.00000003
     4713.        0.03628047       -0.10639063        0.11240657       -0.00000001        0.00000003        0.00000003
     4714.        0.03619248       -0.10650397        0.11248551       -0.00000001        0.00000003        0.00000003
     4715.        0.03610384       -0.10661767        0.11256471       -0.00000001        0.00000003        0.00000003
     4716.        0.03601452       -0.10673131        0.11264376       -0.00000001        0.00000003        0.00000003
     4717.        0.03592448       -0.10684489        0.11272267       -0.00000001        0.00000003        0.00000003
     4718.        0.03583371       -0.10695883        0.11280180       -0.00000001        0.00000003        0.00000003
     4719.        0.03574216       -0.10707272        0.11288078       -0.00000001        0.00000003        0.00000003
     4720.        0.03564985       -0.10718656        0.11295959       -0.00000001        0.00000003        0.00000003
     4721.        0.03555676       -0.10730034        0.11303825       -0.00000001        0.00000003        0.00000003
     4722.        0.03546286       -0.10741407        0.11311674       -0.00000001        0.00000003        0.00000003
     4723.        0.03536815       -0.10752774        0.11319506       -0.00000001        0.00000003        0.00000003
     4724.        0.03527257       -0.10764095        0.11327280       -0.00000001        0.00000003        0.00000003
     4725.        0.03517617       -0.10775411        0.11335039       -0.00000001        0.00000003        0.00000003
     4726.        0.03507895       -0.10786721        0.11342781       -0.00000001        0.00000003        0.00000003
     4727.        0.03498087       -0.10797984        0.11350466       -0.00000001        0.00000003        0.00000003
     4728.        0.03488196       -0.10809242        0.11358135       -0.00000001        0.00000003        0.00000003
     4729.        0.03478214       -0.10820411        0.11365706       -0.00000001        0.00000003        0.00000003
     4730.        0.03468150       -0.10831575        0.11373262       -0.00000001        0.00000003        0.00000003
     4731.        0.03458002       -0.10842692        0.11380762       -0.00000001        0.00000003        0.00000003
     4732.        0.03447772       -0.10853720        0.11388167       -0.00000001        0.00000003        0.00000003
     4733.        0.03437454       -0.10864741        0.11395556       -0.00000001        0.00000003        0.00000003
     4734.        0.03427052       -0.10875674        0.11402849       -0.00000001        0.00000003        0.00000003
     4735.        0.03416571       -0.10886558        0.11410088       -0.00000001        0.00000003        0.00000003
     4736.        0.03406011       -0.10897353        0.11417233       -0.00000001        0.00000003        0.00000003
     4737.        0.03395371       -0.10908099        0.11424324       -0.00000001        0.00000003        0.00000003
     4738.        0.03384651       -0.10918756        0.11431321       -0.00000001        0.00000003        0.00000003
     4739.        0.03373859       -0.10929321        0.11438225       -0.00000001        0.00000003        0.00000003
     4740.        0.03362992       -0.10939838        0.11445077       -0.00000001        0.00000003        0.00000003
     4741.        0.03352053       -0.10950222        0.11451796       -0.00000001        0.00000003        0.00000003
     4742.        0.03341046       -0.10960557        0.11458464       -0.00000001        0.00000003        0.00000003
     4743.        0.03329971       -0.10970758        0.11465000       -0.00000001        0.00000003        0.00000003
     4744.        0.03318833       -0.10980867        0.11471447       -0.00000001        0.00000003        0.00000003
     4745.        0.03307635       -0.10990884        0.11477804       -0.00000001        0.00000003        0.00000003
     4746.        0.03296378       -0.11000808        0.11484071       -0.00000001        0.00000003        0.00000003
     4747.        0.03285065       -0.11010597        0.11490209       -0.00000001        0.00000003        0.00000003
     4748.        0.03273701       -0.11020293        0.11496260       -0.00000001        0.00000003        0.00000003
     4749.        0.03262286       -0.11029854        0.11502182       -0.00000001        0.00000003        0.00000003
