     4151.        0.00000000        0.00001044        0.00001044       -0.00000000        0.00000000        0.00000000
     4152.        0.00000000        0.00000284        0.00000284       -0.00000000        0.00000000        0.00000000
     4153.        0.00000000        0.00000018        0.00000018       -0.00000000        0.00000000        0.00000000
     4154.        0.00000017       -0.00000000        0.00000017       -0.00000000        0.00000000        0.00000000
     4155.        0.00000264       -0.00000000        0.00000264       -0.00000000        0.00000000        0.00000000
     4156.        0.00000924       -0.00000000        0.00000924       -0.00000000        0.00000000        0.00000000
     4157.        0.00002092       -0.00000001        0.00002092       -0.00000000        0.00000000        0.00000000
     4158.        0.00003829       -0.00000001        0.00003829       -0.00000000        0.00000000        0.00000000
     4159.        0.00006177       -0.00000002        0.00006177       -0.00000000        0.00000000        0.00000000
     4160.        0.00009165       -0.00000003        0.00009165       -0.00000000        0.00000000        0.00000000
     4161.        0.00012810       -0.00000005        0.00012810       -0.00000000        0.00000000        0.00000000
     4162.        0.00017124       -0.00000007        0.00017124       -0.00000000        0.00000000        0.00000000
     4163.        0.00022110       -0.00000011        0.00022110       -0.00000000        0.00000000        0.00000000
     4164.        0.00027769       -0.00000015        0.00027769       -0.00000000        0.00000000        0.00000000
     4165.        0.00034099       -0.00000020        0.00034099       -0.00000000        0.00000000        0.00000000
     4166.        0.00041094       -0.00000027        0.00041094       -0.00000000        0.00000000        0.00000000
     4167.        0.00048744       -0.00000037        0.00048744       -0.00000000        0.00000000        0.00000000
     4168.        0.00057040       -0.00000049        0.00057040       -0.00000000        0.00000000        0.00000000
     4169.        0.00065968       -0.00000064        0.00065968       -0.00000000        0.00000000        0.00000000
     4170.        0.00075515       -0.00000082        0.00075515       -0.00000000        0.00000000        0.00000000
     4171.        0.00085667       -0.00000103        0.00085667       -0.00000000        0.00000000        0.00000000
     4172.        0.00096409       -0.00000126        0.00096409       -0.00000000        0.00000000        0.00000000
     4173.        0.00107727       -0.00000152        0.00107727       -0.00000000        0.00000000        0.00000000
     4174.        0.00119606       -0.00000180        0.00119606       -0.00000000        0.00000000        0.00000000
     4175.        0.00132031       -0.00000214        0.00132031       -0.00000000        0.00000000        0.00000000
     4176.        0.00144984       -0.00000253        0.00144985       -0.00000000        0.00000000        0.00000000
     4177.        0.00158449       -0.00000299        0.00158449       -0.00000000        0.00000000        0.00000000
     4178.        0.00172409       -0.00000353        0.00172409       -0.00000000        0.00000000        0.00000000
     4179.        0.00186846       -0.00000415        0.00186846       -0.00000000        0.00000000        0.00000000
     4180.        0.00201744       -0.00000485        0.00201744       -0.00000000        0.00000000        0.00000000
     4181.        0.00217084       -0.00000563        0.00217085       -0.00000000        0.00000000        0.00000000
     4182.        0.00232853       -0.00000647        0.00232854       -0.00000000        0.00000000        0.00000000
     4183.        0.00249034       -0.00000736        0.00249035       -0.00000000        0.00000000        0.00000000
     4184.        0.00265613       -0.00000830        0.00265614       -0.00000000        0.00000000        0.00000000
     4185.        0.00282576       -0.00000929        0.00282578       -0.00000000        0.00000000        0.00000000
     4186.        0.00299911       -0.00001033        0.00299913       -0.00000000        0.00000000        0.00000000
     4187.        0.00317603       -0.00001145        0.00317605       -0.00000000        0.00000000        0.00000000
     4188.        0.00335640       -0.00001264        0.00335643       -0.00000000        0.00000000        0.00000000
     4189.        0.00354008       -0.00001393        0.00354010       -0.00000000        0.00000000        0.00000000
     4190.        0.00372692       -0.00001533        0.00372695       -0.00000000        0.00000000        0.00000000
     4191.        0.00391679       -0.00001685        0.00391683       -0.00000000        0.00000000        0.00000000
     4192.        0.00410957       -0.00001851        0.00410961       -0.00000000        0.00000000        0.00000000
     4193.        0.00430511       -0.00002030        0.00430515       -0.00000000        0.00000000        0.00000000
     4194.        0.00450327       -0.00002225        0.00450332       -0.00000000        0.00000000        0.00000000
     4195.        0.00470392       -0.00002433        0.00470398       -0.00000000        0.00000000        0.00000000
     4196.        0.00490695       -0.00002656        0.00490702       -0.00000001        0.00000000        0.00000001
     4197.        0.00511222       -0.00002891        0.00511231       -0.00000001        0.00000000        0.00000001
     4198.        0.00531964       -0.00003137        0.00531974       -0.00000001        0.00000000        0.00000001
     4199.        0.00552910       -0.00003394        0.00552921       -0.00000001        0.00000000        0.00000001
     4200.        0.00574050       -0.00003659        0.00574062       -0.00000001        0.00000000        0.00000001
     4201.        0.00595375       -0.00003932        0.00595388       -0.00000001        0.00000000        0.00000001
     4202.        0.00616877       -0.00004213        0.00616892       -0.00000001        0.00000000        0.00000001
     4203.        0.00638550       -0.00004500        0.00638566       -0.00000001        0.00000000        0.00000001
     4204.        0.00660384       -0.00004794        0.00660402       -0.00000001        0.00000000        0.00000001
     4205.        0.00682373       -0.00005096        0.00682392       -0.00000001        0.00000000        0.00000001
     4206.        0.00704512       -0.00005407        0.00704532       -0.00000001        0.00000000        0.00000001
     4207.        0.00726790       -0.00005727        0.00726813       -0.00000001        0.00000000        0.00000001
     4208.        0.00749202       -0.00006059        0.00749227       -0.00000001        0.00000000        0.00000001
     4209.        0.00771741       -0.00006403        0.00771768       -0.00000001        0.00000000        0.00000001
     4210.        0.00794399       -0.00006761        0.00794428       -0.00000001        0.00000000        0.00000001
     4211.        0.00817170       -0.00007135        0.00817201       -0.00000001        0.00000000        0.00000001
     4212.        0.00840044       -0.00007525        0.00840078       -0.00000001        0.00000000        0.00000001
     4213.        0.00863015       -0.00007933        0.00863052       -0.00000001        0.00000000        0.00000001
     4214.        0.00886076       -0.00008359        0.00886116       -0.00000001        0.00000000        0.00000001
     4215.        0.00909219       -0.00008803        0.00909262       -0.00000001        0.00000000        0.00000001
     4216.        0.00932437       -0.00009265        0.00932483       -0.00000001        0.00000000        0.00000001
     4217.        0.00955723       -0.00009746        0.00955773       -0.00000001        0.00000000        0.00000001
     4218.        0.00979071       -0.00010244        0.00979125       -0.00000001        0.00000000        0.00000001
     4219.        0.01002475       -0.00010759        0.01002533       -0.00000001        0.00000000        0.00000001
     4220.        0.01025928       -0.00011290        0.01025990       -0.00000001        0.00000000        0.00000001
     4221.        0.01049425       -0.00011834        0.01049492       -0.00000001        0.00000000        0.00000001
     4222.        0.01072962       -0.00012392        0.01073034       -0.00000001        0.00000000        0.00000001
     4223.        0.01096534       -0.00012962        0.01096611       -0.00000001        0.00000000        0.00000001
     4224.        0.01120138       -0.00013541        0.01120220       -0.00000001        0.00000000        0.00000001
     4225.        0.01143770       -0.00014129        0.01143857       -0.00000001        0.00000000        0.00000001
     4226.        0.01167426       -0.00014725        0.01167519       -0.00000001        0.00000000        0.00000001
     4227.        0.01191106       -0.00015328        0.01191204       -0.00000001        0.00000000        0.00000001
     4228.        0.01214804       -0.00015938        0.01214908       -0.00000001        0.00000000        0.00000001
     4229.        0.01238520       -0.00016553        0.01238631       -0.00000001        0.00000000        0.00000001
     4230.        0.01262253       -0.00017174        0.01262370       -0.00000001        0.00000000        0.00000001
     4231.        0.01285999       -0.00017800        0.01286122       -0.00000001        0.00000000        0.00000001
     4232.        0.01309758       -0.00018434        0.01309888       -0.00000001        0.00000000        0.00000001
     4233.        0.01333528       -0.00019074        0.01333664       -0.00000001        0.00000000        0.00000001
     4234.        0.01357307       -0.00019722        0.01357450       -0.00000001        0.00000000        0.00000001
     4235.        0.01381094       -0.00020380        0.01381245       -0.00000001        0.00000000        0.00000001
     4236.        0.01404878       -0.00021047        0.01405036       -0.00000001        0.00000000        0.00000001
     4237.        0.01428668       -0.00021725        0.01428833       -0.00000001        0.00000000        0.00000001
     4238.        0.01452461       -0.00022416        0.01452634       -0.00000001        0.00000000        0.00000001
     4239.        0.01476255       -0.00023121        0.01476436       -0.00000001        0.00000000        0.00000001
     4240.        0.01500045       -0.00023839        0.01500234       -0.00000001        0.00000000        0.00000001
     4241.        0.01523828       -0.00024574        0.01524026       -0.00000001        0.00000000        0.00000001
     4242.        0.01547589       -0.00025324        0.01547796       -0.00000001        0.00000000        0.00000001
     4243.        0.01571351       -0.00026092        0.01571568       -0.00000001        0.00000000        0.00000001
     4244.        0.01595098       -0.00026877        0.01595324       -0.00000001        0.00000000        0.00000001
     4245.        0.01618827       -0.00027680        0.01619064       -0.00000001        0.00000000        0.00000001
     4246.        0.01642535       -0.00028502        0.01642782       -0.00000001        0.00000000        0.00000001
     4247.        0.01666219       -0.00029341        0.01666477       -0.00000001        0.00000000        0.00000001
     4248.        0.01689876       -0.00030198        0.01690146       -0.00000001        0.00000000        0.00000001
     4249.        0.01713504       -0.00031072        0.01713786       -0.00000001        0.00000000        0.00000001
     4250.        0.01737115       -0.00031963        0.01737409       -0.00000001        0.00000000        0.00000001
     4251.        0.01760690       -0.00032871        0.01760997       -0.00000001        0.00000000        0.00000001
     4252.        0.01784228       -0.00033794        0.01784548       -0.00000001        0.00000000        0.00000001
     4253.        0.01807725       -0.00034731        0.01808058       -0.00000001        0.00000000        0.00000001
     4254.        0.01831194       -0.00035681        0.01831542       -0.00000001        0.00000000        0.00000001
     4255.        0.01854633       -0.00036644        0.01854995       -0.00000001        0.00000000        0.00000001
     4256.        0.01878024       -0.00037618        0.01878400       -0.00000001        0.00000000        0.00000001
     4257.        0.01901379       -0.00038601        0.01901771       -0.00000001        0.00000000        0.00000001
     4258.        0.01924681       -0.00039594        0.01925089       -0.00000001        0.00000000        0.00000001
     4259.        0.01947959       -0.00040594        0.01948382       -0.00000001        0.00000000        0.00000001
     4260.        0.01971194       -0.00041601        0.01971633       -0.00000001        0.00000000        0.00000001
     4261.        0.01994400       -0.00042613        0.01994856       -0.00000001        0.00000000        0.00000001
     4262.        0.02017560       -0.00043630        0.02018031       -0.00000001        0.00000000        0.00000001
     4263.        0.02040670       -0.00044652        0.02041158       -0.00000001        0.00000000        0.00000001
     4264.        0.02063761       -0.00045677        0.02064266       -0.00000001        0.00000000        0.00000001
     4265.        0.02086814       -0.00046705        0.02087337       -0.00000001        0.00000000        0.00000001
     4266.        0.02109812       -0.00047736        0.02110352       -0.00000001        0.00000000        0.00000001
     4267.        0.02132785       -0.00048770        0.02133342       -0.00000001        0.00000000        0.00000001
     4268.        0.02155730       -0.00049807        0.02156306       -0.00000001        0.00000000        0.00000001
     4269.        0.02178647       -0.00050847        0.02179240       -0.00000001        0.00000000        0.00000001
     4270.        0.02201517       -0.00051890        0.02202129       -0.00000001        0.00000000        0.00000001
     4271.        0.02224355       -0.00052938        0.02224985       -0.00000001        0.00000000        0.00000001
     4272.        0.02247175       -0.00053990        0.02247823       -0.00000001        0.00000000        0.00000001
     4273.        0.02269959       -0.00055047        0.02270627       -0.00000001        0.00000000        0.00000001
     4274.        0.02292723       -0.00056110        0.02293410       -0.00000001        0.00000000        0.00000001
     4275.        0.02315449       -0.00057180        0.02316155       -0.00000001        0.00000000        0.00000001
     4276.        0.02338150       -0.00058258        0.02338876       -0.00000001        0.00000000        0.00000001
     4277.        0.02360827       -0.00059344        0.02361573       -0.00000001        0.00000000        0.00000001
     4278.        0.02383460       -0.00060440        0.02384227       -0.00000001        0.00000000        0.00000001
     4279.        0.02406083       -0.00061546        0.02406870       -0.00000001        0.00000000        0.00000001
     4280.        0.02428676       -0.00062663        0.02429484       -0.00000001        0.00000000        0.00000001
     4281.        0.02451256       -0.00063793        0.02452086       -0.00000001        0.00000000        0.00000001
     4282.        0.02473804       -0.00064935        0.02474656       -0.00000001        0.00000000        0.00000001
     4283.        0.02496319       -0.00066091        0.02497193       -0.00000001        0.00000000        0.00000001
     4284.        0.02518816       -0.00067261        0.02519714       -0.00000001        0.00000000        0.00000001
     4285.        0.02541278       -0.00068446        0.02542200       -0.00000001        0.00000000        0.00000001
     4286.        0.02563721       -0.00069647        0.02564666       -0.00000001        0.00000000        0.00000001
     4287.        0.02586142       -0.00070863        0.02587113       -0.00000001        0.00000000        0.00000001
     4288.        0.02608524       -0.00072096        0.02609521       -0.00000001        0.00000000        0.00000001
     4289.        0.02630901       -0.00073345        0.02631924       -0.00000001        0.00000000        0.00000001
     4290.        0.02653236       -0.00074611        0.02654285       -0.00000001        0.00000000        0.00000001
     4291.        0.02675564       -0.00075894        0.02676640       -0.00000001        0.00000000        0.00000001
     4292.        0.02697848       -0.00077194        0.02698952       -0.00000002        0.00000000        0.00000002
     4293.        0.02720122       -0.00078510        0.02721255       -0.00000002        0.00000000        0.00000002
     4294.        0.02742350       -0.00079842        0.02743512       -0.00000002        0.00000000        0.00000002
     4295.        0.02764566       -0.00081191        0.02765758       -0.00000002        0.00000000        0.00000002
     4296.        0.02786770       -0.00082556        0.02787992       -0.00000002        0.00000000        0.00000002
     4297.        0.02808942       -0.00083936        0.02810196       -0.00000002        0.00000000        0.00000002
     4298.        0.02831082       -0.00085332        0.02832368       -0.00000002        0.00000000        0.00000002
     4299.        0.02853207       -0.00086744        0.02854526       -0.00000002        0.00000000        0.00000002
     4300.        0.02875316       -0.00088170        0.02876668       -0.00000002        0.00000000        0.00000002
     4301.        0.02897390       -0.00089609        0.02898775       -0.00000002        0.00000000        0.00000002
     4302.        0.02919464       -0.00091062        0.02920884       -0.00000002        0.00000000        0.00000002
     4303.        0.02941501       -0.00092530        0.02942956       -0.00000002        0.00000000        0.00000002
     4304.        0.02963538       -0.00094011        0.02965028       -0.00000002        0.00000000        0.00000002
     4305.        0.02985535       -0.00095501        0.02987062       -0.00000002        0.00000000        0.00000002
     4306.        0.03007531       -0.00097000        0.03009094       -0.00000002        0.00000000        0.00000002
     4307.        0.03029523       -0.00098510        0.03031124       -0.00000002        0.00000000        0.00000002
     4308.        0.03051512       -0.00100032        0.03053152       -0.00000002        0.00000000        0.00000002
     4309.        0.03073478       -0.00101566        0.03075156       -0.00000002        0.00000000        0.00000002
     4310.        0.03095440       -0.00103110        0.03097157       -0.00000002        0.00000000        0.00000002
     4311.        0.03117396       -0.00104662        0.03119152       -0.00000002        0.00000000        0.00000002
     4312.        0.03139346       -0.00106220        0.03141142       -0.00000002        0.00000000        0.00000002
     4313.        0.03161289       -0.00107783        0.03163126       -0.00000002        0.00000000        0.00000002
     4314.        0.03183245       -0.00109351        0.03185123       -0.00000002        0.00000000        0.00000002
     4315.        0.03205232       -0.00110925        0.03207151       -0.00000002        0.00000000        0.00000002
     4316.        0.03227211       -0.00112508        0.03229172       -0.00000002        0.00000000        0.00000002
     4317.        0.03249222       -0.00114101        0.03251224       -0.00000002        0.00000000        0.00000002
     4318.        0.03271243       -0.00115703        0.03273288       -0.00000002        0.00000000        0.00000002
     4319.        0.03293294       -0.00117315        0.03295383       -0.00000002        0.00000000        0.00000002
     4320.        0.03315395       -0.00118937        0.03317528       -0.00000002        0.00000000        0.00000002
     4321.        0.03337526       -0.00120571        0.03339704       -0.00000002        0.00000000        0.00000002
     4322.        0.03359708       -0.00122239        0.03361931       -0.00000002        0.00000000        0.00000002
     4323.        0.03381959       -0.00123923        0.03384228       -0.00000002        0.00000000        0.00000002
     4324.        0.03404240       -0.00125698        0.03406559       -0.00000002        0.00000000        0.00000002
     4325.        0.03426530       -0.00127459        0.03428900       -0.00000002        0.00000000        0.00000002
     4326.        0.03448951       -0.00129242        0.03451372       -0.00000002        0.00000000        0.00000002
     4327.        0.03471463       -0.00131145        0.03473939       -0.00000002        0.00000000        0.00000002
     4328.        0.03493964       -0.00133178        0.03496501       -0.00000002        0.00000000        0.00000002
     4329.        0.03516433       -0.00135243        0.03519033       -0.00000002        0.00000000        0.00000002
     4330.        0.03538931       -0.00137273        0.03541592       -0.00000002        0.00000000        0.00000002
     4331.        0.03561581       -0.00139328        0.03564305       -0.00000002        0.00000000        0.00000002
     4332.        0.03584364       -0.00141497        0.03587156       -0.00000002        0.00000000        0.00000002
     4333.        0.03607218       -0.00143834        0.03610085       -0.00000002        0.00000000        0.00000002
     4334.        0.03630082       -0.00146348        0.03633030       -0.00000002        0.00000000        0.00000002
     4335.        0.03652912       -0.00149000        0.03655949       -0.00000002        0.00000000        0.00000002
     4336.        0.03675666       -0.00151717        0.03678796       -0.00000002        0.00000000        0.00000002
     4337.        0.03698407       -0.00154433        0.03701630       -0.00000002        0.00000000        0.00000002
     4338.        0.03721196       -0.00157134        0.03724513       -0.00000002        0.00000000        0.00000002
     4339.        0.03744098       -0.00159860        0.03747509       -0.00000002        0.00000000        0.00000002
     4340.        0.03767133       -0.00162672        0.03770643       -0.00000002        0.00000000        0.00000002
     4341.        0.03790302       -0.00165631        0.03793920       -0.00000002        0.00000000        0.00000002
     4342.        0.03813565       -0.00168777        0.03817298       -0.00000002        0.00000000        0.00000002
     4343.        0.03836877       -0.00172134        0.03840737       -0.00000002        0.00000000        0.00000002
     4344.        0.03860176       -0.00175698        0.03864172       -0.00000002        0.00000000        0.00000002
     4345.        0.03883417       -0.00179446        0.03887561       -0.00000002        0.00000000        0.00000002
     4346.        0.03906578       -0.00183336        0.03910878       -0.00000002        0.00000000        0.00000002
     4347.        0.03929658       -0.00187319        0.03934120       -0.00000002        0.00000000        0.00000002
     4348.        0.03952700       -0.00191349        0.03957328       -0.00000002        0.00000000        0.00000002
     4349.        0.03975701       -0.00195401        0.03980500       -0.00000002        0.00000000        0.00000002
     4350.        0.03998728       -0.00199471        0.04003700       -0.00000002        0.00000000        0.00000002
     4351.        0.04021845       -0.00203580        0.04026994       -0.00000002        0.00000000        0.00000002
     4352.        0.04045075       -0.00207762        0.04050407       -0.00000002        0.00000000        0.00000002
     4353.        0.04068396       -0.00212061        0.04073918       -0.00000002        0.00000000        0.00000002
     4354.        0.04091830       -0.00216518        0.04097555       -0.00000002        0.00000000        0.00000002
     4355.        0.04115357       -0.00221171        0.04121296       -0.00000002        0.00000000        0.00000002
     4356.        0.04138932       -0.00226047        0.04145100       -0.00000002        0.00000000        0.00000002
     4357.        0.04162555       -0.00231166        0.04168969       -0.00000002        0.00000000        0.00000002
     4358.        0.04186159       -0.00236526        0.04192836       -0.00000002        0.00000000        0.00000002
     4359.        0.04209700       -0.00242124        0.04216657       -0.00000002        0.00000000        0.00000002
     4360.        0.04233153       -0.00247943        0.04240408       -0.00000002        0.00000000        0.00000002
     4361.        0.04256518       -0.00253950        0.04264087       -0.00000002        0.00000000        0.00000002
     4362.        0.04279748       -0.00260116        0.04287646       -0.00000002        0.00000000        0.00000002
     4363.        0.04302842       -0.00266406        0.04311082       -0.00000002        0.00000000        0.00000002
     4364.        0.04325822       -0.00272783        0.04334414       -0.00000002        0.00000000        0.00000002
     4365.        0.04348731       -0.00279220        0.04357686       -0.00000002        0.00000000        0.00000002
     4366.        0.04371546       -0.00285699        0.04380872       -0.00000002        0.00000000        0.00000002
     4367.        0.04394334       -0.00292209        0.04404038       -0.00000002        0.00000000        0.00000002
     4368.        0.04417094       -0.00298755        0.04427186       -0.00000002        0.00000000        0.00000002
     4369.        0.04439895       -0.00305349        0.04450383       -0.00000002        0.00000000        0.00000002
     4370.        0.04462761       -0.00312008        0.04473654       -0.00000002        0.00000000        0.00000002
     4371.        0.04485667       -0.00318762        0.04496979       -0.00000002        0.00000000        0.00000002
     4372.        0.04508638       -0.00325635        0.04520382       -0.00000002        0.00000000        0.00000002
     4373.        0.04531673       -0.00332661        0.04543866       -0.00000002        0.00000000        0.00000002
     4374.        0.04554772       -0.00339865        0.04567435       -0.00000002        0.00000000        0.00000002
     4375.        0.04577937       -0.00347272        0.04591090       -0.00000002        0.00000000        0.00000002
     4376.        0.04601096       -0.00354900        0.04614763       -0.00000002        0.00000000        0.00000002
     4377.        0.04624273       -0.00362766        0.04638481       -0.00000002        0.00000000        0.00000002
     4378.        0.04647421       -0.00370876        0.04662196       -0.00000002        0.00000000        0.00000002
     4379.        0.04670516       -0.00379231        0.04685887       -0.00000002        0.00000000        0.00000002
     4380.        0.04693533       -0.00387828        0.04709529       -0.00000002        0.00000000        0.00000002
     4381.        0.04716425       -0.00396658        0.04733075       -0.00000002        0.00000000        0.00000002
     4382.        0.04739213       -0.00405703        0.04756546       -0.00000002        0.00000000        0.00000002
     4383.        0.04761849       -0.00414947        0.04779894       -0.00000002        0.00000000        0.00000002
     4384.        0.04784308       -0.00424363        0.04803092       -0.00000002        0.00000000        0.00000002
     4385.        0.04806636       -0.00433932        0.04826184       -0.00000002        0.00000000        0.00000002
     4386.        0.04828760       -0.00443623        0.04849096       -0.00000002        0.00000000        0.00000002
     4387.        0.04850751       -0.00453412        0.04871896       -0.00000002        0.00000000        0.00000002
     4388.        0.04872558       -0.00463280        0.04894533       -0.00000002        0.00000000        0.00000002
     4389.        0.04894229       -0.00473204        0.04917052       -0.00000002        0.00000000        0.00000002
     4390.        0.04915787       -0.00483169        0.04939475       -0.00000002        0.00000000        0.00000002
     4391.        0.04937255       -0.00493165        0.04961824       -0.00000002        0.00000000        0.00000002
     4392.        0.04958631       -0.00503185        0.04984097       -0.00000002        0.00000000        0.00000002
     4393.        0.04979941       -0.00513232        0.05006318       -0.00000002        0.00000000        0.00000002
     4394.        0.05001231       -0.00523306        0.05028534       -0.00000002        0.00000000        0.00000002
     4395.        0.05022477       -0.00533421        0.05050724       -0.00000002        0.00000000        0.00000002
     4396.        0.05043752       -0.00543586        0.05072959       -0.00000002        0.00000000        0.00000002
     4397.        0.05065007       -0.00553819        0.05095195       -0.00000002        0.00000000        0.00000002
     4398.        0.05086315       -0.00564136        0.05117505       -0.00000002        0.00000000        0.00000002
     4399.        0.05107628       -0.00574558        0.05139843       -0.00000002        0.00000000        0.00000002
     4400.        0.05128970       -0.00585103        0.05162236       -0.00000002        0.00000000        0.00000002
     4401.        0.05150341       -0.00595790        0.05184687       -0.00000002        0.00000000        0.00000002
     4402.        0.05171716       -0.00606641        0.05207174       -0.00000002        0.00000000        0.00000002
     4403.        0.05193120       -0.00617669        0.05229724       -0.00000002        0.00000000        0.00000002
     4404.        0.05214503       -0.00628889        0.05252289       -0.00000002        0.00000000        0.00000002
     4405.        0.05235864       -0.00640313        0.05274872       -0.00000002        0.00000000        0.00000002
     4406.        0.05257204       -0.00651951        0.05297475       -0.00000002        0.00000000        0.00000002
     4407.        0.05278472       -0.00663805        0.05320047       -0.00000002        0.00000000        0.00000002
     4408.        0.05299666       -0.00675884        0.05342591       -0.00000002        0.00000000        0.00000002
     4409.        0.05320787       -0.00688185        0.05365107       -0.00000002        0.00000000        0.00000002
     4410.        0.05341783       -0.00700703        0.05387544       -0.00000002        0.00000000        0.00000002
     4411.        0.05362678       -0.00713434        0.05409927       -0.00000002        0.00000000        0.00000002
     4412.        0.05383396       -0.00726367        0.05432178       -0.00000002        0.00000000        0.00000002
     4413.        0.05403986       -0.00739495        0.05454348       -0.00000002        0.00000000        0.00000002
     4414.        0.05424395       -0.00752803        0.05476383       -0.00000002        0.00000000        0.00000002
     4415.        0.05444623       -0.00766275        0.05498281       -0.00000002        0.00000000        0.00000002
     4416.        0.05464667       -0.00779893        0.05520038       -0.00000002        0.00000000        0.00000002
     4417.        0.05484502       -0.00793647        0.05541628       -0.00000002        0.00000000        0.00000002
     4418.        0.05504178       -0.00807513        0.05563097       -0.00000002        0.00000000        0.00000002
     4419.        0.05523614       -0.00821474        0.05584365       -0.00000002        0.00000000        0.00000002
     4420.        0.05542888       -0.00835519        0.05605507       -0.00000002        0.00000000        0.00000002
     4421.        0.05561973       -0.00849627        0.05626492       -0.00000002        0.00000000        0.00000002
     4422.        0.05580893       -0.00863785        0.05647344       -0.00000002        0.00000000        0.00000002
     4423.        0.05599647       -0.00877982        0.05668059       -0.00000002        0.00000000        0.00000002
     4424.        0.05618234       -0.00892209        0.05688636       -0.00000002        0.00000000        0.00000002
     4425.        0.05636678       -0.00906452        0.05709098       -0.00000002        0.00000000        0.00000002
     4426.        0.05654980       -0.00920712        0.05729442       -0.00000002        0.00000000        0.00000002
     4427.        0.05673190       -0.00934980        0.05749720       -0.00000002        0.00000000        0.00000002
     4428.        0.05691309       -0.00949259        0.05769930       -0.00000002        0.00000000        0.00000002
     4429.        0.05709335       -0.00963550        0.05790072       -0.00000002        0.00000000        0.00000002
     4430.        0.05727294       -0.00977855        0.05810172       -0.00000002        0.00000000        0.00000002
     4431.        0.05745186       -0.00992179        0.05830230       -0.00000002        0.00000000        0.00000002
     4432.        0.05763036       -0.01006532        0.05850273       -0.00000002        0.00000000        0.00000002
     4433.        0.05780846       -0.01020920        0.05870303       -0.00000002        0.00000000        0.00000002
     4434.        0.05798614       -0.01035355        0.05890321       -0.00000002        0.00000000        0.00000002
     4435.        0.05816366       -0.01049852        0.05910356       -0.00000002        0.00000000        0.00000002
     4436.        0.05834104       -0.01064416        0.05930409       -0.00000002        0.00000000        0.00000002
     4437.        0.05851825       -0.01079065        0.05950482       -0.00000002        0.00000000        0.00000002
     4438.        0.05869532       -0.01093808        0.05970579       -0.00000002        0.00000000        0.00000002
     4439.        0.05887195       -0.01108657        0.05990675       -0.00000002        0.00000000        0.00000002
     4440.        0.05904843       -0.01123625        0.06010799       -0.00000002        0.00000000        0.00000002
     4441.        0.05922475       -0.01138727        0.06030954       -0.00000002        0.00000000        0.00000002
     4442.        0.05940063       -0.01153966        0.06051115       -0.00000002        0.00000000        0.00000002
     4443.        0.05957636       -0.01169358        0.06071311       -0.00000002        0.00000000        0.00000002
     4444.        0.05975110       -0.01184907        0.06091464       -0.00000002        0.00000000        0.00000002
     4445.        0.05992566       -0.01200618        0.06111656       -0.00000002        0.00000000        0.00000002
     4446.        0.06009924       -0.01216501        0.06131808       -0.00000002        0.00000000        0.00000002
     4447.        0.06027183       -0.01232556        0.06151920       -0.00000002        0.00000000        0.00000002
     4448.        0.06044368       -0.01248787        0.06172022       -0.00000002        0.00000000        0.00000002
     4449.        0.06061452       -0.01265194        0.06192085       -0.00000002        0.00000000        0.00000002
     4450.        0.06078380       -0.01281778        0.06212058       -0.00000002        0.00000000        0.00000002
     4451.        0.06095206       -0.01298534        0.06231992       -0.00000002        0.00000000        0.00000002
     4452.        0.06111873       -0.01315460        0.06251834       -0.00000002        0.00000000        0.00000002
     4453.        0.06128381       -0.01332549        0.06271582       -0.00000002        0.00000000        0.00000002
     4454.        0.06144701       -0.01349797        0.06291209       -0.00000002        0.00000000        0.00000002
     4455.        0.06160860       -0.01367193        0.06310738       -0.00000002        0.00000000        0.00000002
     4456.        0.06176858       -0.01384732        0.06330170       -0.00000002        0.00000000        0.00000002
     4457.        0.06192636       -0.01402400        0.06349446       -0.00000002        0.00000001        0.00000002
     4458.        0.06208194       -0.01420191        0.06368564       -0.00000002        0.00000001        0.00000002
     4459.        0.06223586       -0.01438091        0.06387576       -0.00000002        0.00000001        0.00000002
     4460.        0.06238728       -0.01456088        0.06406397       -0.00000002        0.00000001        0.00000002
     4461.        0.06253675       -0.01474173        0.06425079       -0.00000002        0.00000001        0.00000002
     4462.        0.06268425       -0.01492332        0.06443617       -0.00000002        0.00000001        0.00000002
     4463.        0.06282948       -0.01510551        0.06461981       -0.00000002        0.00000001        0.00000002
     4464.        0.06297245       -0.01528827        0.06480170       -0.00000002        0.00000001        0.00000002
     4465.        0.06311369       -0.01547151        0.06498235       -0.00000002        0.00000001        0.00000002
     4466.        0.06325264       -0.01565516        0.06516119       -0.00000002        0.00000001        0.00000002
     4467.        0.06338929       -0.01583880        0.06533811       -0.00000002        0.00000001        0.00000002
     4468.        0.06352446       -0.01602266        0.06551399       -0.00000002        0.00000001        0.00000002
     4469.        0.06365731       -0.01620678        0.06568800       -0.00000002        0.00000001        0.00000002
     4470.        0.06378811       -0.01639088        0.06586033       -0.00000002        0.00000001        0.00000002
     4471.        0.06391712       -0.01657455        0.06603116       -0.00000002        0.00000001        0.00000002
     4472.        0.06404463       -0.01675780        0.06620075       -0.00000002        0.00000001        0.00000002
     4473.        0.06417064       -0.01694086        0.06636915       -0.00000002        0.00000001        0.00000002
     4474.        0.06429513       -0.01712382        0.06653638       -0.00000002        0.00000001        0.00000002
     4475.        0.06441810       -0.01730669        0.06670242       -0.00000002        0.00000001        0.00000002
     4476.        0.06453954       -0.01748927        0.06686723       -0.00000002        0.00000001        0.00000002
     4477.        0.06465915       -0.01767134        0.06703045       -0.00000002        0.00000001        0.00000002
     4478.        0.06477779       -0.01785271        0.06719287       -0.00000002        0.00000001        0.00000002
     4479.        0.06489547       -0.01803341        0.06735448       -0.00000002        0.00000001        0.00000002
     4480.        0.06501217       -0.01821357        0.06751531       -0.00000002        0.00000001        0.00000002
     4481.        0.06512849       -0.01839342        0.06767598       -0.00000002        0.00000001        0.00000002
     4482.        0.06524411       -0.01857317        0.06783625       -0.00000002        0.00000001        0.00000002
     4483.        0.06535905       -0.01875286        0.06799614       -0.00000002        0.00000001        0.00000002
     4484.        0.06547329       -0.01893255        0.06815566       -0.00000002        0.00000001        0.00000002
     4485.        0.06558655       -0.01911227        0.06831452       -0.00000002        0.00000001        0.00000002
     4486.        0.06569911       -0.01929189        0.06847299       -0.00000002        0.00000001        0.00000002
     4487.        0.06581097       -0.01947142        0.06863104       -0.00000002        0.00000001        0.00000002
     4488.        0.06592212       -0.01965079        0.06878866       -0.00000002        0.00000001        0.00000002
     4489.        0.06603287       -0.01983000        0.06894613       -0.00000002        0.00000001        0.00000002
     4490.        0.06614321       -0.02000913        0.06910347       -0.00000002        0.00000001        0.00000002
     4491.        0.06625343       -0.02018833        0.06926100       -0.00000002        0.00000001        0.00000002
     4492.        0.06636324       -0.02036771        0.06941847       -0.00000002        0.00000001        0.00000002
     4493.        0.06647294       -0.02054751        0.06957623       -0.00000002        0.00000001        0.00000002
     4494.        0.06658253       -0.02072788        0.06973434       -0.00000002        0.00000001        0.00000002
     4495.        0.06669170       -0.02090894        0.06989254       -0.00000002        0.00000001        0.00000002
     4496.        0.06680046       -0.02109082        0.07005087       -0.00000002        0.00000001        0.00000002
     4497.        0.06690851       -0.02127356        0.07020907       -0.00000002        0.00000001        0.00000002
     4498.        0.06701614       -0.02145718        0.07036742       -0.00000002        0.00000001        0.00000002
     4499.        0.06712305       -0.02164170        0.07052565       -0.00000002        0.00000001        0.00000002
     4500.        0.06722894       -0.02182713        0.07068348       -0.00000002        0.00000001        0.00000002
     4501.        0.06733410       -0.02201341        0.07084117       -0.00000002        0.00000001        0.00000002
     4502.        0.06743824       -0.02220048        0.07099843       -0.00000002        0.00000001        0.00000002
     4503.        0.06754133       -0.02238834        0.07115525       -0.00000002        0.00000001        0.00000002
     4504.        0.06764339       -0.02257694        0.07131161       -0.00000002        0.00000001        0.00000002
     4505.        0.06774440       -0.02276629        0.07146753       -0.00000002        0.00000001        0.00000002
     4506.        0.06784436       -0.02295635        0.07162298       -0.00000002        0.00000001        0.00000002
     4507.        0.06794328       -0.02314714        0.07177798       -0.00000002        0.00000001        0.00000002
     4508.        0.06804113       -0.02333872        0.07193255       -0.00000002        0.00000001        0.00000002
     4509.        0.06813793       -0.02353111        0.07208668       -0.00000002        0.00000001        0.00000002
     4510.        0.06823366       -0.02372435        0.07224041       -0.00000002        0.00000001        0.00000002
     4511.        0.06832832       -0.02391845        0.07239373       -0.00000002        0.00000001        0.00000002
     4512.        0.06842160       -0.02411345        0.07254635       -0.00000002        0.00000001        0.00000002
     4513.        0.06851318       -0.02430935        0.07269801       -0.00000002        0.00000001        0.00000002
     4514.        0.06860368       -0.02450611        0.07284926       -0.00000002        0.00000001        0.00000002
     4515.        0.06869247       -0.02470376        0.07299953       -0.00000002        0.00000001        0.00000002
     4516.        0.06877985       -0.02490220        0.07314908       -0.00000002        0.00000001        0.00000002
     4517.        0.06886520       -0.02510138        0.07329731       -0.00000002        0.00000001        0.00000002
     4518.        0.06894882       -0.02530124        0.07344449       -0.00000002        0.00000001        0.00000002
     4519.        0.06903070       -0.02550170        0.07359059       -0.00000002        0.00000001        0.00000002
     4520.        0.06911053       -0.02570262        0.07373527       -0.00000002        0.00000001        0.00000002
     4521.        0.06918828       -0.02590391        0.07387849       -0.00000002        0.00000001        0.00000002
     4522.        0.06926428       -0.02610548        0.07402051       -0.00000002        0.00000001        0.00000002
     4523.        0.06933819       -0.02630720        0.07416100       -0.00000002        0.00000001        0.00000002
     4524.        0.06941001       -0.02650894        0.07429989       -0.00000002        0.00000001        0.00000002
     4525.        0.06947973       -0.02671067        0.07443717       -0.00000002        0.00000001        0.00000002
     4526.        0.06954766       -0.02691219        0.07457307       -0.00000002        0.00000001        0.00000002
     4527.        0.06961378       -0.02711350        0.07470757       -0.00000002        0.00000001        0.00000002
     4528.        0.06967778       -0.02731445        0.07484031       -0.00000002        0.00000001        0.00000002
     4529.        0.06973996       -0.02751498        0.07497157       -0.00000002        0.00000001        0.00000002
     4530.        0.06980064       -0.02771508        0.07510163       -0.00000002        0.00000001        0.00000002
     4531.        0.06985949       -0.02791462        0.07523014       -0.00000002        0.00000001        0.00000002
     4532.        0.06991650       -0.02811359        0.07535709       -0.00000002        0.00000001        0.00000002
     4533.        0.06997231       -0.02831194        0.07548304       -0.00000002        0.00000001        0.00000002
     4534.        0.07002627       -0.02850966        0.07560740       -0.00000002        0.00000001        0.00000002
     4535.        0.07007901       -0.02870673        0.07573073       -0.00000002        0.00000001        0.00000002
     4536.        0.07013054       -0.02890309        0.07585302       -0.00000002        0.00000001        0.00000002
     4537.        0.07018052       -0.02909875        0.07597396       -0.00000002        0.00000001        0.00000002
     4538.        0.07022895       -0.02929370        0.07609353       -0.00000002        0.00000001        0.00000002
     4539.        0.07027646       -0.02948790        0.07621232       -0.00000002        0.00000001        0.00000002
     4540.        0.07032275       -0.02968137        0.07633002       -0.00000002        0.00000001        0.00000002
     4541.        0.07036779       -0.02987409        0.07644663       -0.00000002        0.00000001        0.00000002
     4542.        0.07041159       -0.03006601        0.07656211       -0.00000002        0.00000001        0.00000002
     4543.        0.07045446       -0.03025718        0.07667678       -0.00000002        0.00000001        0.00000002
     4544.        0.07049641       -0.03044755        0.07679061       -0.00000002        0.00000001        0.00000002
     4545.        0.07053743       -0.03063710        0.07690358       -0.00000002        0.00000001        0.00000002
     4546.        0.07057719       -0.03082586        0.07701541       -0.00000002        0.00000001        0.00000002
     4547.        0.07061635       -0.03101379        0.07712667       -0.00000002        0.00000001        0.00000002
     4548.        0.07065456       -0.03120088        0.07723705       -0.00000002        0.00000001        0.00000002
     4549.        0.07069217       -0.03138714        0.07734685       -0.00000002        0.00000001        0.00000002
     4550.        0.07072883       -0.03157258        0.07745577       -0.00000002        0.00000001        0.00000002
     4551.        0.07076489       -0.03175720        0.07756409       -0.00000002        0.00000001        0.00000002
     4552.        0.07080032       -0.03194099        0.07767183       -0.00000002        0.00000001        0.00000002
     4553.        0.07083514       -0.03212399        0.07777897       -0.00000002        0.00000001        0.00000002
     4554.        0.07086934       -0.03230618        0.07788551       -0.00000002        0.00000001        0.00000002
     4555.        0.07090326       -0.03248756        0.07799175       -0.00000002        0.00000001        0.00000002
     4556.        0.07093655       -0.03266823        0.07809743       -0.00000002        0.00000001        0.00000002
     4557.        0.07096956       -0.03284814        0.07820281       -0.00000002        0.00000001        0.00000002
     4558.        0.07100229       -0.03302736        0.07830792       -0.00000002        0.00000001        0.00000002
     4559.        0.07103472       -0.03320591        0.07841278       -0.00000002        0.00000001        0.00000002
     4560.        0.07106720       -0.03338376        0.07851766       -0.00000002        0.00000001        0.00000002
     4561.        0.07109940       -0.03356114        0.07862235       -0.00000002        0.00000001        0.00000002
     4562.        0.07113131       -0.03373820        0.07872693       -0.00000002        0.00000001        0.00000002
     4563.        0.07116328       -0.03391428        0.07883141       -0.00000002        0.00000001        0.00000002
     4564.        0.07119496       -0.03409037        0.07893590       -0.00000002        0.00000001        0.00000002
     4565.        0.07122670       -0.03426581        0.07904042       -0.00000002        0.00000001        0.00000002
     4566.        0.07125849       -0.03444126        0.07914526       -0.00000002        0.00000001        0.00000002
     4567.        0.07129001       -0.03461638        0.07924997       -0.00000002        0.00000001        0.00000002
     4568.        0.07132158       -0.03479116        0.07935485       -0.00000002        0.00000001        0.00000002
     4569.        0.07135355       -0.03496595        0.07946035       -0.00000002        0.00000001        0.00000002
     4570.        0.07138491       -0.03514041        0.07956540       -0.00000002        0.00000001        0.00000002
     4571.        0.07141667       -0.03531520        0.07967123       -0.00000002        0.00000001        0.00000002
     4572.        0.07144816       -0.03548999        0.07977706       -0.00000002        0.00000001        0.00000002
     4573.        0.07147972       -0.03566477        0.07988320       -0.00000002        0.00000001        0.00000002
     4574.        0.07151101       -0.03583955        0.07998936       -0.00000002        0.00000001        0.00000002
     4575.        0.07154237       -0.03601501        0.08009613       -0.00000002        0.00000001        0.00000002
     4576.        0.07157345       -0.03619046        0.08020292       -0.00000002        0.00000001        0.00000002
     4577.        0.07160428       -0.03636590        0.08030972       -0.00000002        0.00000001        0.00000002
     4578.        0.07163483       -0.03654201        0.08041684       -0.00000002        0.00000001        0.00000002
     4579.        0.07166546       -0.03671846        0.08052443       -0.00000002        0.00000001        0.00000002
     4580.        0.07169548       -0.03689524        0.08063188       -0.00000002        0.00000001        0.00000002
     4581.        0.07172523       -0.03707270        0.08073967       -0.00000002        0.00000001        0.00000002
     4582.        0.07175437       -0.03725015        0.08084716       -0.00000002        0.00000001        0.00000002
     4583.        0.07178325       -0.03742828        0.08095499       -0.00000002        0.00000001        0.00000002
     4584.        0.07181151       -0.03760674        0.08106270       -0.00000002        0.00000001        0.00000002
     4585.        0.07183917       -0.03778588        0.08117043       -0.00000002        0.00000001        0.00000002
     4586.        0.07186621       -0.03796536        0.08127804       -0.00000002        0.00000001        0.00000002
     4587.        0.07189263       -0.03814552        0.08138569       -0.00000002        0.00000001        0.00000002
     4588.        0.07191809       -0.03832601        0.08149291       -0.00000002        0.00000001        0.00000002
     4589.        0.07194328       -0.03850684        0.08160032       -0.00000002        0.00000001        0.00000002
     4590.        0.07196716       -0.03868800        0.08170700       -0.00000002        0.00000001        0.00000002
     4591.        0.07199041       -0.03886985        0.08181372       -0.00000002        0.00000001        0.00000002
     4592.        0.07201270       -0.03905203        0.08192002       -0.00000002        0.00000001        0.00000002
     4593.        0.07203400       -0.03923455        0.08202590       -0.00000002        0.00000001        0.00000002
     4594.        0.07205469       -0.03941741        0.08213166       -0.00000002        0.00000001        0.00000002
     4595.        0.07207404       -0.03960060        0.08223670       -0.00000002        0.00000001        0.00000002
     4596.        0.07209242       -0.03978412        0.08234132       -0.00000002        0.00000001        0.00000002
     4597.        0.07210945       -0.03996799        0.08244521       -0.00000002        0.00000001        0.00000002
     4598.        0.07212550       -0.04015183        0.08254852       -0.00000002        0.00000001        0.00000002
     4599.        0.07214056       -0.04033601        0.08265140       -0.00000002        0.00000001        0.00000002
     4600.        0.07215462       -0.04052053        0.08275387       -0.00000002        0.00000001        0.00000002
     4601.        0.07216699       -0.04070502        0.08285513       -0.00000002        0.00000001        0.00000002
     4602.        0.07217870       -0.04088949        0.08295611       -0.00000002        0.00000001        0.00000002
     4603.        0.07218871       -0.04107430        0.08305605       -0.00000002        0.00000001        0.00000002
     4604.        0.07219770       -0.04125872        0.08315522       -0.00000002        0.00000001        0.00000002
     4605.        0.07220569       -0.04144312        0.08325380       -0.00000002        0.00000001        0.00000002
     4606.        0.07221196       -0.04162785        0.08335134       -0.00000002        0.00000001        0.00000002
     4607.        0.07221721       -0.04181220        0.08344810       -0.00000002        0.00000001        0.00000002
     4608.        0.07222108       -0.04199615        0.08354377       -0.00000002        0.00000001        0.00000002
     4609.        0.07222393       -0.04218043        0.08363902       -0.00000002        0.00000001        0.00000002
     4610.        0.07222540       -0.04236396        0.08373299       -0.00000002        0.00000001        0.00000002
     4611.        0.07222548       -0.04254746        0.08382605       -0.00000002        0.00000001        0.00000002
     4612.        0.07222453       -0.04273055        0.08391831       -0.00000002        0.00000001        0.00000002
     4613.        0.07222219       -0.04291325        0.08400947       -0.00000002        0.00000001        0.00000002
     4614.        0.07221845       -0.04309590        0.08409971       -0.00000002        0.00000001        0.00000002
     4615.        0.07221366       -0.04327778        0.08418895       -0.00000002        0.00000001        0.00000002
     4616.        0.07220783       -0.04345889        0.08427720       -0.00000002        0.00000001        0.00000002
     4617.        0.07220060       -0.04363995        0.08436452       -0.00000002        0.00000001        0.00000002
     4618.        0.07219231       -0.04382023        0.08445083       -0.00000002        0.00000001        0.00000002
     4619.        0.07218261       -0.04400009        0.08453601       -0.00000002        0.00000001        0.00000002
     4620.        0.07217185       -0.04417917        0.08462018       -0.00000002        0.00000001        0.00000002
     4621.        0.07216003       -0.04435782        0.08470352       -0.00000002        0.00000001        0.00000002
     4622.        0.07214715       -0.04453530        0.08478564       -0.00000002        0.00000001        0.00000002
     4623.        0.07213321       -0.04471236        0.08486692       -0.00000002        0.00000001        0.00000002
     4624.        0.07211783       -0.04488897        0.08494705       -0.00000002        0.00000001        0.00000002
     4625.        0.07210175       -0.04506442        0.08502625       -0.00000002        0.00000001        0.00000002
     4626.        0.07208460       -0.04523905        0.08510441       -0.00000002        0.00000001        0.00000002
     4627.        0.07206637       -0.04541286        0.08518151       -0.00000002        0.00000001        0.00000002
     4628.        0.07204743       -0.04558585        0.08525786       -0.00000002        0.00000001        0.00000002
     4629.        0.07202742       -0.04575802        0.08533314       -0.00000002        0.00000001        0.00000002
     4630.        0.07200669       -0.04592936        0.08540766       -0.00000002        0.00000001        0.00000002
     4631.        0.07198488       -0.04609949        0.08548091       -0.00000002        0.00000001        0.00000002
     4632.        0.07196235       -0.04626878        0.08555338       -0.00000002        0.00000001        0.00000002
     4633.        0.07193910       -0.04643723        0.08562506       -0.00000002        0.00000001        0.00000002
     4634.        0.07191514       -0.04660446        0.08569576       -0.00000002        0.00000001        0.00000002
     4635.        0.07189009       -0.04677084        0.08576535       -0.00000002        0.00000001        0.00000002
     4636.        0.07186468       -0.04693636        0.08583446       -0.00000002        0.00000001        0.00000002
     4637.        0.07183855       -0.04710064        0.08590255       -0.00000002        0.00000001        0.00000002
     4638.        0.07181208       -0.04726368        0.08596994       -0.00000002        0.00000001        0.00000002
     4639.        0.07178487       -0.04742623        0.08603671       -0.00000002        0.00000001        0.00000002
     4640.        0.07175695       -0.04758714        0.08610224       -0.00000002        0.00000001        0.00000002
     4641.        0.07172867       -0.04774755        0.08616746       -0.00000002        0.00000001        0.00000002
     4642.        0.07170004       -0.04790632        0.08623173       -0.00000002        0.00000001        0.00000002
     4643.        0.07167106       -0.04806458        0.08629568       -0.00000002        0.00000001        0.00000002
     4644.        0.07164173       -0.04822156        0.08635888       -0.00000002        0.00000001        0.00000002
     4645.        0.07161167       -0.04837727        0.08642101       -0.00000002        0.00000001        0.00000002
     4646.        0.07158163       -0.04853206        0.08648290       -0.00000002        0.00000001        0.00000002
     4647.        0.07155163       -0.04868595        0.08654454       -0.00000002        0.00000001        0.00000002
     4648.        0.07152089       -0.04883854        0.08660509       -0.00000002        0.00000001        0.00000002
     4649.        0.07149019       -0.04899021        0.08666538       -0.00000002        0.00000001        0.00000002
     4650.        0.07145951       -0.04914095        0.08672540       -0.00000002        0.00000001        0.00000002
     4651.        0.07142849       -0.04929076        0.08678484       -0.00000002        0.00000001        0.00000002
     4652.        0.07139750       -0.04943926        0.08684379       -0.00000002        0.00000001        0.00000002
     4653.        0.07136654       -0.04958720        0.08690267       -0.00000002        0.00000001        0.00000002
     4654.        0.07133562       -0.04973382        0.08696105       -0.00000002        0.00000001        0.00000002
     4655.        0.07130474       -0.04987948        0.08701913       -0.00000002        0.00000001        0.00000002
     4656.        0.07127390       -0.05002458        0.08707713       -0.00000002        0.00000001        0.00000002
     4657.        0.07124309       -0.05016833        0.08713461       -0.00000002        0.00000001        0.00000002
     4658.        0.07121272       -0.05031151        0.08719231       -0.00000002        0.00000001        0.00000002
     4659.        0.07118200       -0.05045372        0.08724938       -0.00000002        0.00000001        0.00000002
     4660.        0.07115172       -0.05059534        0.08730667       -0.00000002        0.00000001        0.00000002
     4661.        0.07112186       -0.05073599        0.08736395       -0.00000002        0.00000001        0.00000002
     4662.        0.07109206       -0.05087566        0.08742090       -0.00000002        0.00000001        0.00000002
     4663.        0.07106270       -0.05101512        0.08747828       -0.00000002        0.00000001        0.00000002
     4664.        0.07103339       -0.05115321        0.08753510       -0.00000002        0.00000001        0.00000002
     4665.        0.07100452       -0.05129108        0.08759233       -0.00000002        0.00000001        0.00000002
     4666.        0.07097610       -0.05142834        0.08764977       -0.00000002        0.00000001        0.00000002
     4667.        0.07094775       -0.05156461        0.08770685       -0.00000002        0.00000001        0.00000002
     4668.        0.07091985       -0.05170065        0.08776435       -0.00000002        0.00000001        0.00000002
     4669.        0.07089240       -0.05183569        0.08782181       -0.00000002        0.00000001        0.00000002
     4670.        0.07086541       -0.05197050        0.08787968       -0.00000002        0.00000001        0.00000002
     4671.        0.07083849       -0.05210507        0.08793765       -0.00000002        0.00000001        0.00000002
     4672.        0.07081242       -0.05223902        0.08799610       -0.00000002        0.00000001        0.00000002
     4673.        0.07078643       -0.05237235        0.08805443       -0.00000002        0.00000001        0.00000002
     4674.        0.07076092       -0.05250543        0.08811315       -0.00000002        0.00000001        0.00000002
     4675.        0.07073587       -0.05263828        0.08817229       -0.00000002        0.00000001        0.00000002
     4676.        0.07071130       -0.05277050        0.08823159       -0.00000002        0.00000001        0.00000002
     4677.        0.07068721       -0.05290286        0.08829153       -0.00000002        0.00000001        0.00000002
     4678.        0.07066360       -0.05303458        0.08835163       -0.00000002        0.00000001        0.00000002
     4679.        0.07064009       -0.05316645        0.08841207       -0.00000002        0.00000001        0.00000002
     4680.        0.07061745       -0.05329768        0.08847297       -0.00000002        0.00000001        0.00000002
     4681.        0.07059492       -0.05342944        0.08853444       -0.00000002        0.00000001        0.00000002
     4682.        0.07057288       -0.05356057        0.08859608       -0.00000002        0.00000001        0.00000002
     4683.        0.07055133       -0.05369183        0.08865835       -0.00000002        0.00000001        0.00000002
     4684.        0.07052989       -0.05382284        0.08872071       -0.00000002        0.00000001        0.00000002
     4685.        0.07050896       -0.05395399        0.08878370       -0.00000002        0.00000001        0.00000002
     4686.        0.07048852       -0.05408529        0.08884734       -0.00000002        0.00000001        0.00000002
     4687.        0.07046821       -0.05421632        0.08891107       -0.00000002        0.00000001        0.00000002
     4688.        0.07044840       -0.05434750        0.08897543       -0.00000002        0.00000001        0.00000002
     4689.        0.07042910       -0.05447882        0.08904044       -0.00000002        0.00000001        0.00000002
     4690.        0.07040993       -0.05461028        0.08910579       -0.00000002        0.00000001        0.00000002
     4691.        0.07039088       -0.05474188        0.08917146       -0.00000002        0.00000001        0.00000002
     4692.        0.07037235       -0.05487362        0.08923778       -0.00000002        0.00000001        0.00000002
     4693.        0.07035394       -0.05500550        0.08930443       -0.00000002        0.00000001        0.00000002
     4694.        0.07033566       -0.05513792        0.08937167       -0.00000002        0.00000001        0.00000002
     4695.        0.07031751       -0.05527008        0.08943900       -0.00000002        0.00000001        0.00000002
     4696.        0.07029990       -0.05540278        0.08950722       -0.00000002        0.00000001        0.00000002
     4697.        0.07028201       -0.05553562        0.08957548       -0.00000002        0.00000001        0.00000002
     4698.        0.07026466       -0.05566900        0.08964463       -0.00000002        0.00000001        0.00000002
     4699.        0.07024705       -0.05580253        0.08971382       -0.00000002        0.00000001        0.00000002
     4700.        0.07022997       -0.05593620        0.08978367       -0.00000002        0.00000001        0.00000002
     4701.        0.07021263       -0.05607041        0.08985379       -0.00000002        0.00000001        0.00000002
     4702.        0.07019503       -0.05620517        0.08992421       -0.00000002        0.00000001        0.00000002
     4703.        0.07017798       -0.05633967        0.08999504       -0.00000002        0.00000001        0.00000002
     4704.        0.07016066       -0.05647512        0.09006641       -0.00000002        0.00000001        0.00000002
     4705.        0.07014309       -0.05661072        0.09013781       -0.00000002        0.00000001        0.00000002
     4706.        0.07012566       -0.05674646        0.09020958       -0.00000002        0.00000001        0.00000002
     4707.        0.07010797       -0.05688275        0.09028164       -0.00000002        0.00000001        0.00000002
     4708.        0.07009043       -0.05701959        0.09035432       -0.00000002        0.00000001        0.00000002
     4709.        0.07007263       -0.05715659        0.09042704       -0.00000002        0.00000001        0.00000002
     4710.        0.07005458       -0.05729413        0.09050006       -0.00000002        0.00000001        0.00000002
     4711.        0.07003627       -0.05743182        0.09057314       -0.00000002        0.00000001        0.00000002
     4712.        0.07001770       -0.05757007        0.09064652       -0.00000002        0.00000001        0.00000002
     4713.        0.06999888       -0.05770847        0.09071996       -0.00000002        0.00000001        0.00000002
     4714.        0.06997980       -0.05784743        0.09079371       -0.00000002        0.00000001        0.00000002
     4715.        0.06996006       -0.05798695        0.09086746       -0.00000002        0.00000001        0.00000002
     4716.        0.06994047       -0.05812662        0.09094159       -0.00000002        0.00000001        0.00000002
     4717.        0.06992021       -0.05826644        0.09101546       -0.00000002        0.00000001        0.00000002
     4718.        0.06989970       -0.05840682        0.09108965       -0.00000002        0.00000001        0.00000002
     4719.        0.06987853       -0.05854735        0.09116359       -0.00000002        0.00000001        0.00000002
     4720.        0.06985709       -0.05868845        0.09123786       -0.00000002        0.00000001        0.00000002
     4721.        0.06983499       -0.05882970        0.09131188       -0.00000002        0.00000001        0.00000002
     4722.        0.06981263       -0.05897110        0.09138596       -0.00000002        0.00000001        0.00000002
     4723.        0.06978960       -0.05911307        0.09146006       -0.00000002        0.00000001        0.00000002
     4724.        0.06976631       -0.05925520        0.09153424       -0.00000002        0.00000001        0.00000002
     4725.        0.06974194       -0.05939748        0.09160785       -0.00000002        0.00000001        0.00000002
     4726.        0.06971731       -0.05954033        0.09168180       -0.00000002        0.00000001        0.00000002
     4727.        0.06969241       -0.05968291        0.09175556       -0.00000002        0.00000001        0.00000002
     4728.        0.06966643       -0.05982607        0.09182903       -0.00000002        0.00000001        0.00000002
     4729.        0.06963978       -0.05996939        0.09190226       -0.00000002        0.00000001        0.00000002
     4730.        0.06961286       -0.06011244        0.09197530       -0.00000002        0.00000001        0.00000002
     4731.        0.06958485       -0.06025606        0.09204805       -0.00000002        0.00000001        0.00000002
     4732.        0.06955657       -0.06039943        0.09212061       -0.00000002        0.00000001        0.00000002
     4733.        0.06952720       -0.06054336        0.09219289       -0.00000002        0.00000001        0.00000002
     4734.        0.06949714       -0.06068704        0.09226467       -0.00000002        0.00000001        0.00000002
     4735.        0.06946682       -0.06083086        0.09233652       -0.00000002        0.00000001        0.00000002
     4736.        0.06943539       -0.06097443        0.09240754       -0.00000002        0.00000001        0.00000002
     4737.        0.06940328       -0.06111814        0.09247834       -0.00000002        0.00000001        0.00000002
     4738.        0.06937048       -0.06126201        0.09254890       -0.00000002        0.00000001        0.00000002
     4739.        0.06933699       -0.06140604        0.09261922       -0.00000002        0.00000001        0.00000002
     4740.        0.06930282       -0.06154938        0.09268876       -0.00000002        0.00000001        0.00000002
     4741.        0.06926753       -0.06169286        0.09275775       -0.00000002        0.00000001        0.00000002
     4742.        0.06923196       -0.06183651        0.09282682       -0.00000002        0.00000001        0.00000002
     4743.        0.06919529       -0.06197988        0.09289506       -0.00000002        0.00000001        0.00000002
     4744.        0.06915791       -0.06212298        0.09296279       -0.00000002        0.00000001        0.00000002
     4745.        0.06911984       -0.06226580        0.09303001       -0.00000002        0.00000001        0.00000002
     4746.        0.06908107       -0.06240878        0.09309699       -0.00000002        0.00000001        0.00000002
     4747.        0.06904117       -0.06255105        0.09316286       -0.00000002        0.00000001        0.00000002
     4748.        0.06900100       -0.06269348        0.09322881       -0.00000002        0.00000001        0.00000002
     4749.        0.06895970       -0.06283520        0.09329364       -0.00000002        0.00000001        0.00000002
