     4151.       -0.00000000       -0.00000008        0.00000008        0.00000000       -0.00000000        0.00000000
     4152.       -0.00000000       -0.00000001        0.00000001        0.00000000       -0.00000000        0.00000000
     4153.       -0.00000000       -0.00000000        0.00000000        0.00000000       -0.00000000        0.00000000
     4154.        0.00000000       -0.00000000        0.00000000       -0.00000000        0.00000000        0.00000000
     4155.        0.00000001       -0.00000000        0.00000001       -0.00000000        0.00000000        0.00000000
     4156.        0.00000007       -0.00000000        0.00000007       -0.00000000        0.00000000        0.00000000
     4157.        0.00000021       -0.00000000        0.00000021       -0.00000000        0.00000000        0.00000000
     4158.        0.00000049       -0.00000000        0.00000049       -0.00000000        0.00000000        0.00000000
     4159.        0.00000096       -0.00000000        0.00000096       -0.00000000        0.00000000        0.00000000
     4160.        0.00000168       -0.00000000        0.00000168       -0.00000000        0.00000000        0.00000000
     4161.        0.00000269       -0.00000000        0.00000269       -0.00000000        0.00000000        0.00000000
     4162.        0.00000405       -0.00000000        0.00000405       -0.00000000        0.00000000        0.00000000
     4163.        0.00000581       -0.00000000        0.00000581       -0.00000000        0.00000000        0.00000000
     4164.        0.00000801       -0.00000000        0.00000801       -0.00000000        0.00000000        0.00000000
     4165.        0.00001072       -0.00000000        0.00001072       -0.00000000        0.00000000        0.00000000
     4166.        0.00001396       -0.00000000        0.00001396       -0.00000000        0.00000000        0.00000000
     4167.        0.00001779       -0.00000001        0.00001779       -0.00000000        0.00000000        0.00000000
     4168.        0.00002223       -0.00000001        0.00002223       -0.00000000        0.00000000        0.00000000
     4169.        0.00002734       -0.00000001        0.00002734       -0.00000000        0.00000000        0.00000000
     4170.        0.00003313       -0.00000001        0.00003313       -0.00000000        0.00000000        0.00000000
     4171.        0.00003965       -0.00000001        0.00003965       -0.00000000        0.00000000        0.00000000
     4172.        0.00004692       -0.00000002        0.00004692       -0.00000000        0.00000000        0.00000000
     4173.        0.00005497       -0.00000002        0.00005497       -0.00000000        0.00000000        0.00000000
     4174.        0.00006383       -0.00000003        0.00006383       -0.00000000        0.00000000        0.00000000
     4175.        0.00007351       -0.00000003        0.00007351       -0.00000000        0.00000000        0.00000000
     4176.        0.00008404       -0.00000004        0.00008404       -0.00000000        0.00000000        0.00000000
     4177.        0.00009544       -0.00000004        0.00009544       -0.00000000        0.00000000        0.00000000
     4178.        0.00010771       -0.00000005        0.00010771       -0.00000000        0.00000000        0.00000000
     4179.        0.00012089       -0.00000006        0.00012089       -0.00000000        0.00000000        0.00000000
     4180.        0.00013497       -0.00000007        0.00013497       -0.00000000        0.00000000        0.00000000
     4181.        0.00014996       -0.00000008        0.00014996       -0.00000000        0.00000000        0.00000000
     4182.        0.00016589       -0.00000010        0.00016589       -0.00000000        0.00000000        0.00000000
     4183.        0.00018275       -0.00000011        0.00018275       -0.00000000        0.00000000        0.00000000
     4184.        0.00020055       -0.00000013        0.00020055       -0.00000000        0.00000000        0.00000000
     4185.        0.00021930       -0.00000014        0.00021930       -0.00000000        0.00000000        0.00000000
     4186.        0.00023901       -0.00000016        0.00023901       -0.00000000        0.00000000        0.00000000
     4187.        0.00025966       -0.00000019        0.00025966       -0.00000000        0.00000000        0.00000000
     4188.        0.00028127       -0.00000021        0.00028127       -0.00000000        0.00000000        0.00000000
     4189.        0.00030383       -0.00000024        0.00030383       -0.00000000        0.00000000        0.00000000
     4190.        0.00032735       -0.00000027        0.00032735       -0.00000000        0.00000000        0.00000000
     4191.        0.00035182       -0.00000030        0.00035182       -0.00000000        0.00000000        0.00000000
     4192.        0.00037724       -0.00000033        0.00037724       -0.00000000        0.00000000        0.00000000
     4193.        0.00040360       -0.00000037        0.00040360       -0.00000000        0.00000000        0.00000000
     4194.        0.00043091       -0.00000042        0.00043091       -0.00000000        0.00000000        0.00000000
     4195.        0.00045916       -0.00000046        0.00045916       -0.00000000        0.00000000        0.00000000
     4196.        0.00048834       -0.00000051        0.00048834       -0.00000000        0.00000000        0.00000000
     4197.        0.00051845       -0.00000057        0.00051845       -0.00000000        0.00000000        0.00000000
     4198.        0.00054948       -0.00000063        0.00054948       -0.00000000        0.00000000        0.00000000
     4199.        0.00058143       -0.00000069        0.00058143       -0.00000000        0.00000000        0.00000000
     4200.        0.00061428       -0.00000076        0.00061428       -0.00000000        0.00000000        0.00000000
     4201.        0.00064803       -0.00000083        0.00064803       -0.00000000        0.00000000        0.00000000
     4202.        0.00068267       -0.00000091        0.00068267       -0.00000000        0.00000000        0.00000000
     4203.        0.00071819       -0.00000099        0.00071819       -0.00000000        0.00000000        0.00000000
     4204.        0.00075459       -0.00000108        0.00075459       -0.00000000        0.00000000        0.00000000
     4205.        0.00079186       -0.00000117        0.00079186       -0.00000000        0.00000000        0.00000000
     4206.        0.00082998       -0.00000127        0.00082998       -0.00000000        0.00000000        0.00000000
     4207.        0.00086896       -0.00000137        0.00086896       -0.00000000        0.00000000        0.00000000
     4208.        0.00090877       -0.00000148        0.00090877       -0.00000000        0.00000000        0.00000000
     4209.        0.00094941       -0.00000160        0.00094941       -0.00000000        0.00000000        0.00000000
     4210.        0.00099087       -0.00000172        0.00099087       -0.00000000        0.00000000        0.00000000
     4211.        0.00103314       -0.00000185        0.00103315       -0.00000000        0.00000000        0.00000000
     4212.        0.00107622       -0.00000199        0.00107622       -0.00000000        0.00000000        0.00000000
     4213.        0.00112008       -0.00000214        0.00112008       -0.00000000        0.00000000        0.00000000
     4214.        0.00116472       -0.00000229        0.00116472       -0.00000000        0.00000000        0.00000000
     4215.        0.00121014       -0.00000245        0.00121014       -0.00000000        0.00000000        0.00000000
     4216.        0.00125630       -0.00000263        0.00125631       -0.00000000        0.00000000        0.00000000
     4217.        0.00130323       -0.00000281        0.00130324       -0.00000000        0.00000000        0.00000000
     4218.        0.00135089       -0.00000300        0.00135089       -0.00000000        0.00000000        0.00000000
     4219.        0.00139927       -0.00000321        0.00139928       -0.00000000        0.00000000        0.00000000
     4220.        0.00144838       -0.00000342        0.00144839       -0.00000000        0.00000000        0.00000000
     4221.        0.00149820       -0.00000364        0.00149820       -0.00000000        0.00000000        0.00000000
     4222.        0.00154871       -0.00000387        0.00154871       -0.00000000        0.00000000        0.00000000
     4223.        0.00159991       -0.00000411        0.00159991       -0.00000000        0.00000000        0.00000000
     4224.        0.00165178       -0.00000436        0.00165178       -0.00000000        0.00000000        0.00000000
     4225.        0.00170432       -0.00000463        0.00170433       -0.00000000        0.00000000        0.00000000
     4226.        0.00175754       -0.00000490        0.00175755       -0.00000000        0.00000000        0.00000000
     4227.        0.00181139       -0.00000518        0.00181140       -0.00000000        0.00000000        0.00000000
     4228.        0.00186589       -0.00000546        0.00186589       -0.00000000        0.00000000        0.00000000
     4229.        0.00192100       -0.00000576        0.00192101       -0.00000000        0.00000000        0.00000000
     4230.        0.00197675       -0.00000607        0.00197676       -0.00000000        0.00000000        0.00000000
     4231.        0.00203312       -0.00000639        0.00203313       -0.00000000        0.00000000        0.00000000
     4232.        0.00209008       -0.00000671        0.00209009       -0.00000000        0.00000000        0.00000000
     4233.        0.00214764       -0.00000705        0.00214765       -0.00000000        0.00000000        0.00000000
     4234.        0.00220579       -0.00000739        0.00220580       -0.00000000        0.00000000        0.00000000
     4235.        0.00226452       -0.00000775        0.00226453       -0.00000000        0.00000000        0.00000000
     4236.        0.00232383       -0.00000812        0.00232384       -0.00000000        0.00000000        0.00000000
     4237.        0.00238369       -0.00000849        0.00238371       -0.00000000        0.00000000        0.00000000
     4238.        0.00244411       -0.00000888        0.00244413       -0.00000000        0.00000000        0.00000000
     4239.        0.00250508       -0.00000928        0.00250510       -0.00000000        0.00000000        0.00000000
     4240.        0.00256659       -0.00000969        0.00256661       -0.00000000        0.00000000        0.00000000
     4241.        0.00262863       -0.00001012        0.00262865       -0.00000000        0.00000000        0.00000000
     4242.        0.00269119       -0.00001055        0.00269121       -0.00000000        0.00000000        0.00000000
     4243.        0.00275428       -0.00001100        0.00275430       -0.00000000        0.00000000        0.00000000
     4244.        0.00281787       -0.00001146        0.00281789       -0.00000000        0.00000000        0.00000000
     4245.        0.00288196       -0.00001193        0.00288198       -0.00000000        0.00000000        0.00000000
     4246.        0.00294655       -0.00001241        0.00294658       -0.00000000        0.00000000        0.00000000
     4247.        0.00301164       -0.00001290        0.00301166       -0.00000000        0.00000000        0.00000000
     4248.        0.00307719       -0.00001340        0.00307722       -0.00000000        0.00000000        0.00000000
     4249.        0.00314322       -0.00001391        0.00314325       -0.00000000        0.00000000        0.00000000
     4250.        0.00320973       -0.00001443        0.00320977       -0.00000000        0.00000000        0.00000000
     4251.        0.00327670       -0.00001496        0.00327673       -0.00000000        0.00000000        0.00000000
     4252.        0.00334412       -0.00001549        0.00334415       -0.00000000        0.00000000        0.00000000
     4253.        0.00341200       -0.00001602        0.00341204       -0.00000000        0.00000000        0.00000000
     4254.        0.00348031       -0.00001656        0.00348035       -0.00000000        0.00000000        0.00000000
     4255.        0.00354907       -0.00001709        0.00354911       -0.00000000        0.00000000        0.00000000
     4256.        0.00361827       -0.00001761        0.00361831       -0.00000000        0.00000000        0.00000000
     4257.        0.00368789       -0.00001812        0.00368793       -0.00000000        0.00000000        0.00000000
     4258.        0.00375792       -0.00001862        0.00375797       -0.00000000        0.00000000        0.00000000
     4259.        0.00382839       -0.00001910        0.00382843       -0.00000000        0.00000000        0.00000000
     4260.        0.00389925       -0.00001954        0.00389930       -0.00000000        0.00000000        0.00000000
     4261.        0.00397054       -0.00001995        0.00397059       -0.00000000        0.00000000        0.00000000
     4262.        0.00404220       -0.00002031        0.00404225       -0.00000000        0.00000000        0.00000000
     4263.        0.00411427       -0.00002062        0.00411432       -0.00000000        0.00000000        0.00000000
     4264.        0.00418669       -0.00002085        0.00418674       -0.00000000        0.00000000        0.00000000
     4265.        0.00425948       -0.00002100        0.00425954       -0.00000000        0.00000000        0.00000000
     4266.        0.00433261       -0.00002104        0.00433266       -0.00000000        0.00000000        0.00000000
     4267.        0.00440605       -0.00002097        0.00440610       -0.00000000        0.00000000        0.00000000
     4268.        0.00447975       -0.00002077        0.00447980       -0.00000000        0.00000000        0.00000000
     4269.        0.00455368       -0.00002042        0.00455373       -0.00000000        0.00000000        0.00000000
     4270.        0.00462778       -0.00001994        0.00462782       -0.00000000        0.00000000        0.00000000
     4271.        0.00470195       -0.00001933        0.00470199       -0.00000000        0.00000000        0.00000000
     4272.        0.00477612       -0.00001866        0.00477615       -0.00000000        0.00000000        0.00000000
     4273.        0.00485021       -0.00001801        0.00485024       -0.00000000        0.00000000        0.00000000
     4274.        0.00492416       -0.00001753        0.00492419       -0.00000000        0.00000000        0.00000000
     4275.        0.00499799       -0.00001739        0.00499802       -0.00000000        0.00000000        0.00000000
     4276.        0.00507180       -0.00001778        0.00507183       -0.00000000        0.00000000        0.00000000
     4277.        0.00514576       -0.00001883        0.00514579       -0.00000000        0.00000000        0.00000000
     4278.        0.00522009       -0.00002057        0.00522013       -0.00000000        0.00000000        0.00000000
     4279.        0.00529506       -0.00002294        0.00529511       -0.00000000        0.00000000        0.00000000
     4280.        0.00537077       -0.00002577        0.00537083       -0.00000000        0.00000000        0.00000000
     4281.        0.00544732       -0.00002887        0.00544740       -0.00000000        0.00000000        0.00000000
     4282.        0.00552467       -0.00003208        0.00552477       -0.00000000        0.00000000        0.00000000
     4283.        0.00560277       -0.00003527        0.00560288       -0.00000000        0.00000000        0.00000000
     4284.        0.00568154       -0.00003836        0.00568167       -0.00000000        0.00000000        0.00000000
     4285.        0.00576085       -0.00004131        0.00576100       -0.00000000        0.00000000        0.00000000
     4286.        0.00584067       -0.00004412        0.00584084       -0.00000000        0.00000000        0.00000000
     4287.        0.00592092       -0.00004679        0.00592111       -0.00000000        0.00000000        0.00000000
     4288.        0.00600157       -0.00004934        0.00600178       -0.00000000        0.00000000        0.00000000
     4289.        0.00608258       -0.00005178        0.00608280       -0.00000000        0.00000000        0.00000000
     4290.        0.00616393       -0.00005414        0.00616417       -0.00000000        0.00000000        0.00000000
     4291.        0.00624560       -0.00005643        0.00624585       -0.00000000        0.00000000        0.00000000
     4292.        0.00632759       -0.00005867        0.00632786       -0.00000000        0.00000000        0.00000000
     4293.        0.00640990       -0.00006087        0.00641018       -0.00000000        0.00000000        0.00000000
     4294.        0.00649252       -0.00006305        0.00649283       -0.00000000        0.00000000        0.00000000
     4295.        0.00657546       -0.00006521        0.00657578       -0.00000000        0.00000000        0.00000000
     4296.        0.00665871       -0.00006748        0.00665905       -0.00000000        0.00000000        0.00000000
     4297.        0.00674232       -0.00006981        0.00674268       -0.00000000        0.00000000        0.00000000
     4298.        0.00682605       -0.00007198        0.00682643       -0.00000000        0.00000000        0.00000000
     4299.        0.00691019       -0.00007444        0.00691059       -0.00000000        0.00000000        0.00000000
     4300.        0.00699427       -0.00007683        0.00699469       -0.00000000        0.00000000        0.00000000
     4301.        0.00707882       -0.00007902        0.00707926       -0.00000000        0.00000000        0.00000000
     4302.        0.00716380       -0.00008138        0.00716426       -0.00000000        0.00000000        0.00000000
     4303.        0.00724898       -0.00008391        0.00724946       -0.00000000        0.00000000        0.00000000
     4304.        0.00733427       -0.00008646        0.00733478       -0.00000000        0.00000000        0.00000000
     4305.        0.00741978       -0.00008887        0.00742031       -0.00000000        0.00000000        0.00000000
     4306.        0.00750566       -0.00009121        0.00750621       -0.00000000        0.00000000        0.00000000
     4307.        0.00759196       -0.00009360        0.00759253       -0.00000000        0.00000000        0.00000000
     4308.        0.00767859       -0.00009609        0.00767919       -0.00000000        0.00000000        0.00000000
     4309.        0.00776549       -0.00009870        0.00776612       -0.00000000        0.00000000        0.00000000
     4310.        0.00785265       -0.00010138        0.00785330       -0.00000000        0.00000000        0.00000000
     4311.        0.00794000       -0.00010410        0.00794069       -0.00000000        0.00000000        0.00000000
     4312.        0.00802759       -0.00010680        0.00802831       -0.00000000        0.00000000        0.00000000
     4313.        0.00811550       -0.00010947        0.00811624       -0.00000000        0.00000000        0.00000000
     4314.        0.00820371       -0.00011212        0.00820448       -0.00000000        0.00000000        0.00000000
     4315.        0.00829231       -0.00011477        0.00829311       -0.00000000        0.00000000        0.00000000
     4316.        0.00838124       -0.00011747        0.00838207       -0.00000000        0.00000000        0.00000000
     4317.        0.00847054       -0.00012022        0.00847139       -0.00000000        0.00000000        0.00000000
     4318.        0.00856018       -0.00012306        0.00856107       -0.00000000        0.00000000        0.00000000
     4319.        0.00865011       -0.00012597        0.00865103       -0.00000000        0.00000000        0.00000000
     4320.        0.00874039       -0.00012894        0.00874134       -0.00000000        0.00000000        0.00000000
     4321.        0.00883094       -0.00013198        0.00883193       -0.00000000        0.00000000        0.00000000
     4322.        0.00892181       -0.00013506        0.00892283       -0.00000000        0.00000000        0.00000000
     4323.        0.00901299       -0.00013818        0.00901405       -0.00000000        0.00000000        0.00000000
     4324.        0.00910449       -0.00014132        0.00910559       -0.00000000        0.00000000        0.00000000
     4325.        0.00919634       -0.00014448        0.00919747       -0.00000000        0.00000000        0.00000000
     4326.        0.00928854       -0.00014766        0.00928971       -0.00000000        0.00000000        0.00000000
     4327.        0.00938115       -0.00015088        0.00938236       -0.00000000        0.00000000        0.00000000
     4328.        0.00947411       -0.00015415        0.00947536       -0.00000000        0.00000000        0.00000000
     4329.        0.00956747       -0.00015748        0.00956877       -0.00000000        0.00000000        0.00000000
     4330.        0.00966124       -0.00016087        0.00966258       -0.00000000        0.00000000        0.00000000
     4331.        0.00975542       -0.00016433        0.00975680       -0.00000000        0.00000000        0.00000000
     4332.        0.00985002       -0.00016788        0.00985145       -0.00000000        0.00000000        0.00000000
     4333.        0.00994505       -0.00017156        0.00994653       -0.00000000        0.00000000        0.00000000
     4334.        0.01004045       -0.00017536        0.01004198       -0.00000000        0.00000000        0.00000000
     4335.        0.01013626       -0.00017930        0.01013784       -0.00000000        0.00000000        0.00000000
     4336.        0.01023242       -0.00018336        0.01023406       -0.00000000        0.00000000        0.00000000
     4337.        0.01032898       -0.00018751        0.01033068       -0.00000000        0.00000000        0.00000000
     4338.        0.01042592       -0.00019175        0.01042769       -0.00000000        0.00000000        0.00000000
     4339.        0.01052328       -0.00019609        0.01052511       -0.00000000        0.00000000        0.00000000
     4340.        0.01062109       -0.00020053        0.01062298       -0.00000001        0.00000000        0.00000001
     4341.        0.01071935       -0.00020511        0.01072132       -0.00000001        0.00000000        0.00000001
     4342.        0.01081806       -0.00020984        0.01082010       -0.00000001        0.00000000        0.00000001
     4343.        0.01091722       -0.00021475        0.01091933       -0.00000001        0.00000000        0.00000001
     4344.        0.01101681       -0.00021984        0.01101901       -0.00000001        0.00000000        0.00000001
     4345.        0.01111679       -0.00022512        0.01111907       -0.00000001        0.00000000        0.00000001
     4346.        0.01121719       -0.00023057        0.01121956       -0.00000001        0.00000000        0.00000001
     4347.        0.01131799       -0.00023619        0.01132045       -0.00000001        0.00000000        0.00000001
     4348.        0.01141921       -0.00024195        0.01142177       -0.00000001        0.00000000        0.00000001
     4349.        0.01152083       -0.00024785        0.01152350       -0.00000001        0.00000000        0.00000001
     4350.        0.01162295       -0.00025388        0.01162572       -0.00000001        0.00000000        0.00000001
     4351.        0.01172553       -0.00026006        0.01172841       -0.00000001        0.00000000        0.00000001
     4352.        0.01182864       -0.00026641        0.01183164       -0.00000001        0.00000000        0.00000001
     4353.        0.01193227       -0.00027296        0.01193539       -0.00000001        0.00000000        0.00000001
     4354.        0.01203641       -0.00027974        0.01203966       -0.00000001        0.00000000        0.00000001
     4355.        0.01214111       -0.00028678        0.01214449       -0.00000001        0.00000000        0.00000001
     4356.        0.01224632       -0.00029411        0.01224986       -0.00000001        0.00000000        0.00000001
     4357.        0.01235204       -0.00030175        0.01235572       -0.00000001        0.00000000        0.00000001
     4358.        0.01245822       -0.00030973        0.01246207       -0.00000001        0.00000000        0.00000001
     4359.        0.01256488       -0.00031805        0.01256890       -0.00000001        0.00000000        0.00000001
     4360.        0.01267197       -0.00032670        0.01267618       -0.00000001        0.00000000        0.00000001
     4361.        0.01277946       -0.00033569        0.01278387       -0.00000001        0.00000000        0.00000001
     4362.        0.01288736       -0.00034500        0.01289198       -0.00000001        0.00000000        0.00000001
     4363.        0.01299565       -0.00035461        0.01300049       -0.00000001        0.00000000        0.00000001
     4364.        0.01310435       -0.00036450        0.01310942       -0.00000001        0.00000000        0.00000001
     4365.        0.01321345       -0.00037465        0.01321876       -0.00000001        0.00000000        0.00000001
     4366.        0.01332296       -0.00038505        0.01332853       -0.00000001        0.00000000        0.00000001
     4367.        0.01343293       -0.00039568        0.01343876       -0.00000001        0.00000000        0.00000001
     4368.        0.01354337       -0.00040656        0.01354947       -0.00000001        0.00000000        0.00000001
     4369.        0.01365431       -0.00041768        0.01366070       -0.00000001        0.00000000        0.00000001
     4370.        0.01376578       -0.00042906        0.01377247       -0.00000001        0.00000000        0.00000001
     4371.        0.01387782       -0.00044073        0.01388481       -0.00000001        0.00000000        0.00000001
     4372.        0.01399043       -0.00045272        0.01399775       -0.00000001        0.00000000        0.00000001
     4373.        0.01410361       -0.00046505        0.01411128       -0.00000001        0.00000000        0.00000001
     4374.        0.01421737       -0.00047776        0.01422540       -0.00000001        0.00000000        0.00000001
     4375.        0.01433173       -0.00049088        0.01434014       -0.00000001        0.00000000        0.00000001
     4376.        0.01444667       -0.00050444        0.01445548       -0.00000001        0.00000000        0.00000001
     4377.        0.01456217       -0.00051847        0.01457139       -0.00000001        0.00000000        0.00000001
     4378.        0.01467822       -0.00053300        0.01468789       -0.00000001        0.00000000        0.00000001
     4379.        0.01479478       -0.00054805        0.01480493       -0.00000001        0.00000000        0.00000001
     4380.        0.01491186       -0.00056362        0.01492251       -0.00000001        0.00000000        0.00000001
     4381.        0.01502940       -0.00057973        0.01504058       -0.00000001        0.00000000        0.00000001
     4382.        0.01514741       -0.00059638        0.01515914       -0.00000001        0.00000000        0.00000001
     4383.        0.01526583       -0.00061356        0.01527816       -0.00000001        0.00000000        0.00000001
     4384.        0.01538468       -0.00063127        0.01539763       -0.00000001        0.00000000        0.00000001
     4385.        0.01550392       -0.00064950        0.01551752       -0.00000001        0.00000000        0.00000001
     4386.        0.01562356       -0.00066822        0.01563784       -0.00000001        0.00000000        0.00000001
     4387.        0.01574359       -0.00068742        0.01575859       -0.00000001        0.00000000        0.00000001
     4388.        0.01586399       -0.00070709        0.01587974       -0.00000001        0.00000000        0.00000001
     4389.        0.01598479       -0.00072721        0.01600132       -0.00000001        0.00000000        0.00000001
     4390.        0.01610600       -0.00074776        0.01612335       -0.00000001        0.00000000        0.00000001
     4391.        0.01622764       -0.00076873        0.01624584       -0.00000001        0.00000000        0.00000001
     4392.        0.01634974       -0.00079012        0.01636882       -0.00000001        0.00000000        0.00000001
     4393.        0.01647232       -0.00081192        0.01649231       -0.00000001        0.00000000        0.00000001
     4394.        0.01659541       -0.00083415        0.01661636       -0.00000001        0.00000000        0.00000001
     4395.        0.01671901       -0.00085681        0.01674096       -0.00000001        0.00000000        0.00000001
     4396.        0.01684319       -0.00087993        0.01686616       -0.00000001        0.00000000        0.00000001
     4397.        0.01696794       -0.00090351        0.01699198       -0.00000001        0.00000000        0.00000001
     4398.        0.01709328       -0.00092760        0.01711843       -0.00000001        0.00000000        0.00000001
     4399.        0.01721925       -0.00095222        0.01724555       -0.00000001        0.00000000        0.00000001
     4400.        0.01734586       -0.00097740        0.01737337       -0.00000001        0.00000000        0.00000001
     4401.        0.01747307       -0.00100317        0.01750184       -0.00000001        0.00000000        0.00000001
     4402.        0.01760093       -0.00102958        0.01763102       -0.00000001        0.00000000        0.00000001
     4403.        0.01772942       -0.00105666        0.01776088       -0.00000001        0.00000000        0.00000001
     4404.        0.01785857       -0.00108444        0.01789146       -0.00000001        0.00000000        0.00000001
     4405.        0.01798829       -0.00111295        0.01802269       -0.00000001        0.00000000        0.00000001
     4406.        0.01811863       -0.00114223        0.01815460       -0.00000001        0.00000000        0.00000001
     4407.        0.01824954       -0.00117229        0.01828716       -0.00000001        0.00000000        0.00000001
     4408.        0.01838102       -0.00120318        0.01842036       -0.00000001        0.00000000        0.00000001
     4409.        0.01851303       -0.00123490        0.01855417       -0.00000001        0.00000000        0.00000001
     4410.        0.01864558       -0.00126748        0.01868861       -0.00000001        0.00000000        0.00000001
     4411.        0.01877858       -0.00130092        0.01882359       -0.00000001        0.00000000        0.00000001
     4412.        0.01891205       -0.00133523        0.01895913       -0.00000001        0.00000000        0.00000001
     4413.        0.01904595       -0.00137043        0.01909519       -0.00000001        0.00000000        0.00000001
     4414.        0.01918027       -0.00140650        0.01923177       -0.00000001        0.00000000        0.00000001
     4415.        0.01931496       -0.00144344        0.01936882       -0.00000001        0.00000000        0.00000001
     4416.        0.01945005       -0.00148125        0.01950637       -0.00000001        0.00000000        0.00000001
     4417.        0.01958549       -0.00151993        0.01964437       -0.00000001        0.00000000        0.00000001
     4418.        0.01972128       -0.00155945        0.01978284       -0.00000001        0.00000000        0.00000001
     4419.        0.01985739       -0.00159980        0.01992173       -0.00000001        0.00000000        0.00000001
     4420.        0.01999385       -0.00164097        0.02006108       -0.00000001        0.00000000        0.00000001
     4421.        0.02013064       -0.00168295        0.02020087       -0.00000001        0.00000000        0.00000001
     4422.        0.02026776       -0.00172572        0.02034110       -0.00000001        0.00000000        0.00000001
     4423.        0.02040524       -0.00176927        0.02048180       -0.00000001        0.00000000        0.00000001
     4424.        0.02054310       -0.00181359        0.02062300       -0.00000001        0.00000000        0.00000001
     4425.        0.02068134       -0.00185867        0.02076470       -0.00000001        0.00000000        0.00000001
     4426.        0.02081997       -0.00190451        0.02090689       -0.00000001        0.00000000        0.00000001
     4427.        0.02095905       -0.00195110        0.02104967       -0.00000001        0.00000000        0.00000001
     4428.        0.02109857       -0.00199847        0.02119300       -0.00000001        0.00000000        0.00000001
     4429.        0.02123857       -0.00204660        0.02133695       -0.00000001        0.00000000        0.00000001
     4430.        0.02137909       -0.00209551        0.02148154       -0.00000001        0.00000000        0.00000001
     4431.        0.02152015       -0.00214523        0.02162681       -0.00000001        0.00000000        0.00000001
     4432.        0.02166178       -0.00219577        0.02177278       -0.00000001        0.00000000        0.00000001
     4433.        0.02180403       -0.00224716        0.02191952       -0.00000001        0.00000000        0.00000001
     4434.        0.02194688       -0.00229943        0.02206701       -0.00000001        0.00000000        0.00000001
     4435.        0.02209041       -0.00235263        0.02221533       -0.00000001        0.00000000        0.00000001
     4436.        0.02223462       -0.00240678        0.02236450       -0.00000001        0.00000000        0.00000001
     4437.        0.02237951       -0.00246193        0.02251452       -0.00000001        0.00000000        0.00000001
     4438.        0.02252511       -0.00251812        0.02266543       -0.00000001        0.00000000        0.00000001
     4439.        0.02267145       -0.00257541        0.02281726       -0.00000001        0.00000000        0.00000001
     4440.        0.02281854       -0.00263384        0.02297004       -0.00000001        0.00000000        0.00000001
     4441.        0.02296640       -0.00269346        0.02312380       -0.00000001        0.00000000        0.00000001
     4442.        0.02311500       -0.00275435        0.02327852       -0.00000001        0.00000000        0.00000001
     4443.        0.02326440       -0.00281650        0.02343427       -0.00000001        0.00000000        0.00000001
     4444.        0.02341456       -0.00288005        0.02359102       -0.00000001        0.00000000        0.00000001
     4445.        0.02356549       -0.00294500        0.02374880       -0.00000001        0.00000000        0.00000001
     4446.        0.02371721       -0.00301144        0.02390763       -0.00000001        0.00000000        0.00000001
     4447.        0.02386971       -0.00307941        0.02406753       -0.00000001        0.00000000        0.00000001
     4448.        0.02402300       -0.00314896        0.02422850       -0.00000001        0.00000000        0.00000001
     4449.        0.02417710       -0.00322019        0.02439061       -0.00000001        0.00000000        0.00000001
     4450.        0.02433197       -0.00329313        0.02455380       -0.00000001        0.00000000        0.00000001
     4451.        0.02448765       -0.00336785        0.02471816       -0.00000001        0.00000000        0.00000001
     4452.        0.02464419       -0.00344444        0.02488373       -0.00000001        0.00000000        0.00000001
     4453.        0.02480158       -0.00352299        0.02505054       -0.00000001        0.00000000        0.00000001
     4454.        0.02495985       -0.00360357        0.02521864       -0.00000001        0.00000000        0.00000001
     4455.        0.02511906       -0.00368629        0.02538811       -0.00000001        0.00000000        0.00000001
     4456.        0.02527933       -0.00377128        0.02555909       -0.00000001        0.00000000        0.00000001
     4457.        0.02544071       -0.00385869        0.02573168       -0.00000001        0.00000000        0.00000001
     4458.        0.02560339       -0.00394870        0.02590609       -0.00000001        0.00000000        0.00000001
     4459.        0.02576763       -0.00404161        0.02608266       -0.00000001        0.00000000        0.00000001
     4460.        0.02593379       -0.00413784        0.02626182       -0.00000001        0.00000000        0.00000001
     4461.        0.02610270       -0.00423807        0.02644451       -0.00000001        0.00000000        0.00000001
     4462.        0.02627681       -0.00434398        0.02663345       -0.00000001        0.00000000        0.00000001
     4463.        0.02645410       -0.00446610        0.02682844       -0.00000001        0.00000000        0.00000001
     4464.        0.02660534       -0.00459243        0.02699878       -0.00000001        0.00000000        0.00000001
     4465.        0.02677866       -0.00473224        0.02719358       -0.00000001        0.00000000        0.00000001
     4466.        0.02690719       -0.00487762        0.02734571       -0.00000001        0.00000000        0.00000001
     4467.        0.02705232       -0.00498958        0.02750861       -0.00000001        0.00000000        0.00000001
     4468.        0.02721275       -0.00512835        0.02769176       -0.00000001        0.00000000        0.00000001
     4469.        0.02735110       -0.00528622        0.02785725       -0.00000001        0.00000000        0.00000001
     4470.        0.02746251       -0.00543337        0.02799484       -0.00000001        0.00000000        0.00000001
     4471.        0.02757414       -0.00555514        0.02812815       -0.00000001        0.00000000        0.00000001
     4472.        0.02770478       -0.00567205        0.02827944       -0.00000001        0.00000000        0.00000001
     4473.        0.02784467       -0.00580269        0.02844287       -0.00000001        0.00000000        0.00000001
     4474.        0.02797892       -0.00594814        0.02860420       -0.00000001        0.00000000        0.00000001
     4475.        0.02809904       -0.00610062        0.02875367       -0.00000001        0.00000000        0.00000001
     4476.        0.02820395       -0.00624984        0.02888812       -0.00000001        0.00000000        0.00000001
     4477.        0.02829958       -0.00638780        0.02901156       -0.00000001        0.00000000        0.00000001
     4478.        0.02839545       -0.00651297        0.02913280       -0.00000001        0.00000000        0.00000001
     4479.        0.02849878       -0.00663052        0.02925994       -0.00000001        0.00000000        0.00000001
     4480.        0.02861095       -0.00674801        0.02939595       -0.00000001        0.00000000        0.00000001
     4481.        0.02872874       -0.00687097        0.02953897       -0.00000001        0.00000000        0.00000001
     4482.        0.02884731       -0.00700138        0.02968479       -0.00000001        0.00000000        0.00000001
     4483.        0.02896235       -0.00713839        0.02982909       -0.00000001        0.00000000        0.00000001
     4484.        0.02907109       -0.00727947        0.02996863       -0.00000001        0.00000000        0.00000001
     4485.        0.02917236       -0.00742131        0.03010153       -0.00000001        0.00000000        0.00000001
     4486.        0.02926677       -0.00756078        0.03022762       -0.00000001        0.00000000        0.00000001
     4487.        0.02935624       -0.00769543        0.03034812       -0.00000001        0.00000000        0.00000001
     4488.        0.02944346       -0.00782410        0.03046529       -0.00000001        0.00000000        0.00000001
     4489.        0.02953124       -0.00794707        0.03058186       -0.00000001        0.00000000        0.00000001
     4490.        0.02962181       -0.00806572        0.03070028       -0.00000001        0.00000000        0.00000001
     4491.        0.02971634       -0.00818222        0.03082223       -0.00000001        0.00000000        0.00000001
     4492.        0.02981498       -0.00829872        0.03094838       -0.00000001        0.00000000        0.00000001
     4493.        0.02991692       -0.00841707        0.03107843       -0.00000001        0.00000000        0.00000001
     4494.        0.03002108       -0.00853849        0.03121171       -0.00000001        0.00000000        0.00000001
     4495.        0.03012568       -0.00866351        0.03134666       -0.00000001        0.00000000        0.00000001
     4496.        0.03022953       -0.00879206        0.03148213       -0.00000001        0.00000000        0.00000001
     4497.        0.03033141       -0.00892361        0.03161685       -0.00000001        0.00000000        0.00000001
     4498.        0.03043040       -0.00905740        0.03174974       -0.00000001        0.00000000        0.00000001
     4499.        0.03052620       -0.00919234        0.03188022       -0.00000001        0.00000000        0.00000001
     4500.        0.03061849       -0.00932747        0.03200771       -0.00000001        0.00000000        0.00000001
     4501.        0.03070814       -0.00946191        0.03213281       -0.00000001        0.00000000        0.00000001
     4502.        0.03079485       -0.00959484        0.03225498       -0.00000001        0.00000000        0.00000001
     4503.        0.03088012       -0.00972581        0.03237550       -0.00000001        0.00000000        0.00000001
     4504.        0.03096424       -0.00985464        0.03249459       -0.00000001        0.00000000        0.00000001
     4505.        0.03104813       -0.00998134        0.03261309       -0.00000001        0.00000000        0.00000001
     4506.        0.03113239       -0.01010624        0.03273167       -0.00000001        0.00000000        0.00000001
     4507.        0.03121795       -0.01022984        0.03285133       -0.00000001        0.00000000        0.00000001
     4508.        0.03130481       -0.01035275        0.03297227       -0.00000001        0.00000000        0.00000001
     4509.        0.03139328       -0.01047560        0.03309496       -0.00000001        0.00000000        0.00000001
     4510.        0.03148337       -0.01059905        0.03321961       -0.00000001        0.00000000        0.00000001
     4511.        0.03157448       -0.01072364        0.03334582       -0.00000001        0.00000000        0.00000001
     4512.        0.03166660       -0.01084979        0.03347374       -0.00000001        0.00000000        0.00000001
     4513.        0.03175944       -0.01097786        0.03360320       -0.00000001        0.00000000        0.00000001
     4514.        0.03185175       -0.01110796        0.03373308       -0.00000001        0.00000000        0.00000001
     4515.        0.03194385       -0.01124016        0.03386371       -0.00000001        0.00000000        0.00000001
     4516.        0.03203512       -0.01137437        0.03399449       -0.00000001        0.00000000        0.00000001
     4517.        0.03212491       -0.01151042        0.03412477       -0.00000001        0.00000000        0.00000001
     4518.        0.03221324       -0.01164807        0.03425449       -0.00000001        0.00000000        0.00000001
     4519.        0.03229946       -0.01178696        0.03438296       -0.00000001        0.00000000        0.00000001
     4520.        0.03238357       -0.01192681        0.03451006       -0.00000001        0.00000000        0.00000001
     4521.        0.03246586       -0.01206726        0.03463597       -0.00000001        0.00000000        0.00000001
     4522.        0.03254601       -0.01220793        0.03476027       -0.00000001        0.00000000        0.00000001
     4523.        0.03262402       -0.01234859        0.03488287       -0.00000001        0.00000000        0.00000001
     4524.        0.03270019       -0.01248893        0.03500394       -0.00000001        0.00000000        0.00000001
     4525.        0.03277482       -0.01262877        0.03512370       -0.00000001        0.00000000        0.00000001
     4526.        0.03284791       -0.01276788        0.03524207       -0.00000001        0.00000000        0.00000001
     4527.        0.03291976       -0.01290619        0.03535930       -0.00000001        0.00000000        0.00000001
     4528.        0.03299068       -0.01304364        0.03547565       -0.00000001        0.00000000        0.00000001
     4529.        0.03306068       -0.01318027        0.03559113       -0.00000001        0.00000000        0.00000001
     4530.        0.03313038       -0.01331613        0.03570632       -0.00000001        0.00000000        0.00000001
     4531.        0.03319979       -0.01345132        0.03582128       -0.00000001        0.00000000        0.00000001
     4532.        0.03326921       -0.01358597        0.03593631       -0.00000001        0.00000000        0.00000001
     4533.        0.03333833       -0.01372020        0.03605119       -0.00000001        0.00000000        0.00000001
     4534.        0.03340747       -0.01385424        0.03616627       -0.00000001        0.00000000        0.00000001
     4535.        0.03347694       -0.01398820        0.03628189       -0.00000001        0.00000000        0.00000001
     4536.        0.03354612       -0.01412229        0.03639754       -0.00000001        0.00000000        0.00000001
     4537.        0.03361564       -0.01425665        0.03651388       -0.00000001        0.00000000        0.00000001
     4538.        0.03368485       -0.01439139        0.03663033       -0.00000001        0.00000000        0.00000001
     4539.        0.03375376       -0.01452663        0.03674696       -0.00000001        0.00000000        0.00000001
     4540.        0.03382269       -0.01466244        0.03686409       -0.00000001        0.00000000        0.00000001
     4541.        0.03389131       -0.01479889        0.03698145       -0.00000001        0.00000000        0.00000001
     4542.        0.03395930       -0.01493600        0.03709876       -0.00000001        0.00000000        0.00000001
     4543.        0.03402666       -0.01507378        0.03721602       -0.00000001        0.00000000        0.00000001
     4544.        0.03409338       -0.01521223        0.03733324       -0.00000001        0.00000000        0.00000001
     4545.        0.03415913       -0.01535123        0.03745005       -0.00000001        0.00000000        0.00000001
     4546.        0.03422425       -0.01549079        0.03756679       -0.00000001        0.00000000        0.00000001
     4547.        0.03428806       -0.01563081        0.03768279       -0.00000001        0.00000000        0.00000001
     4548.        0.03435089       -0.01577117        0.03779832       -0.00000001        0.00000000        0.00000001
     4549.        0.03441274       -0.01591181        0.03791335       -0.00000001        0.00000000        0.00000001
     4550.        0.03447327       -0.01605260        0.03802752       -0.00000001        0.00000000        0.00000001
     4551.        0.03453248       -0.01619347        0.03814080       -0.00000001        0.00000000        0.00000001
     4552.        0.03459103       -0.01633429        0.03825373       -0.00000001        0.00000000        0.00000001
     4553.        0.03464824       -0.01647497        0.03836567       -0.00000001        0.00000000        0.00000001
     4554.        0.03470444       -0.01661538        0.03847686       -0.00000001        0.00000001        0.00000001
     4555.        0.03475963       -0.01675551        0.03858729       -0.00000001        0.00000001        0.00000001
     4556.        0.03481381       -0.01689525        0.03869691       -0.00000001        0.00000001        0.00000001
     4557.        0.03486729       -0.01703456        0.03880598       -0.00000001        0.00000001        0.00000001
     4558.        0.03492009       -0.01717334        0.03891447       -0.00000001        0.00000001        0.00000001
     4559.        0.03497186       -0.01731165        0.03902209       -0.00000001        0.00000001        0.00000001
     4560.        0.03502359       -0.01744941        0.03912971       -0.00000001        0.00000001        0.00000001
     4561.        0.03507429       -0.01758664        0.03923641       -0.00000001        0.00000001        0.00000001
     4562.        0.03512496       -0.01772335        0.03934311       -0.00000001        0.00000001        0.00000001
     4563.        0.03517560       -0.01785961        0.03944982       -0.00000001        0.00000001        0.00000001
     4564.        0.03522552       -0.01799538        0.03955593       -0.00000001        0.00000001        0.00000001
     4565.        0.03527575       -0.01813076        0.03966236       -0.00000001        0.00000001        0.00000001
     4566.        0.03532561       -0.01826581        0.03976856       -0.00000001        0.00000001        0.00000001
     4567.        0.03537543       -0.01840060        0.03987484       -0.00000001        0.00000001        0.00000001
     4568.        0.03542555       -0.01853519        0.03998153       -0.00000001        0.00000001        0.00000001
     4569.        0.03547564       -0.01866964        0.04008836       -0.00000001        0.00000001        0.00000001
     4570.        0.03552603       -0.01880406        0.04019566       -0.00000001        0.00000001        0.00000001
     4571.        0.03557639       -0.01893855        0.04030320       -0.00000001        0.00000001        0.00000001
     4572.        0.03562671       -0.01907317        0.04041099       -0.00000001        0.00000001        0.00000001
     4573.        0.03567734       -0.01920798        0.04051937       -0.00000001        0.00000001        0.00000001
     4574.        0.03572794       -0.01934307        0.04062807       -0.00000001        0.00000001        0.00000001
     4575.        0.03577885       -0.01947852        0.04073744       -0.00000001        0.00000001        0.00000001
     4576.        0.03582939       -0.01961441        0.04084691       -0.00000001        0.00000001        0.00000001
     4577.        0.03588023       -0.01975081        0.04095712       -0.00000001        0.00000001        0.00000001
     4578.        0.03593105       -0.01988771        0.04106777       -0.00000001        0.00000001        0.00000001
     4579.        0.03598149       -0.02002522        0.04117860       -0.00000001        0.00000001        0.00000001
     4580.        0.03603191       -0.02016338        0.04128995       -0.00000001        0.00000001        0.00000001
     4581.        0.03608194       -0.02030219        0.04140152       -0.00000001        0.00000001        0.00000001
     4582.        0.03613161       -0.02044168        0.04151331       -0.00000001        0.00000001        0.00000001
     4583.        0.03618123       -0.02058185        0.04162564       -0.00000001        0.00000001        0.00000001
     4584.        0.03623014       -0.02072278        0.04173795       -0.00000001        0.00000001        0.00000001
     4585.        0.03627867       -0.02086439        0.04185050       -0.00000001        0.00000001        0.00000001
     4586.        0.03632681       -0.02100673        0.04196332       -0.00000001        0.00000001        0.00000001
     4587.        0.03637388       -0.02114976        0.04207578       -0.00000001        0.00000001        0.00000001
     4588.        0.03642056       -0.02129348        0.04218850       -0.00000001        0.00000001        0.00000001
     4589.        0.03646651       -0.02143786        0.04230116       -0.00000001        0.00000001        0.00000001
     4590.        0.03651137       -0.02158283        0.04241343       -0.00000001        0.00000001        0.00000001
     4591.        0.03655584       -0.02172843        0.04252592       -0.00000001        0.00000001        0.00000001
     4592.        0.03659886       -0.02187459        0.04263771       -0.00000001        0.00000001        0.00000001
     4593.        0.03664149       -0.02202127        0.04274967       -0.00000001        0.00000001        0.00000001
     4594.        0.03668301       -0.02216843        0.04286120       -0.00000001        0.00000001        0.00000001
     4595.        0.03672343       -0.02231602        0.04297226       -0.00000001        0.00000001        0.00000001
     4596.        0.03676274       -0.02246403        0.04308285       -0.00000001        0.00000001        0.00000001
     4597.        0.03680094       -0.02261236        0.04319291       -0.00000001        0.00000001        0.00000001
     4598.        0.03683837       -0.02276099        0.04330275       -0.00000001        0.00000001        0.00000001
     4599.        0.03687468       -0.02290984        0.04341201       -0.00000001        0.00000001        0.00000001
     4600.        0.03690986       -0.02305893        0.04352071       -0.00000001        0.00000001        0.00000001
     4601.        0.03694392       -0.02320820        0.04362881       -0.00000001        0.00000001        0.00000001
     4602.        0.03697684       -0.02335756        0.04373628       -0.00000001        0.00000001        0.00000001
     4603.        0.03700897       -0.02350699        0.04384339       -0.00000001        0.00000001        0.00000001
     4604.        0.03703997       -0.02365648        0.04394984       -0.00000001        0.00000001        0.00000001
     4605.        0.03706981       -0.02380593        0.04405557       -0.00000001        0.00000001        0.00000001
     4606.        0.03709851       -0.02395537        0.04416060       -0.00000001        0.00000001        0.00000001
     4607.        0.03712605       -0.02410472        0.04426490       -0.00000001        0.00000001        0.00000001
     4608.        0.03715315       -0.02425399        0.04436905       -0.00000001        0.00000001        0.00000001
     4609.        0.03717873       -0.02440310        0.04447211       -0.00000001        0.00000001        0.00000001
     4610.        0.03720350       -0.02455208        0.04457471       -0.00000001        0.00000001        0.00000001
     4611.        0.03722746       -0.02470087        0.04467680       -0.00000001        0.00000001        0.00000001
     4612.        0.03725024       -0.02484945        0.04477807       -0.00000001        0.00000001        0.00000001
     4613.        0.03727221       -0.02499780        0.04487881       -0.00000001        0.00000001        0.00000001
     4614.        0.03729336       -0.02514591        0.04497901       -0.00000001        0.00000001        0.00000001
     4615.        0.03731368       -0.02529377        0.04507866       -0.00000001        0.00000001        0.00000001
     4616.        0.03733282       -0.02544139        0.04517746       -0.00000001        0.00000001        0.00000001
     4617.        0.03735148       -0.02558868        0.04527598       -0.00000001        0.00000001        0.00000001
     4618.        0.03736896       -0.02573573        0.04537363       -0.00000001        0.00000001        0.00000001
     4619.        0.03738596       -0.02588249        0.04547101       -0.00000001        0.00000001        0.00000001
     4620.        0.03740212       -0.02602891        0.04556778       -0.00000001        0.00000001        0.00000001
     4621.        0.03741744       -0.02617505        0.04566397       -0.00000001        0.00000001        0.00000001
     4622.        0.03743229       -0.02632089        0.04575986       -0.00000001        0.00000001        0.00000001
     4623.        0.03744592       -0.02646639        0.04585484       -0.00000001        0.00000001        0.00000001
     4624.        0.03745907       -0.02661159        0.04594952       -0.00000001        0.00000001        0.00000001
     4625.        0.03747174       -0.02675645        0.04604388       -0.00000001        0.00000001        0.00000001
     4626.        0.03748355       -0.02690100        0.04613763       -0.00000001        0.00000001        0.00000001
     4627.        0.03749451       -0.02704521        0.04623075       -0.00000001        0.00000001        0.00000001
     4628.        0.03750498       -0.02718911        0.04632355       -0.00000001        0.00000001        0.00000001
     4629.        0.03751459       -0.02733265        0.04641571       -0.00000001        0.00000001        0.00000001
     4630.        0.03752370       -0.02747588        0.04650755       -0.00000001        0.00000001        0.00000001
     4631.        0.03753195       -0.02761879        0.04659877       -0.00000001        0.00000001        0.00000001
     4632.        0.03753970       -0.02776131        0.04668961       -0.00000001        0.00000001        0.00000001
     4633.        0.03754695       -0.02790350        0.04678011       -0.00000001        0.00000001        0.00000001
     4634.        0.03755334       -0.02804536        0.04686998       -0.00000001        0.00000001        0.00000001
     4635.        0.03755922       -0.02818682        0.04695947       -0.00000001        0.00000001        0.00000001
     4636.        0.03756459       -0.02832795        0.04704861       -0.00000001        0.00000001        0.00000001
     4637.        0.03756909       -0.02846871        0.04713708       -0.00000001        0.00000001        0.00000001
     4638.        0.03757345       -0.02860906        0.04722544       -0.00000001        0.00000001        0.00000001
     4639.        0.03757693       -0.02874907        0.04731316       -0.00000001        0.00000001        0.00000001
     4640.        0.03757953       -0.02888866        0.04740017       -0.00000001        0.00000001        0.00000001
     4641.        0.03758199       -0.02902783        0.04748706       -0.00000001        0.00000001        0.00000001
     4642.        0.03758356       -0.02916662        0.04757327       -0.00000001        0.00000001        0.00000001
     4643.        0.03758462       -0.02930502        0.04765908       -0.00000001        0.00000001        0.00000001
     4644.        0.03758554       -0.02944296        0.04774474       -0.00000001        0.00000001        0.00000001
     4645.        0.03758556       -0.02958051        0.04782971       -0.00000001        0.00000001        0.00000001
     4646.        0.03758507       -0.02971758        0.04791421       -0.00000001        0.00000001        0.00000001
     4647.        0.03758394       -0.02985422        0.04799820       -0.00000001        0.00000001        0.00000001
     4648.        0.03758244       -0.02999039        0.04808184       -0.00000001        0.00000001        0.00000001
     4649.        0.03758045       -0.03012612        0.04816506       -0.00000001        0.00000001        0.00000001
     4650.        0.03757801       -0.03026140        0.04824790       -0.00000001        0.00000001        0.00000001
     4651.        0.03757506       -0.03039620        0.04833026       -0.00000001        0.00000001        0.00000001
     4652.        0.03757168       -0.03053051        0.04841222       -0.00000001        0.00000001        0.00000001
     4653.        0.03756790       -0.03066434        0.04849380       -0.00000001        0.00000001        0.00000001
     4654.        0.03756366       -0.03079767        0.04857494       -0.00000001        0.00000001        0.00000001
     4655.        0.03755904       -0.03093050        0.04865570       -0.00000001        0.00000001        0.00000001
     4656.        0.03755404       -0.03106284        0.04873609       -0.00000001        0.00000001        0.00000001
     4657.        0.03754867       -0.03119472        0.04881611       -0.00000001        0.00000001        0.00000001
     4658.        0.03754299       -0.03132605        0.04889578       -0.00000001        0.00000001        0.00000001
     4659.        0.03753693       -0.03145692        0.04897509       -0.00000001        0.00000001        0.00000001
     4660.        0.03753061       -0.03158728        0.04905408       -0.00000001        0.00000001        0.00000001
     4661.        0.03752394       -0.03171717        0.04913272       -0.00000001        0.00000001        0.00000001
     4662.        0.03751704       -0.03184654        0.04921108       -0.00000001        0.00000001        0.00000001
     4663.        0.03750988       -0.03197543        0.04928914       -0.00000001        0.00000001        0.00000001
     4664.        0.03750248       -0.03210384        0.04936692       -0.00000001        0.00000001        0.00000001
     4665.        0.03749490       -0.03223177        0.04944446       -0.00000001        0.00000001        0.00000001
     4666.        0.03748708       -0.03235925        0.04952174       -0.00000001        0.00000001        0.00000001
     4667.        0.03747908       -0.03248624        0.04959876       -0.00000001        0.00000001        0.00000001
     4668.        0.03747092       -0.03261281        0.04967560       -0.00000001        0.00000001        0.00000001
     4669.        0.03746265       -0.03273889        0.04975224       -0.00000001        0.00000001        0.00000001
     4670.        0.03745423       -0.03286459        0.04982871       -0.00000001        0.00000001        0.00000001
     4671.        0.03744569       -0.03298983        0.04990500       -0.00000001        0.00000001        0.00000001
     4672.        0.03743705       -0.03311472        0.04998117       -0.00000001        0.00000001        0.00000001
     4673.        0.03742832       -0.03323915        0.05005717       -0.00000001        0.00000001        0.00000001
     4674.        0.03741953       -0.03336327        0.05013311       -0.00000001        0.00000001        0.00000001
     4675.        0.03741066       -0.03348699        0.05020893       -0.00000001        0.00000001        0.00000001
     4676.        0.03740176       -0.03361036        0.05028467       -0.00000001        0.00000001        0.00000001
     4677.        0.03739283       -0.03373341        0.05036037       -0.00000001        0.00000001        0.00000001
     4678.        0.03738386       -0.03385618        0.05043604       -0.00000001        0.00000001        0.00000001
     4679.        0.03737487       -0.03397863        0.05051166       -0.00000001        0.00000001        0.00000001
     4680.        0.03736588       -0.03410079        0.05058728       -0.00000001        0.00000001        0.00000001
     4681.        0.03735686       -0.03422271        0.05066290       -0.00000001        0.00000001        0.00000001
     4682.        0.03734785       -0.03434442        0.05073856       -0.00000001        0.00000001        0.00000001
     4683.        0.03733889       -0.03446588        0.05081427       -0.00000001        0.00000001        0.00000001
     4684.        0.03732990       -0.03458716        0.05089002       -0.00000001        0.00000001        0.00000001
     4685.        0.03732089       -0.03470824        0.05096578       -0.00000001        0.00000001        0.00000001
     4686.        0.03731192       -0.03482917        0.05104166       -0.00000001        0.00000001        0.00000001
     4687.        0.03730297       -0.03494997        0.05111763       -0.00000001        0.00000001        0.00000001
     4688.        0.03729404       -0.03507067        0.05119372       -0.00000001        0.00000001        0.00000001
     4689.        0.03728507       -0.03519123        0.05126987       -0.00000001        0.00000001        0.00000001
     4690.        0.03727613       -0.03531173        0.05134616       -0.00000001        0.00000001        0.00000001
     4691.        0.03726720       -0.03543217        0.05142259       -0.00000001        0.00000001        0.00000001
     4692.        0.03725824       -0.03555259        0.05149916       -0.00000001        0.00000001        0.00000001
     4693.        0.03724927       -0.03567298        0.05157586       -0.00000001        0.00000001        0.00000001
     4694.        0.03724023       -0.03579334        0.05165267       -0.00000001        0.00000001        0.00000001
     4695.        0.03723121       -0.03591369        0.05172964       -0.00000001        0.00000001        0.00000001
     4696.        0.03722212       -0.03603412        0.05180680       -0.00000001        0.00000001        0.00000001
     4697.        0.03721298       -0.03615457        0.05188409       -0.00000001        0.00000001        0.00000001
     4698.        0.03720374       -0.03627507        0.05196151       -0.00000001        0.00000001        0.00000001
     4699.        0.03719443       -0.03639563        0.05203910       -0.00000001        0.00000001        0.00000001
     4700.        0.03718503       -0.03651627        0.05211684       -0.00000001        0.00000001        0.00000001
     4701.        0.03717553       -0.03663705        0.05219476       -0.00000001        0.00000001        0.00000001
     4702.        0.03716589       -0.03675788        0.05227279       -0.00000001        0.00000001        0.00000001
     4703.        0.03715610       -0.03687889        0.05235101       -0.00000001        0.00000001        0.00000001
     4704.        0.03714614       -0.03699998        0.05242933       -0.00000001        0.00000001        0.00000001
     4705.        0.03713604       -0.03712121        0.05250781       -0.00000001        0.00000001        0.00000001
     4706.        0.03712572       -0.03724260        0.05258641       -0.00000001        0.00000001        0.00000001
     4707.        0.03711518       -0.03736413        0.05266512       -0.00000001        0.00000001        0.00000001
     4708.        0.03710442       -0.03748583        0.05274396       -0.00000001        0.00000001        0.00000001
     4709.        0.03709340       -0.03760771        0.05282291       -0.00000001        0.00000001        0.00000001
     4710.        0.03708215       -0.03772971        0.05290196       -0.00000001        0.00000001        0.00000001
     4711.        0.03707056       -0.03785188        0.05298105       -0.00000001        0.00000001        0.00000001
     4712.        0.03705867       -0.03797423        0.05306023       -0.00000001        0.00000001        0.00000001
     4713.        0.03704648       -0.03809679        0.05313951       -0.00000001        0.00000001        0.00000001
     4714.        0.03703394       -0.03821944        0.05321878       -0.00000001        0.00000001        0.00000001
     4715.        0.03702102       -0.03834230        0.05329810       -0.00000001        0.00000001        0.00000001
     4716.        0.03700770       -0.03846533        0.05337745       -0.00000001        0.00000001        0.00000001
     4717.        0.03699400       -0.03858850        0.05345679       -0.00000001        0.00000001        0.00000001
     4718.        0.03697987       -0.03871183        0.05353613       -0.00000001        0.00000001        0.00000001
     4719.        0.03696531       -0.03883530        0.05361543       -0.00000001        0.00000001        0.00000001
     4720.        0.03695028       -0.03895889        0.05369468       -0.00000001        0.00000001        0.00000001
     4721.        0.03693477       -0.03908262        0.05377386       -0.00000001        0.00000001        0.00000001
     4722.        0.03691879       -0.03920647        0.05385299       -0.00000001        0.00000001        0.00000001
     4723.        0.03690225       -0.03933046        0.05393200       -0.00000001        0.00000001        0.00000001
     4724.        0.03688523       -0.03945453        0.05401093       -0.00000001        0.00000001        0.00000001
     4725.        0.03686766       -0.03957869        0.05408971       -0.00000001        0.00000001        0.00000001
     4726.        0.03684952       -0.03970294        0.05416835       -0.00000001        0.00000001        0.00000001
     4727.        0.03683081       -0.03982723        0.05424682       -0.00000001        0.00000001        0.00000001
     4728.        0.03681154       -0.03995157        0.05432512       -0.00000001        0.00000001        0.00000001
     4729.        0.03679163       -0.04007596        0.05440318       -0.00000001        0.00000001        0.00000001
     4730.        0.03677114       -0.04020035        0.05448105       -0.00000001        0.00000001        0.00000001
     4731.        0.03675000       -0.04032478        0.05455869       -0.00000001        0.00000001        0.00000001
     4732.        0.03672825       -0.04044917        0.05463607       -0.00000001        0.00000001        0.00000001
     4733.        0.03670585       -0.04057352        0.05471316       -0.00000001        0.00000001        0.00000001
     4734.        0.03668279       -0.04069783        0.05478997       -0.00000001        0.00000001        0.00000001
     4735.        0.03665911       -0.04082206        0.05486648       -0.00000001        0.00000001        0.00000001
     4736.        0.03663469       -0.04094620        0.05494262       -0.00000001        0.00000001        0.00000001
     4737.        0.03660964       -0.04107026        0.05501847       -0.00000001        0.00000001        0.00000001
     4738.        0.03658389       -0.04119419        0.05509394       -0.00000001        0.00000001        0.00000001
     4739.        0.03655748       -0.04131799        0.05516906       -0.00000001        0.00000001        0.00000001
     4740.        0.03653036       -0.04144161        0.05524377       -0.00000001        0.00000001        0.00000001
     4741.        0.03650252       -0.04156507        0.05531807       -0.00000001        0.00000001        0.00000001
     4742.        0.03647402       -0.04168830        0.05539196       -0.00000001        0.00000001        0.00000001
     4743.        0.03644485       -0.04181132        0.05546542       -0.00000001        0.00000001        0.00000001
     4744.        0.03641491       -0.04193408        0.05553839       -0.00000001        0.00000001        0.00000001
     4745.        0.03638435       -0.04205657        0.05561093       -0.00000001        0.00000001        0.00000001
     4746.        0.03635302       -0.04217880        0.05568297       -0.00000001        0.00000001        0.00000001
     4747.        0.03632106       -0.04230072        0.05575455       -0.00000001        0.00000001        0.00000001
     4748.        0.03628837       -0.04242228        0.05582559       -0.00000001        0.00000001        0.00000001
     4749.        0.03625500       -0.04254375        0.05589630       -0.00000001        0.00000001        0.00000001
