     4151.       -0.00000000       -0.00000010        0.00000010        0.00000000       -0.00000000        0.00000000
     4152.       -0.00000000       -0.00000002        0.00000002        0.00000000       -0.00000000        0.00000000
     4153.       -0.00000000       -0.00000000        0.00000000        0.00000000       -0.00000000        0.00000000
     4154.        0.00000000       -0.00000000        0.00000000       -0.00000000        0.00000000        0.00000000
     4155.        0.00000001       -0.00000000        0.00000001       -0.00000000        0.00000000        0.00000000
     4156.        0.00000009       -0.00000000        0.00000009       -0.00000000        0.00000000        0.00000000
     4157.        0.00000027       -0.00000000        0.00000027       -0.00000000        0.00000000        0.00000000
     4158.        0.00000064       -0.00000000        0.00000064       -0.00000000        0.00000000        0.00000000
     4159.        0.00000125       -0.00000000        0.00000125       -0.00000000        0.00000000        0.00000000
     4160.        0.00000219       -0.00000000        0.00000219       -0.00000000        0.00000000        0.00000000
     4161.        0.00000351       -0.00000000        0.00000351       -0.00000000        0.00000000        0.00000000
     4162.        0.00000529       -0.00000000        0.00000529       -0.00000000        0.00000000        0.00000000
     4163.        0.00000760       -0.00000000        0.00000760       -0.00000000        0.00000000        0.00000000
     4164.        0.00001050       -0.00000000        0.00001050       -0.00000000        0.00000000        0.00000000
     4165.        0.00001405       -0.00000000        0.00001405       -0.00000000        0.00000000        0.00000000
     4166.        0.00001831       -0.00000000        0.00001831       -0.00000000        0.00000000        0.00000000
     4167.        0.00002335       -0.00000000        0.00002335       -0.00000000        0.00000000        0.00000000
     4168.        0.00002920       -0.00000000        0.00002920       -0.00000000        0.00000000        0.00000000
     4169.        0.00003594       -0.00000000        0.00003594       -0.00000000        0.00000000        0.00000000
     4170.        0.00004359       -0.00000000        0.00004359       -0.00000000        0.00000000        0.00000000
     4171.        0.00005220       -0.00000001        0.00005220       -0.00000000        0.00000000        0.00000000
     4172.        0.00006182       -0.00000001        0.00006182       -0.00000000        0.00000000        0.00000000
     4173.        0.00007247       -0.00000001        0.00007247       -0.00000000        0.00000000        0.00000000
     4174.        0.00008421       -0.00000001        0.00008421       -0.00000000        0.00000000        0.00000000
     4175.        0.00009705       -0.00000001        0.00009705       -0.00000000        0.00000000        0.00000000
     4176.        0.00011102       -0.00000002        0.00011102       -0.00000000        0.00000000        0.00000000
     4177.        0.00012615       -0.00000002        0.00012615       -0.00000000        0.00000000        0.00000000
     4178.        0.00014247       -0.00000003        0.00014247       -0.00000000        0.00000000        0.00000000
     4179.        0.00015999       -0.00000003        0.00015999       -0.00000000        0.00000000        0.00000000
     4180.        0.00017873       -0.00000004        0.00017873       -0.00000000        0.00000000        0.00000000
     4181.        0.00019871       -0.00000005        0.00019871       -0.00000000        0.00000000        0.00000000
     4182.        0.00021994       -0.00000006        0.00021994       -0.00000000        0.00000000        0.00000000
     4183.        0.00024243       -0.00000007        0.00024243       -0.00000000        0.00000000        0.00000000
     4184.        0.00026619       -0.00000009        0.00026619       -0.00000000        0.00000000        0.00000000
     4185.        0.00029124       -0.00000010        0.00029124       -0.00000000        0.00000000        0.00000000
     4186.        0.00031756       -0.00000012        0.00031756       -0.00000000        0.00000000        0.00000000
     4187.        0.00034518       -0.00000014        0.00034518       -0.00000000        0.00000000        0.00000000
     4188.        0.00037410       -0.00000016        0.00037410       -0.00000000        0.00000000        0.00000000
     4189.        0.00040430       -0.00000019        0.00040430       -0.00000000        0.00000000        0.00000000
     4190.        0.00043580       -0.00000022        0.00043580       -0.00000000        0.00000000        0.00000000
     4191.        0.00046860       -0.00000025        0.00046860       -0.00000000        0.00000000        0.00000000
     4192.        0.00050268       -0.00000028        0.00050268       -0.00000000        0.00000000        0.00000000
     4193.        0.00053806       -0.00000032        0.00053806       -0.00000000        0.00000000        0.00000000
     4194.        0.00057471       -0.00000037        0.00057471       -0.00000000        0.00000000        0.00000000
     4195.        0.00061264       -0.00000042        0.00061264       -0.00000000        0.00000000        0.00000000
     4196.        0.00065184       -0.00000048        0.00065184       -0.00000000        0.00000000        0.00000000
     4197.        0.00069230       -0.00000054        0.00069230       -0.00000000        0.00000000        0.00000000
     4198.        0.00073402       -0.00000060        0.00073402       -0.00000000        0.00000000        0.00000000
     4199.        0.00077697       -0.00000068        0.00077697       -0.00000000        0.00000000        0.00000000
     4200.        0.00082117       -0.00000075        0.00082117       -0.00000000        0.00000000        0.00000000
     4201.        0.00086658       -0.00000084        0.00086658       -0.00000000        0.00000000        0.00000000
     4202.        0.00091321       -0.00000093        0.00091321       -0.00000000        0.00000000        0.00000000
     4203.        0.00096105       -0.00000102        0.00096105       -0.00000000        0.00000000        0.00000000
     4204.        0.00101007       -0.00000112        0.00101007       -0.00000000        0.00000000        0.00000000
     4205.        0.00106027       -0.00000123        0.00106027       -0.00000000        0.00000000        0.00000000
     4206.        0.00111164       -0.00000135        0.00111164       -0.00000000        0.00000000        0.00000000
     4207.        0.00116416       -0.00000147        0.00116416       -0.00000000        0.00000000        0.00000000
     4208.        0.00121783       -0.00000160        0.00121783       -0.00000000        0.00000000        0.00000000
     4209.        0.00127262       -0.00000174        0.00127262       -0.00000000        0.00000000        0.00000000
     4210.        0.00132852       -0.00000189        0.00132852       -0.00000000        0.00000000        0.00000000
     4211.        0.00138552       -0.00000204        0.00138552       -0.00000000        0.00000000        0.00000000
     4212.        0.00144361       -0.00000221        0.00144361       -0.00000000        0.00000000        0.00000000
     4213.        0.00150277       -0.00000240        0.00150277       -0.00000000        0.00000000        0.00000000
     4214.        0.00156298       -0.00000259        0.00156298       -0.00000000        0.00000000        0.00000000
     4215.        0.00162424       -0.00000279        0.00162424       -0.00000000        0.00000000        0.00000000
     4216.        0.00168651       -0.00000301        0.00168651       -0.00000000        0.00000000        0.00000000
     4217.        0.00174979       -0.00000325        0.00174979       -0.00000000        0.00000000        0.00000000
     4218.        0.00181407       -0.00000349        0.00181407       -0.00000000        0.00000000        0.00000000
     4219.        0.00187933       -0.00000375        0.00187933       -0.00000000        0.00000000        0.00000000
     4220.        0.00194555       -0.00000403        0.00194555       -0.00000000        0.00000000        0.00000000
     4221.        0.00201270       -0.00000432        0.00201271       -0.00000000        0.00000000        0.00000000
     4222.        0.00208081       -0.00000462        0.00208081       -0.00000000        0.00000000        0.00000000
     4223.        0.00214981       -0.00000494        0.00214982       -0.00000000        0.00000000        0.00000000
     4224.        0.00221972       -0.00000527        0.00221973       -0.00000000        0.00000000        0.00000000
     4225.        0.00229052       -0.00000561        0.00229053       -0.00000000        0.00000000        0.00000000
     4226.        0.00236219       -0.00000597        0.00236220       -0.00000000        0.00000000        0.00000000
     4227.        0.00243472       -0.00000634        0.00243473       -0.00000000        0.00000000        0.00000000
     4228.        0.00250809       -0.00000673        0.00250810       -0.00000000        0.00000000        0.00000000
     4229.        0.00258229       -0.00000712        0.00258230       -0.00000000        0.00000000        0.00000000
     4230.        0.00265730       -0.00000753        0.00265731       -0.00000000        0.00000000        0.00000000
     4231.        0.00273311       -0.00000795        0.00273312       -0.00000000        0.00000000        0.00000000
     4232.        0.00280970       -0.00000839        0.00280971       -0.00000000        0.00000000        0.00000000
     4233.        0.00288706       -0.00000884        0.00288708       -0.00000000        0.00000000        0.00000000
     4234.        0.00296519       -0.00000930        0.00296520       -0.00000000        0.00000000        0.00000000
     4235.        0.00304406       -0.00000978        0.00304408       -0.00000000        0.00000000        0.00000000
     4236.        0.00312367       -0.00001028        0.00312369       -0.00000000        0.00000000        0.00000000
     4237.        0.00320398       -0.00001079        0.00320400       -0.00000000        0.00000000        0.00000000
     4238.        0.00328501       -0.00001132        0.00328502       -0.00000000        0.00000000        0.00000000
     4239.        0.00336673       -0.00001187        0.00336675       -0.00000000        0.00000000        0.00000000
     4240.        0.00344911       -0.00001244        0.00344914       -0.00000000        0.00000000        0.00000000
     4241.        0.00353216       -0.00001303        0.00353219       -0.00000000        0.00000000        0.00000000
     4242.        0.00361587       -0.00001364        0.00361590       -0.00000000        0.00000000        0.00000000
     4243.        0.00370022       -0.00001427        0.00370025       -0.00000000        0.00000000        0.00000000
     4244.        0.00378518       -0.00001493        0.00378521       -0.00000000        0.00000000        0.00000000
     4245.        0.00387076       -0.00001561        0.00387079       -0.00000000        0.00000000        0.00000000
     4246.        0.00395694       -0.00001631        0.00395698       -0.00000000        0.00000000        0.00000000
     4247.        0.00404369       -0.00001704        0.00404373       -0.00000000        0.00000000        0.00000000
     4248.        0.00413104       -0.00001779        0.00413108       -0.00000000        0.00000000        0.00000000
     4249.        0.00421893       -0.00001856        0.00421897       -0.00000000        0.00000000        0.00000000
     4250.        0.00430737       -0.00001936        0.00430741       -0.00000000        0.00000000        0.00000000
     4251.        0.00439635       -0.00002019        0.00439640       -0.00000000        0.00000000        0.00000000
     4252.        0.00448585       -0.00002104        0.00448589       -0.00000000        0.00000000        0.00000000
     4253.        0.00457587       -0.00002192        0.00457592       -0.00000000        0.00000000        0.00000000
     4254.        0.00466637       -0.00002282        0.00466642       -0.00000000        0.00000000        0.00000000
     4255.        0.00475738       -0.00002374        0.00475744       -0.00000000        0.00000000        0.00000000
     4256.        0.00484884       -0.00002469        0.00484890       -0.00000000        0.00000000        0.00000000
     4257.        0.00494079       -0.00002566        0.00494085       -0.00000000        0.00000000        0.00000000
     4258.        0.00503320       -0.00002665        0.00503327       -0.00000000        0.00000000        0.00000000
     4259.        0.00512603       -0.00002767        0.00512611       -0.00000000        0.00000000        0.00000000
     4260.        0.00521932       -0.00002870        0.00521940       -0.00000000        0.00000000        0.00000000
     4261.        0.00531303       -0.00002976        0.00531311       -0.00000000        0.00000000        0.00000000
     4262.        0.00540715       -0.00003083        0.00540724       -0.00000000        0.00000000        0.00000000
     4263.        0.00550170       -0.00003193        0.00550179       -0.00000000        0.00000000        0.00000000
     4264.        0.00559663       -0.00003304        0.00559673       -0.00000000        0.00000000        0.00000000
     4265.        0.00569195       -0.00003417        0.00569205       -0.00000000        0.00000000        0.00000000
     4266.        0.00578766       -0.00003532        0.00578777       -0.00000000        0.00000000        0.00000000
     4267.        0.00588375       -0.00003649        0.00588386       -0.00000000        0.00000000        0.00000000
     4268.        0.00598019       -0.00003768        0.00598030       -0.00000000        0.00000000        0.00000000
     4269.        0.00607699       -0.00003889        0.00607712       -0.00000000        0.00000000        0.00000000
     4270.        0.00617416       -0.00004011        0.00617429       -0.00000000        0.00000000        0.00000000
     4271.        0.00627166       -0.00004136        0.00627180       -0.00000000        0.00000000        0.00000000
     4272.        0.00636951       -0.00004262        0.00636965       -0.00000000        0.00000000        0.00000000
     4273.        0.00646766       -0.00004391        0.00646781       -0.00000000        0.00000000        0.00000000
     4274.        0.00656616       -0.00004521        0.00656631       -0.00000000        0.00000000        0.00000000
     4275.        0.00666496       -0.00004654        0.00666513       -0.00000000        0.00000000        0.00000000
     4276.        0.00676408       -0.00004788        0.00676425       -0.00000000        0.00000000        0.00000000
     4277.        0.00686350       -0.00004925        0.00686368       -0.00000000        0.00000000        0.00000000
     4278.        0.00696321       -0.00005065        0.00696339       -0.00000000        0.00000000        0.00000000
     4279.        0.00706322       -0.00005207        0.00706341       -0.00000000        0.00000000        0.00000000
     4280.        0.00716350       -0.00005351        0.00716370       -0.00000000        0.00000000        0.00000000
     4281.        0.00726405       -0.00005498        0.00726426       -0.00000000        0.00000000        0.00000000
     4282.        0.00736487       -0.00005648        0.00736508       -0.00000000        0.00000000        0.00000000
     4283.        0.00746597       -0.00005801        0.00746619       -0.00000000        0.00000000        0.00000000
     4284.        0.00756730       -0.00005956        0.00756753       -0.00000000        0.00000000        0.00000000
     4285.        0.00766889       -0.00006115        0.00766913       -0.00000000        0.00000000        0.00000000
     4286.        0.00777071       -0.00006276        0.00777097       -0.00000000        0.00000000        0.00000000
     4287.        0.00787278       -0.00006441        0.00787304       -0.00000000        0.00000000        0.00000000
     4288.        0.00797507       -0.00006609        0.00797534       -0.00000000        0.00000000        0.00000000
     4289.        0.00807759       -0.00006780        0.00807787       -0.00000000        0.00000000        0.00000000
     4290.        0.00818031       -0.00006954        0.00818061       -0.00000000        0.00000000        0.00000000
     4291.        0.00828325       -0.00007131        0.00828356       -0.00000000        0.00000000        0.00000000
     4292.        0.00838641       -0.00007312        0.00838672       -0.00000000        0.00000000        0.00000000
     4293.        0.00848975       -0.00007496        0.00849008       -0.00000000        0.00000000        0.00000000
     4294.        0.00859330       -0.00007684        0.00859364       -0.00000000        0.00000000        0.00000000
     4295.        0.00869701       -0.00007874        0.00869737       -0.00000000        0.00000000        0.00000000
     4296.        0.00880094       -0.00008068        0.00880131       -0.00000000        0.00000000        0.00000000
     4297.        0.00890502       -0.00008266        0.00890540       -0.00000000        0.00000000        0.00000000
     4298.        0.00900927       -0.00008466        0.00900967       -0.00000000        0.00000000        0.00000000
     4299.        0.00911371       -0.00008670        0.00911412       -0.00000000        0.00000000        0.00000000
     4300.        0.00921828       -0.00008876        0.00921871       -0.00000000        0.00000000        0.00000000
     4301.        0.00932304       -0.00009086        0.00932348       -0.00000001        0.00000000        0.00000001
     4302.        0.00942792       -0.00009299        0.00942838       -0.00000001        0.00000000        0.00000001
     4303.        0.00953298       -0.00009515        0.00953345       -0.00000001        0.00000000        0.00000001
     4304.        0.00963818       -0.00009734        0.00963867       -0.00000001        0.00000000        0.00000001
     4305.        0.00974350       -0.00009955        0.00974401       -0.00000001        0.00000000        0.00000001
     4306.        0.00984898       -0.00010179        0.00984951       -0.00000001        0.00000000        0.00000001
     4307.        0.00995459       -0.00010406        0.00995513       -0.00000001        0.00000000        0.00000001
     4308.        0.01006033       -0.00010636        0.01006089       -0.00000001        0.00000000        0.00000001
     4309.        0.01016619       -0.00010868        0.01016678       -0.00000001        0.00000000        0.00000001
     4310.        0.01027220       -0.00011102        0.01027280       -0.00000001        0.00000000        0.00000001
     4311.        0.01037830       -0.00011339        0.01037892       -0.00000001        0.00000000        0.00000001
     4312.        0.01048456       -0.00011578        0.01048520       -0.00000001        0.00000000        0.00000001
     4313.        0.01059090       -0.00011819        0.01059156       -0.00000001        0.00000000        0.00000001
     4314.        0.01069739       -0.00012062        0.01069807       -0.00000001        0.00000000        0.00000001
     4315.        0.01080399       -0.00012308        0.01080469       -0.00000001        0.00000000        0.00000001
     4316.        0.01091070       -0.00012555        0.01091142       -0.00000001        0.00000000        0.00000001
     4317.        0.01101751       -0.00012805        0.01101825       -0.00000001        0.00000000        0.00000001
     4318.        0.01112444       -0.00013056        0.01112521       -0.00000001        0.00000000        0.00000001
     4319.        0.01123149       -0.00013310        0.01123228       -0.00000001        0.00000000        0.00000001
     4320.        0.01133866       -0.00013565        0.01133947       -0.00000001        0.00000000        0.00000001
     4321.        0.01144593       -0.00013823        0.01144677       -0.00000001        0.00000000        0.00000001
     4322.        0.01155330       -0.00014083        0.01155416       -0.00000001        0.00000000        0.00000001
     4323.        0.01166080       -0.00014344        0.01166168       -0.00000001        0.00000000        0.00000001
     4324.        0.01176840       -0.00014608        0.01176930       -0.00000001        0.00000000        0.00000001
     4325.        0.01187610       -0.00014874        0.01187703       -0.00000001        0.00000000        0.00000001
     4326.        0.01198393       -0.00015142        0.01198488       -0.00000001        0.00000000        0.00000001
     4327.        0.01209186       -0.00015413        0.01209284       -0.00000001        0.00000000        0.00000001
     4328.        0.01219990       -0.00015687        0.01220091       -0.00000001        0.00000000        0.00000001
     4329.        0.01230807       -0.00015964        0.01230910       -0.00000001        0.00000000        0.00000001
     4330.        0.01241632       -0.00016244        0.01241739       -0.00000001        0.00000000        0.00000001
     4331.        0.01252471       -0.00016526        0.01252580       -0.00000001        0.00000000        0.00000001
     4332.        0.01263321       -0.00016812        0.01263433       -0.00000001        0.00000000        0.00000001
     4333.        0.01274181       -0.00017102        0.01274296       -0.00000001        0.00000000        0.00000001
     4334.        0.01285053       -0.00017398        0.01285171       -0.00000001        0.00000000        0.00000001
     4335.        0.01295937       -0.00017698        0.01296058       -0.00000001        0.00000000        0.00000001
     4336.        0.01306829       -0.00018003        0.01306953       -0.00000001        0.00000000        0.00000001
     4337.        0.01317733       -0.00018312        0.01317860       -0.00000001        0.00000000        0.00000001
     4338.        0.01328645       -0.00018624        0.01328775       -0.00000001        0.00000000        0.00000001
     4339.        0.01339570       -0.00018941        0.01339704       -0.00000001        0.00000000        0.00000001
     4340.        0.01350506       -0.00019263        0.01350644       -0.00000001        0.00000000        0.00000001
     4341.        0.01361455       -0.00019591        0.01361596       -0.00000001        0.00000000        0.00000001
     4342.        0.01372416       -0.00019926        0.01372561       -0.00000001        0.00000000        0.00000001
     4343.        0.01383387       -0.00020268        0.01383536       -0.00000001        0.00000000        0.00000001
     4344.        0.01394370       -0.00020619        0.01394522       -0.00000001        0.00000000        0.00000001
     4345.        0.01405362       -0.00020978        0.01405519       -0.00000001        0.00000000        0.00000001
     4346.        0.01416361       -0.00021345        0.01416522       -0.00000001        0.00000000        0.00000001
     4347.        0.01427370       -0.00021720        0.01427535       -0.00000001        0.00000000        0.00000001
     4348.        0.01438387       -0.00022101        0.01438556       -0.00000001        0.00000000        0.00000001
     4349.        0.01449414       -0.00022489        0.01449589       -0.00000001        0.00000000        0.00000001
     4350.        0.01460450       -0.00022883        0.01460629       -0.00000001        0.00000000        0.00000001
     4351.        0.01471496       -0.00023283        0.01471680       -0.00000001        0.00000000        0.00000001
     4352.        0.01482554       -0.00023691        0.01482743       -0.00000001        0.00000000        0.00000001
     4353.        0.01493622       -0.00024106        0.01493816       -0.00000001        0.00000000        0.00000001
     4354.        0.01504704       -0.00024532        0.01504904       -0.00000001        0.00000000        0.00000001
     4355.        0.01515795       -0.00024967        0.01516000       -0.00000001        0.00000000        0.00000001
     4356.        0.01526899       -0.00025415        0.01527111       -0.00000001        0.00000000        0.00000001
     4357.        0.01538013       -0.00025874        0.01538231       -0.00000001        0.00000000        0.00000001
     4358.        0.01549135       -0.00026346        0.01549359       -0.00000001        0.00000000        0.00000001
     4359.        0.01560266       -0.00026832        0.01560497       -0.00000001        0.00000000        0.00000001
     4360.        0.01571405       -0.00027330        0.01571643       -0.00000001        0.00000000        0.00000001
     4361.        0.01582550       -0.00027841        0.01582795       -0.00000001        0.00000000        0.00000001
     4362.        0.01593702       -0.00028364        0.01593955       -0.00000001        0.00000000        0.00000001
     4363.        0.01604858       -0.00028899        0.01605118       -0.00000001        0.00000000        0.00000001
     4364.        0.01616019       -0.00029445        0.01616287       -0.00000001        0.00000000        0.00000001
     4365.        0.01627184       -0.00030001        0.01627461       -0.00000001        0.00000000        0.00000001
     4366.        0.01638359       -0.00030566        0.01638644       -0.00000001        0.00000000        0.00000001
     4367.        0.01649538       -0.00031141        0.01649832       -0.00000001        0.00000000        0.00000001
     4368.        0.01660724       -0.00031724        0.01661027       -0.00000001        0.00000000        0.00000001
     4369.        0.01671921       -0.00032317        0.01672233       -0.00000001        0.00000000        0.00000001
     4370.        0.01683126       -0.00032920        0.01683448       -0.00000001        0.00000000        0.00000001
     4371.        0.01694339       -0.00033532        0.01694671       -0.00000001        0.00000000        0.00000001
     4372.        0.01705565       -0.00034157        0.01705907       -0.00000001        0.00000000        0.00000001
     4373.        0.01716801       -0.00034794        0.01717154       -0.00000001        0.00000000        0.00000001
     4374.        0.01728047       -0.00035445        0.01728411       -0.00000001        0.00000000        0.00000001
     4375.        0.01739306       -0.00036110        0.01739680       -0.00000001        0.00000000        0.00000001
     4376.        0.01750571       -0.00036791        0.01750958       -0.00000001        0.00000000        0.00000001
     4377.        0.01761849       -0.00037489        0.01762248       -0.00000001        0.00000000        0.00000001
     4378.        0.01773133       -0.00038204        0.01773545       -0.00000001        0.00000000        0.00000001
     4379.        0.01784427       -0.00038938        0.01784852       -0.00000001        0.00000000        0.00000001
     4380.        0.01795727       -0.00039689        0.01796166       -0.00000001        0.00000000        0.00000001
     4381.        0.01807034       -0.00040459        0.01807487       -0.00000001        0.00000000        0.00000001
     4382.        0.01818345       -0.00041247        0.01818813       -0.00000001        0.00000000        0.00000001
     4383.        0.01829662       -0.00042053        0.01830145       -0.00000001        0.00000000        0.00000001
     4384.        0.01840980       -0.00042877        0.01841479       -0.00000001        0.00000000        0.00000001
     4385.        0.01852302       -0.00043718        0.01852817       -0.00000001        0.00000000        0.00000001
     4386.        0.01863626       -0.00044575        0.01864159       -0.00000001        0.00000000        0.00000001
     4387.        0.01874951       -0.00045448        0.01875502       -0.00000001        0.00000000        0.00000001
     4388.        0.01886281       -0.00046335        0.01886850       -0.00000001        0.00000000        0.00000001
     4389.        0.01897612       -0.00047236        0.01898200       -0.00000001        0.00000000        0.00000001
     4390.        0.01908947       -0.00048151        0.01909554       -0.00000001        0.00000000        0.00000001
     4391.        0.01920287       -0.00049078        0.01920914       -0.00000001        0.00000000        0.00000001
     4392.        0.01931628       -0.00050018        0.01932276       -0.00000001        0.00000000        0.00000001
     4393.        0.01942979       -0.00050970        0.01943648       -0.00000001        0.00000000        0.00000001
     4394.        0.01954334       -0.00051935        0.01955024       -0.00000001        0.00000000        0.00000001
     4395.        0.01965698       -0.00052912        0.01966410       -0.00000001        0.00000000        0.00000001
     4396.        0.01977068       -0.00053903        0.01977802       -0.00000001        0.00000000        0.00000001
     4397.        0.01988451       -0.00054907        0.01989209       -0.00000001        0.00000000        0.00000001
     4398.        0.01999840       -0.00055926        0.02000622       -0.00000001        0.00000000        0.00000001
     4399.        0.02011243       -0.00056961        0.02012049       -0.00000001        0.00000000        0.00000001
     4400.        0.02022656       -0.00058013        0.02023487       -0.00000001        0.00000000        0.00000001
     4401.        0.02034082       -0.00059082        0.02034940       -0.00000001        0.00000000        0.00000001
     4402.        0.02045518       -0.00060171        0.02046403       -0.00000001        0.00000000        0.00000001
     4403.        0.02056965       -0.00061281        0.02057878       -0.00000001        0.00000000        0.00000001
     4404.        0.02068424       -0.00062412        0.02069366       -0.00000001        0.00000000        0.00000001
     4405.        0.02079894       -0.00063565        0.02080865       -0.00000001        0.00000000        0.00000001
     4406.        0.02091373       -0.00064743        0.02092375       -0.00000001        0.00000000        0.00000001
     4407.        0.02102862       -0.00065945        0.02103896       -0.00000001        0.00000000        0.00000001
     4408.        0.02114361       -0.00067172        0.02115428       -0.00000001        0.00000000        0.00000001
     4409.        0.02125867       -0.00068426        0.02126968       -0.00000001        0.00000000        0.00000001
     4410.        0.02137380       -0.00069706        0.02138516       -0.00000001        0.00000000        0.00000001
     4411.        0.02148899       -0.00071013        0.02150072       -0.00000001        0.00000000        0.00000001
     4412.        0.02160421       -0.00072348        0.02161632       -0.00000001        0.00000000        0.00000001
     4413.        0.02171948       -0.00073710        0.02173199       -0.00000001        0.00000000        0.00000001
     4414.        0.02183480       -0.00075099        0.02184771       -0.00000001        0.00000000        0.00000001
     4415.        0.02195012       -0.00076515        0.02196346       -0.00000001        0.00000000        0.00000001
     4416.        0.02206546       -0.00077958        0.02207923       -0.00000001        0.00000000        0.00000001
     4417.        0.02218080       -0.00079427        0.02219502       -0.00000001        0.00000000        0.00000001
     4418.        0.02229613       -0.00080922        0.02231081       -0.00000001        0.00000000        0.00000001
     4419.        0.02241148       -0.00082442        0.02242664       -0.00000001        0.00000000        0.00000001
     4420.        0.02252681       -0.00083986        0.02254246       -0.00000001        0.00000000        0.00000001
     4421.        0.02264212       -0.00085553        0.02265828       -0.00000001        0.00000000        0.00000001
     4422.        0.02275745       -0.00087144        0.02277413       -0.00000001        0.00000000        0.00000001
     4423.        0.02287275       -0.00088757        0.02288997       -0.00000001        0.00000000        0.00000001
     4424.        0.02298805       -0.00090392        0.02300582       -0.00000001        0.00000000        0.00000001
     4425.        0.02310335       -0.00092047        0.02312168       -0.00000001        0.00000000        0.00000001
     4426.        0.02321866       -0.00093724        0.02323757       -0.00000001        0.00000000        0.00000001
     4427.        0.02333399       -0.00095421        0.02335350       -0.00000001        0.00000000        0.00000001
     4428.        0.02344932       -0.00097138        0.02346943       -0.00000001        0.00000000        0.00000001
     4429.        0.02356470       -0.00098875        0.02358544       -0.00000001        0.00000000        0.00000001
     4430.        0.02368011       -0.00100633        0.02370148       -0.00000001        0.00000000        0.00000001
     4431.        0.02379555       -0.00102411        0.02381758       -0.00000001        0.00000000        0.00000001
     4432.        0.02391105       -0.00104210        0.02393375       -0.00000001        0.00000000        0.00000001
     4433.        0.02402662       -0.00106030        0.02405001       -0.00000001        0.00000000        0.00000001
     4434.        0.02414225       -0.00107873        0.02416634       -0.00000001        0.00000000        0.00000001
     4435.        0.02425795       -0.00109738        0.02428276       -0.00000001        0.00000000        0.00000001
     4436.        0.02437372       -0.00111626        0.02439927       -0.00000001        0.00000000        0.00000001
     4437.        0.02448959       -0.00113540        0.02451589       -0.00000001        0.00000000        0.00000001
     4438.        0.02460554       -0.00115479        0.02463262       -0.00000001        0.00000000        0.00000001
     4439.        0.02472157       -0.00117444        0.02474945       -0.00000001        0.00000000        0.00000001
     4440.        0.02483771       -0.00119437        0.02486641       -0.00000001        0.00000000        0.00000001
     4441.        0.02495391       -0.00121460        0.02498345       -0.00000001        0.00000000        0.00000001
     4442.        0.02507022       -0.00123512        0.02510063       -0.00000001        0.00000000        0.00000001
     4443.        0.02518661       -0.00125595        0.02521790       -0.00000001        0.00000000        0.00000001
     4444.        0.02530307       -0.00127711        0.02533528       -0.00000001        0.00000000        0.00000001
     4445.        0.02541959       -0.00129860        0.02545274       -0.00000001        0.00000000        0.00000001
     4446.        0.02553619       -0.00132044        0.02557030       -0.00000001        0.00000000        0.00000001
     4447.        0.02565286       -0.00134262        0.02568797       -0.00000001        0.00000000        0.00000001
     4448.        0.02576956       -0.00136517        0.02580569       -0.00000001        0.00000000        0.00000001
     4449.        0.02588632       -0.00138808        0.02592351       -0.00000001        0.00000000        0.00000001
     4450.        0.02600311       -0.00141137        0.02604139       -0.00000001        0.00000000        0.00000001
     4451.        0.02611989       -0.00143503        0.02615928       -0.00000001        0.00000000        0.00000001
     4452.        0.02623671       -0.00145908        0.02627725       -0.00000001        0.00000000        0.00000001
     4453.        0.02635352       -0.00148351        0.02639525       -0.00000001        0.00000000        0.00000001
     4454.        0.02647032       -0.00150834        0.02651326       -0.00000001        0.00000000        0.00000001
     4455.        0.02658710       -0.00153355        0.02663129       -0.00000001        0.00000000        0.00000001
     4456.        0.02670384       -0.00155915        0.02674931       -0.00000001        0.00000000        0.00000001
     4457.        0.02682053       -0.00158513        0.02686733       -0.00000001        0.00000000        0.00000001
     4458.        0.02693717       -0.00161150        0.02698533       -0.00000001        0.00000000        0.00000001
     4459.        0.02705374       -0.00163824        0.02710329       -0.00000001        0.00000000        0.00000001
     4460.        0.02717022       -0.00166536        0.02722121       -0.00000001        0.00000000        0.00000001
     4461.        0.02728663       -0.00169285        0.02733909       -0.00000001        0.00000000        0.00000001
     4462.        0.02740293       -0.00172069        0.02745690       -0.00000001        0.00000000        0.00000001
     4463.        0.02751914       -0.00174889        0.02757466       -0.00000001        0.00000000        0.00000001
     4464.        0.02763524       -0.00177744        0.02769235       -0.00000001        0.00000000        0.00000001
     4465.        0.02775126       -0.00180632        0.02780998       -0.00000001        0.00000000        0.00000001
     4466.        0.02786715       -0.00183553        0.02792754       -0.00000001        0.00000000        0.00000001
     4467.        0.02798293       -0.00186506        0.02804502       -0.00000001        0.00000000        0.00000001
     4468.        0.02809859       -0.00189490        0.02816241       -0.00000001        0.00000000        0.00000001
     4469.        0.02821412       -0.00192505        0.02827972       -0.00000001        0.00000000        0.00000001
     4470.        0.02832956       -0.00195549        0.02839697       -0.00000001        0.00000000        0.00000001
     4471.        0.02844487       -0.00198622        0.02851413       -0.00000001        0.00000000        0.00000001
     4472.        0.02856006       -0.00201721        0.02863121       -0.00000001        0.00000000        0.00000001
     4473.        0.02867517       -0.00204848        0.02874825       -0.00000001        0.00000000        0.00000001
     4474.        0.02879018       -0.00208002        0.02886522       -0.00000001        0.00000000        0.00000001
     4475.        0.02890509       -0.00211182        0.02898213       -0.00000001        0.00000000        0.00000001
     4476.        0.02902000       -0.00214388        0.02909909       -0.00000001        0.00000000        0.00000001
     4477.        0.02913464       -0.00217619        0.02921580       -0.00000001        0.00000000        0.00000001
     4478.        0.02924917       -0.00220874        0.02933245       -0.00000001        0.00000000        0.00000001
     4479.        0.02936388       -0.00224153        0.02944931       -0.00000001        0.00000000        0.00000001
     4480.        0.02947847       -0.00227455        0.02956610       -0.00000001        0.00000000        0.00000001
     4481.        0.02959296       -0.00230780        0.02968281       -0.00000001        0.00000000        0.00000001
     4482.        0.02970733       -0.00234131        0.02979945       -0.00000001        0.00000000        0.00000001
     4483.        0.02982188       -0.00237506        0.02991631       -0.00000001        0.00000000        0.00000001
     4484.        0.02993631       -0.00240908        0.03003309       -0.00000001        0.00000000        0.00000001
     4485.        0.03005062       -0.00244336        0.03014979       -0.00000001        0.00000000        0.00000001
     4486.        0.03016511       -0.00247791        0.03026672       -0.00000001        0.00000000        0.00000001
     4487.        0.03027919       -0.00251273        0.03038327       -0.00000001        0.00000000        0.00000001
     4488.        0.03039373       -0.00254781        0.03050033       -0.00000001        0.00000000        0.00000001
     4489.        0.03050815       -0.00258316        0.03061732       -0.00000001        0.00000000        0.00000001
     4490.        0.03062245       -0.00261878        0.03073422       -0.00000001        0.00000000        0.00000001
     4491.        0.03073662       -0.00265467        0.03085105       -0.00000001        0.00000000        0.00000001
     4492.        0.03085126       -0.00269085        0.03096839       -0.00000001        0.00000000        0.00000001
     4493.        0.03096548       -0.00272734        0.03108536       -0.00000001        0.00000000        0.00000001
     4494.        0.03108017       -0.00276415        0.03120284       -0.00000001        0.00000000        0.00000001
     4495.        0.03119472       -0.00280129        0.03132025       -0.00000001        0.00000000        0.00000001
     4496.        0.03130915       -0.00283879        0.03143758       -0.00000001        0.00000000        0.00000001
     4497.        0.03142375       -0.00287666        0.03155514       -0.00000001        0.00000000        0.00000001
     4498.        0.03153851       -0.00291491        0.03167293       -0.00000001        0.00000000        0.00000001
     4499.        0.03165315       -0.00295355        0.03179065       -0.00000001        0.00000000        0.00000001
     4500.        0.03176795       -0.00299260        0.03190859       -0.00000001        0.00000000        0.00000001
     4501.        0.03188262       -0.00303204        0.03202647       -0.00000001        0.00000000        0.00000001
     4502.        0.03199715       -0.00307190        0.03214427       -0.00000001        0.00000000        0.00000001
     4503.        0.03211185       -0.00311218        0.03226231       -0.00000001        0.00000000        0.00000001
     4504.        0.03222641       -0.00315288        0.03238027       -0.00000001        0.00000000        0.00000001
     4505.        0.03234113       -0.00319400        0.03249847       -0.00000001        0.00000000        0.00000001
     4506.        0.03245571       -0.00323552        0.03261659       -0.00000001        0.00000000        0.00000001
     4507.        0.03257016       -0.00327749        0.03273464       -0.00000001        0.00000000        0.00000001
     4508.        0.03268476       -0.00331986        0.03285293       -0.00000001        0.00000000        0.00000001
     4509.        0.03279922       -0.00336269        0.03297115       -0.00000001        0.00000000        0.00000001
     4510.        0.03291384       -0.00340595        0.03308960       -0.00000001        0.00000000        0.00000001
     4511.        0.03302801       -0.00344967        0.03320768       -0.00000001        0.00000000        0.00000001
     4512.        0.03314234       -0.00349385        0.03332599       -0.00000001        0.00000000        0.00000001
     4513.        0.03325683       -0.00353850        0.03344455       -0.00000001        0.00000000        0.00000001
     4514.        0.03337086       -0.00358361        0.03356273       -0.00000001        0.00000000        0.00000001
     4515.        0.03348505       -0.00362926        0.03368115       -0.00000001        0.00000000        0.00000001
     4516.        0.03359909       -0.00367537        0.03379951       -0.00000001        0.00000000        0.00000001
     4517.        0.03371297       -0.00372199        0.03391780       -0.00000001        0.00000000        0.00000001
     4518.        0.03382669       -0.00376909        0.03403603       -0.00000001        0.00000000        0.00000001
     4519.        0.03394026       -0.00381672        0.03415419       -0.00000001        0.00000000        0.00000001
     4520.        0.03405367       -0.00386483        0.03427228       -0.00000001        0.00000000        0.00000001
     4521.        0.03416692       -0.00391341        0.03439031       -0.00000001        0.00000000        0.00000001
     4522.        0.03427969       -0.00396248        0.03450795       -0.00000001        0.00000000        0.00000001
     4523.        0.03439262       -0.00401203        0.03462583       -0.00000001        0.00000000        0.00000001
     4524.        0.03450506       -0.00406203        0.03474333       -0.00000001        0.00000000        0.00000001
     4525.        0.03461765       -0.00411248        0.03486107       -0.00000001        0.00000000        0.00000001
     4526.        0.03472944       -0.00416336        0.03497810       -0.00000001        0.00000000        0.00000001
     4527.        0.03484138       -0.00421466        0.03509537       -0.00000001        0.00000000        0.00000001
     4528.        0.03495283       -0.00426635        0.03521224       -0.00000001        0.00000000        0.00000001
     4529.        0.03506442       -0.00431844        0.03532934       -0.00000001        0.00000000        0.00000001
     4530.        0.03517520       -0.00437093        0.03544573       -0.00000001        0.00000000        0.00000001
     4531.        0.03528612       -0.00442378        0.03556234       -0.00000001        0.00000000        0.00000001
     4532.        0.03539654       -0.00447697        0.03567854       -0.00000001        0.00000000        0.00000001
     4533.        0.03550678       -0.00453052        0.03579465       -0.00000001        0.00000000        0.00000001
     4534.        0.03561684       -0.00458445        0.03591067       -0.00000001        0.00000000        0.00000001
     4535.        0.03572671       -0.00463867        0.03602659       -0.00000001        0.00000000        0.00000001
     4536.        0.03583640       -0.00469324        0.03614241       -0.00000001        0.00000000        0.00000001
     4537.        0.03594558       -0.00474814        0.03625782       -0.00000001        0.00000000        0.00000001
     4538.        0.03605456       -0.00480336        0.03637312       -0.00000001        0.00000000        0.00000001
     4539.        0.03616368       -0.00485891        0.03648864       -0.00000001        0.00000000        0.00000001
     4540.        0.03627229       -0.00491480        0.03660374       -0.00000001        0.00000000        0.00000001
     4541.        0.03638037       -0.00497097        0.03671842       -0.00000001        0.00000000        0.00000001
     4542.        0.03648859       -0.00502749        0.03683331       -0.00000001        0.00000000        0.00000001
     4543.        0.03659660       -0.00508431        0.03694809       -0.00000001        0.00000000        0.00000001
     4544.        0.03670442       -0.00514145        0.03706277       -0.00000001        0.00000000        0.00000001
     4545.        0.03681171       -0.00519886        0.03717701       -0.00000001        0.00000000        0.00000001
     4546.        0.03691912       -0.00525662        0.03729147       -0.00000001        0.00000000        0.00000001
     4547.        0.03702601       -0.00531467        0.03740549       -0.00000001        0.00000000        0.00000001
     4548.        0.03713268       -0.00537299        0.03751940       -0.00000001        0.00000000        0.00000001
     4549.        0.03723948       -0.00543163        0.03763352       -0.00000001        0.00000000        0.00000001
     4550.        0.03734574       -0.00549055        0.03774719       -0.00000001        0.00000000        0.00000001
     4551.        0.03745180       -0.00554975        0.03786075       -0.00000001        0.00000000        0.00000001
     4552.        0.03755764       -0.00560924        0.03797420       -0.00000001        0.00000000        0.00000001
     4553.        0.03766359       -0.00566901        0.03808784       -0.00000001        0.00000000        0.00000001
     4554.        0.03776900       -0.00572903        0.03820104       -0.00000001        0.00000000        0.00000001
     4555.        0.03787420       -0.00578930        0.03831411       -0.00000001        0.00000000        0.00000001
     4556.        0.03797918       -0.00584986        0.03842706       -0.00000001        0.00000000        0.00000001
     4557.        0.03808427       -0.00591067        0.03854021       -0.00000001        0.00000000        0.00000001
     4558.        0.03818881       -0.00597174        0.03865290       -0.00000001        0.00000000        0.00000001
     4559.        0.03829346       -0.00603306        0.03876580       -0.00000001        0.00000000        0.00000001
     4560.        0.03839756       -0.00609460        0.03887823       -0.00000001        0.00000000        0.00000001
     4561.        0.03850176       -0.00615642        0.03899086       -0.00000001        0.00000000        0.00000001
     4562.        0.03860574       -0.00621847        0.03910336       -0.00000001        0.00000000        0.00000001
     4563.        0.03870982       -0.00628077        0.03921605       -0.00000001        0.00000000        0.00000001
     4564.        0.03881335       -0.00634336        0.03932829       -0.00000001        0.00000000        0.00000001
     4565.        0.03891698       -0.00640618        0.03944072       -0.00000001        0.00000000        0.00000001
     4566.        0.03902038       -0.00646928        0.03955302       -0.00000001        0.00000000        0.00000001
     4567.        0.03912388       -0.00653264        0.03966552       -0.00000001        0.00000000        0.00000001
     4568.        0.03922716       -0.00659628        0.03977789       -0.00000001        0.00000000        0.00000001
     4569.        0.03933019       -0.00666019        0.03989013       -0.00000001        0.00000000        0.00000001
     4570.        0.03943334       -0.00672442        0.04000257       -0.00000001        0.00000000        0.00000001
     4571.        0.03953624       -0.00678894        0.04011489       -0.00000001        0.00000000        0.00000001
     4572.        0.03963925       -0.00685379        0.04022741       -0.00000001        0.00000000        0.00000001
     4573.        0.03974203       -0.00691900        0.04033982       -0.00000001        0.00000000        0.00000001
     4574.        0.03984456       -0.00698450        0.04045210       -0.00000001        0.00000000        0.00000001
     4575.        0.03994719       -0.00705037        0.04056459       -0.00000001        0.00000000        0.00000001
     4576.        0.04004993       -0.00711663        0.04067731       -0.00000001        0.00000000        0.00000001
     4577.        0.04015242       -0.00718326        0.04078990       -0.00000001        0.00000000        0.00000001
     4578.        0.04025467       -0.00725025        0.04090238       -0.00000001        0.00000000        0.00000001
     4579.        0.04035702       -0.00731768        0.04101509       -0.00000001        0.00000000        0.00000001
     4580.        0.04045913       -0.00738550        0.04112769       -0.00000001        0.00000000        0.00000001
     4581.        0.04056133       -0.00745377        0.04124052       -0.00000001        0.00000000        0.00000001
     4582.        0.04066329       -0.00752247        0.04135324       -0.00000001        0.00000000        0.00000001
     4583.        0.04076500       -0.00759161        0.04146586       -0.00000001        0.00000000        0.00000001
     4584.        0.04086681       -0.00766118        0.04157872       -0.00000001        0.00000000        0.00000001
     4585.        0.04096836       -0.00773124        0.04169147       -0.00000001        0.00000000        0.00000001
     4586.        0.04106967       -0.00780177        0.04180413       -0.00000001        0.00000000        0.00000001
     4587.        0.04117072       -0.00787278        0.04191669       -0.00000001        0.00000000        0.00000001
     4588.        0.04127187       -0.00794426        0.04202949       -0.00000001        0.00000000        0.00000001
     4589.        0.04137241       -0.00801620        0.04214185       -0.00000001        0.00000000        0.00000001
     4590.        0.04147305       -0.00808868        0.04225447       -0.00000001        0.00000000        0.00000001
     4591.        0.04157343       -0.00816162        0.04236699       -0.00000001        0.00000000        0.00000001
     4592.        0.04167355       -0.00823503        0.04247941       -0.00000001        0.00000000        0.00000001
     4593.        0.04177341       -0.00830893        0.04259173       -0.00000001        0.00000000        0.00000001
     4594.        0.04187300       -0.00838336        0.04270397       -0.00000001        0.00000000        0.00000001
     4595.        0.04197234       -0.00845823        0.04281611       -0.00000001        0.00000000        0.00000001
     4596.        0.04207141       -0.00853363        0.04292816       -0.00000001        0.00000000        0.00000001
     4597.        0.04217022       -0.00860949        0.04304010       -0.00000001        0.00000000        0.00000001
     4598.        0.04226840       -0.00868580        0.04315161       -0.00000001        0.00000000        0.00000001
     4599.        0.04236667       -0.00876261        0.04326336       -0.00000001        0.00000000        0.00000001
     4600.        0.04246432       -0.00883987        0.04337467       -0.00000001        0.00000000        0.00000001
     4601.        0.04256169       -0.00891760        0.04348588       -0.00000001        0.00000000        0.00000001
     4602.        0.04265880       -0.00899574        0.04359698       -0.00000001        0.00000000        0.00000001
     4603.        0.04275527       -0.00907436        0.04370763       -0.00000001        0.00000000        0.00000001
     4604.        0.04285146       -0.00915339        0.04381817       -0.00000001        0.00000000        0.00000001
     4605.        0.04294737       -0.00923286        0.04392861       -0.00000001        0.00000000        0.00000001
     4606.        0.04304265       -0.00931276        0.04403859       -0.00000001        0.00000000        0.00000001
     4607.        0.04313764       -0.00939305        0.04414845       -0.00000001        0.00000000        0.00000001
     4608.        0.04323235       -0.00947374        0.04425820       -0.00000001        0.00000000        0.00000001
     4609.        0.04332678       -0.00955478        0.04436782       -0.00000001        0.00000000        0.00000001
     4610.        0.04342020       -0.00963623        0.04447663       -0.00000001        0.00000000        0.00000001
     4611.        0.04351369       -0.00971807        0.04458567       -0.00000001        0.00000000        0.00000001
     4612.        0.04360653       -0.00980024        0.04469423       -0.00000001        0.00000000        0.00000001
     4613.        0.04369907       -0.00988273        0.04480265       -0.00000001        0.00000000        0.00000001
     4614.        0.04379096       -0.00996559        0.04491059       -0.00000001        0.00000000        0.00000001
     4615.        0.04388256       -0.01004878        0.04501841       -0.00000001        0.00000000        0.00000001
     4616.        0.04397385       -0.01013230        0.04512608       -0.00000001        0.00000000        0.00000001
     4617.        0.04406449       -0.01021610        0.04523326       -0.00000001        0.00000000        0.00000001
     4618.        0.04415482       -0.01030021        0.04534030       -0.00000001        0.00000000        0.00000001
     4619.        0.04424448       -0.01038461        0.04544683       -0.00000001        0.00000000        0.00000001
     4620.        0.04433384       -0.01046930        0.04555322       -0.00000001        0.00000000        0.00000001
     4621.        0.04442290       -0.01055428        0.04565946       -0.00000001        0.00000000        0.00000001
     4622.        0.04451128       -0.01063949        0.04576519       -0.00000001        0.00000000        0.00000001
     4623.        0.04459934       -0.01072499        0.04587076       -0.00000001        0.00000000        0.00000001
     4624.        0.04468673       -0.01081072        0.04597582       -0.00000001        0.00000000        0.00000001
     4625.        0.04477381       -0.01089671        0.04608071       -0.00000001        0.00000000        0.00000001
     4626.        0.04486057       -0.01098291        0.04618544       -0.00000001        0.00000000        0.00000001
     4627.        0.04494664       -0.01106934        0.04628964       -0.00000001        0.00000000        0.00000001
     4628.        0.04503240       -0.01115596        0.04639367       -0.00000001        0.00000000        0.00000001
     4629.        0.04511746       -0.01124284        0.04649717       -0.00000001        0.00000000        0.00000001
     4630.        0.04520221       -0.01132990        0.04660049       -0.00000001        0.00000000        0.00000001
     4631.        0.04528662       -0.01141715        0.04670363       -0.00000001        0.00000000        0.00000001
     4632.        0.04537071       -0.01150458        0.04680659       -0.00000001        0.00000000        0.00000001
     4633.        0.04545410       -0.01159220        0.04690901       -0.00000001        0.00000000        0.00000001
     4634.        0.04553717       -0.01167997        0.04701123       -0.00000001        0.00000000        0.00000001
     4635.        0.04561990       -0.01176793        0.04711326       -0.00000001        0.00000000        0.00000001
     4636.        0.04570192       -0.01185603        0.04721474       -0.00000001        0.00000000        0.00000001
     4637.        0.04578361       -0.01194428        0.04731601       -0.00000001        0.00000000        0.00000001
     4638.        0.04586497       -0.01203268        0.04741709       -0.00000001        0.00000000        0.00000001
     4639.        0.04594598       -0.01212119        0.04751796       -0.00000001        0.00000000        0.00000001
     4640.        0.04602629       -0.01220985        0.04761827       -0.00000001        0.00000000        0.00000001
     4641.        0.04610662       -0.01229862        0.04771872       -0.00000001        0.00000000        0.00000001
     4642.        0.04618624       -0.01238750        0.04781860       -0.00000001        0.00000000        0.00000001
     4643.        0.04626514       -0.01247652        0.04791792       -0.00000001        0.00000000        0.00000001
     4644.        0.04634406       -0.01256562        0.04801736       -0.00000001        0.00000000        0.00000001
     4645.        0.04642264       -0.01265479        0.04811658       -0.00000001        0.00000000        0.00000001
     4646.        0.04650050       -0.01274406        0.04821522       -0.00000001        0.00000000        0.00000001
     4647.        0.04657800       -0.01283341        0.04831363       -0.00000001        0.00000000        0.00000001
     4648.        0.04665515       -0.01292286        0.04841181       -0.00000001        0.00000000        0.00000001
     4649.        0.04673195       -0.01301235        0.04850975       -0.00000001        0.00000000        0.00000001
     4650.        0.04680839       -0.01310190        0.04860746       -0.00000001        0.00000000        0.00000001
     4651.        0.04688485       -0.01319152        0.04870529       -0.00000001        0.00000000        0.00000001
     4652.        0.04696020       -0.01328121        0.04880216       -0.00000001        0.00000000        0.00000001
     4653.        0.04703557       -0.01337093        0.04889914       -0.00000001        0.00000000        0.00000001
     4654.        0.04711095       -0.01346067        0.04899624       -0.00000001        0.00000000        0.00000001
     4655.        0.04718560       -0.01355049        0.04909273       -0.00000001        0.00000000        0.00000001
     4656.        0.04725988       -0.01364033        0.04918897       -0.00000001        0.00000000        0.00000001
     4657.        0.04733379       -0.01373019        0.04928495       -0.00000001        0.00000000        0.00000001
     4658.        0.04740734       -0.01382008        0.04938067       -0.00000001        0.00000000        0.00000001
     4659.        0.04748091       -0.01391000        0.04947651       -0.00000001        0.00000000        0.00000001
     4660.        0.04755410       -0.01399995        0.04957208       -0.00000001        0.00000000        0.00000001
     4661.        0.04762654       -0.01408991        0.04966703       -0.00000001        0.00000000        0.00000001
     4662.        0.04769900       -0.01417986        0.04976207       -0.00000001        0.00000000        0.00000001
     4663.        0.04777147       -0.01426988        0.04985722       -0.00000001        0.00000000        0.00000001
     4664.        0.04784318       -0.01435987        0.04995173       -0.00000001        0.00000000        0.00000001
     4665.        0.04791490       -0.01444993        0.05004636       -0.00000001        0.00000000        0.00000001
     4666.        0.04798624       -0.01453997        0.05014070       -0.00000001        0.00000000        0.00000001
     4667.        0.04805759       -0.01463003        0.05023515       -0.00000001        0.00000000        0.00000001
     4668.        0.04812857       -0.01472011        0.05032932       -0.00000001        0.00000000        0.00000001
     4669.        0.04819917       -0.01481021        0.05042323       -0.00000001        0.00000000        0.00000001
     4670.        0.04826977       -0.01490032        0.05051723       -0.00000001        0.00000000        0.00000001
     4671.        0.04834000       -0.01499046        0.05061096       -0.00000001        0.00000000        0.00000001
     4672.        0.04841023       -0.01508061        0.05070479       -0.00000001        0.00000000        0.00000001
     4673.        0.04848008       -0.01517082        0.05079835       -0.00000001        0.00000000        0.00000001
     4674.        0.04854955       -0.01526104        0.05089163       -0.00000001        0.00000000        0.00000001
     4675.        0.04861902       -0.01535131        0.05098502       -0.00000001        0.00000000        0.00000001
     4676.        0.04868850       -0.01544161        0.05107850       -0.00000001        0.00000000        0.00000001
     4677.        0.04875759       -0.01553195        0.05117171       -0.00000001        0.00000000        0.00000001
     4678.        0.04882669       -0.01562235        0.05126503       -0.00000001        0.00000000        0.00000001
     4679.        0.04889539       -0.01571280        0.05135807       -0.00000001        0.00000000        0.00000001
     4680.        0.04896411       -0.01580330        0.05145122       -0.00000001        0.00000000        0.00000001
     4681.        0.04903282       -0.01589389        0.05154448       -0.00000001        0.00000000        0.00000001
     4682.        0.04910115       -0.01598453        0.05163747       -0.00000001        0.00000000        0.00000001
     4683.        0.04916948       -0.01607531        0.05173058       -0.00000001        0.00000000        0.00000001
     4684.        0.04923781       -0.01616613        0.05182380       -0.00000001        0.00000000        0.00000001
     4685.        0.04930575       -0.01625704        0.05191675       -0.00000001        0.00000000        0.00000001
     4686.        0.04937370       -0.01634808        0.05200982       -0.00000001        0.00000000        0.00000001
     4687.        0.04944164       -0.01643925        0.05210302       -0.00000001        0.00000000        0.00000001
     4688.        0.04950919       -0.01653050        0.05219595       -0.00000001        0.00000000        0.00000001
     4689.        0.04957675       -0.01662192        0.05228903       -0.00000001        0.00000000        0.00000001
     4690.        0.04964430       -0.01671343        0.05238221       -0.00000001        0.00000000        0.00000001
     4691.        0.04971186       -0.01680515        0.05247554       -0.00000001        0.00000000        0.00000001
     4692.        0.04977902       -0.01689700        0.05256861       -0.00000001        0.00000000        0.00000001
     4693.        0.04984618       -0.01698901        0.05266183       -0.00000001        0.00000000        0.00000001
     4694.        0.04991334       -0.01708119        0.05275518       -0.00000001        0.00000000        0.00000001
     4695.        0.04998050       -0.01717353        0.05284866       -0.00000001        0.00000000        0.00000001
     4696.        0.05004727       -0.01726613        0.05294193       -0.00000001        0.00000000        0.00000001
     4697.        0.05011403       -0.01735888        0.05303534       -0.00000001        0.00000000        0.00000001
     4698.        0.05018080       -0.01745185        0.05312889       -0.00000001        0.00000000        0.00000001
     4699.        0.05024756       -0.01754506        0.05322261       -0.00000001        0.00000000        0.00000001
     4700.        0.05031392       -0.01763849        0.05331611       -0.00000001        0.00000000        0.00000001
     4701.        0.05038029       -0.01773211        0.05340975       -0.00000001        0.00000000        0.00000001
     4702.        0.05044625       -0.01782603        0.05350319       -0.00000001        0.00000000        0.00000001
     4703.        0.05051261       -0.01792019        0.05359717       -0.00000001        0.00000000        0.00000001
     4704.        0.05057857       -0.01801461        0.05369094       -0.00000001        0.00000000        0.00000001
     4705.        0.05064412       -0.01810931        0.05378451       -0.00000001        0.00000000        0.00000001
     4706.        0.05071007       -0.01820426        0.05387863       -0.00000001        0.00000000        0.00000001
     4707.        0.05077562       -0.01829950        0.05397254       -0.00000001        0.00000000        0.00000001
     4708.        0.05084076       -0.01839503        0.05406626       -0.00000001        0.00000000        0.00000001
     4709.        0.05090590       -0.01849085        0.05416016       -0.00000001        0.00000000        0.00000001
     4710.        0.05097104       -0.01858700        0.05425425       -0.00000001        0.00000000        0.00000001
     4711.        0.05103617       -0.01868341        0.05434851       -0.00000001        0.00000000        0.00000001
     4712.        0.05110049       -0.01878019        0.05444222       -0.00000001        0.00000000        0.00000001
     4713.        0.05116521       -0.01887725        0.05453649       -0.00000001        0.00000000        0.00000001
     4714.        0.05122951       -0.01897462        0.05463057       -0.00000001        0.00000000        0.00000001
     4715.        0.05129341       -0.01907235        0.05472448       -0.00000001        0.00000000        0.00000001
     4716.        0.05135730       -0.01917038        0.05481857       -0.00000001        0.00000000        0.00000001
     4717.        0.05142077       -0.01926875        0.05491248       -0.00000001        0.00000000        0.00000001
     4718.        0.05148424       -0.01936745        0.05500659       -0.00000001        0.00000000        0.00000001
     4719.        0.05154729       -0.01946649        0.05510052       -0.00000001        0.00000000        0.00000001
     4720.        0.05161034       -0.01956586        0.05519465       -0.00000001        0.00000000        0.00000001
     4721.        0.05167255       -0.01966557        0.05528822       -0.00000001        0.00000000        0.00000001
     4722.        0.05173517       -0.01976562        0.05538238       -0.00000001        0.00000000        0.00000001
     4723.        0.05179696       -0.01986605        0.05547598       -0.00000001        0.00000000        0.00000001
     4724.        0.05185873       -0.01996677        0.05556978       -0.00000001        0.00000000        0.00000001
     4725.        0.05192009       -0.02006784        0.05566340       -0.00000001        0.00000000        0.00000001
     4726.        0.05198102       -0.02016924        0.05575683       -0.00000001        0.00000000        0.00000001
     4727.        0.05204194       -0.02027099        0.05585048       -0.00000001        0.00000000        0.00000001
     4728.        0.05210201       -0.02037303        0.05594355       -0.00000001        0.00000000        0.00000001
     4729.        0.05216208       -0.02047546        0.05603683       -0.00000001        0.00000000        0.00000001
     4730.        0.05222171       -0.02057819        0.05612993       -0.00000001        0.00000000        0.00000001
     4731.        0.05228133       -0.02068126        0.05622324       -0.00000001        0.00000000        0.00000001
     4732.        0.05234011       -0.02078463        0.05631597       -0.00000001        0.00000000        0.00000001
     4733.        0.05239845       -0.02088831        0.05640850       -0.00000001        0.00000001        0.00000001
     4734.        0.05245678       -0.02099228        0.05650123       -0.00000001        0.00000001        0.00000001
     4735.        0.05251425       -0.02109660        0.05659340       -0.00000001        0.00000001        0.00000001
     4736.        0.05257170       -0.02120119        0.05668575       -0.00000001        0.00000001        0.00000001
     4737.        0.05262872       -0.02130611        0.05677792       -0.00000001        0.00000001        0.00000001
     4738.        0.05268488       -0.02141126        0.05686949       -0.00000001        0.00000001        0.00000001
     4739.        0.05274102       -0.02151675        0.05696126       -0.00000001        0.00000001        0.00000001
     4740.        0.05279629       -0.02162246        0.05705243       -0.00000001        0.00000001        0.00000001
     4741.        0.05285155       -0.02172844        0.05714378       -0.00000001        0.00000001        0.00000001
     4742.        0.05290593       -0.02183468        0.05723453       -0.00000001        0.00000001        0.00000001
     4743.        0.05296030       -0.02194118        0.05732546       -0.00000001        0.00000001        0.00000001
     4744.        0.05301379       -0.02204794        0.05741580       -0.00000001        0.00000001        0.00000001
     4745.        0.05306684       -0.02215489        0.05750590       -0.00000001        0.00000001        0.00000001
     4746.        0.05311986       -0.02226205        0.05759616       -0.00000001        0.00000001        0.00000001
     4747.        0.05317200       -0.02236948        0.05768583       -0.00000001        0.00000001        0.00000001
     4748.        0.05322327       -0.02247704        0.05777485       -0.00000001        0.00000001        0.00000001
     4749.        0.05327450       -0.02258483        0.05786404       -0.00000001        0.00000001        0.00000001
