     4151.        0.00000000        0.00000000        0.00000000       -0.00000000        0.00000000        0.00000000
     4152.        0.00000000        0.00000000        0.00000000       -0.00000000        0.00000000        0.00000000
     4153.        0.00000000        0.00000000        0.00000000       -0.00000000        0.00000000        0.00000000
     4154.        0.00000000       -0.00000000        0.00000000       -0.00000000        0.00000000        0.00000000
     4155.        0.00000000       -0.00000000        0.00000000       -0.00000000        0.00000000        0.00000000
     4156.        0.00000000       -0.00000000        0.00000000       -0.00000000        0.00000000        0.00000000
     4157.        0.00000000       -0.00000000        0.00000000       -0.00000000        0.00000000        0.00000000
     4158.        0.00000001       -0.00000000        0.00000001       -0.00000000        0.00000000        0.00000000
     4159.        0.00000002       -0.00000000        0.00000002       -0.00000000        0.00000000        0.00000000
     4160.        0.00000004       -0.00000000        0.00000004       -0.00000000        0.00000000        0.00000000
     4161.        0.00000007       -0.00000000        0.00000007       -0.00000000        0.00000000        0.00000000
     4162.        0.00000011       -0.00000000        0.00000011       -0.00000000        0.00000000        0.00000000
     4163.        0.00000018       -0.00000000        0.00000018       -0.00000000        0.00000000        0.00000000
     4164.        0.00000027       -0.00000000        0.00000027       -0.00000000        0.00000000        0.00000000
     4165.        0.00000040       -0.00000000        0.00000040       -0.00000000        0.00000000        0.00000000
     4166.        0.00000056       -0.00000000        0.00000056       -0.00000000        0.00000000        0.00000000
     4167.        0.00000077       -0.00000000        0.00000077       -0.00000000        0.00000000        0.00000000
     4168.        0.00000102       -0.00000000        0.00000102       -0.00000000        0.00000000        0.00000000
     4169.        0.00000134       -0.00000000        0.00000134       -0.00000000        0.00000000        0.00000000
     4170.        0.00000172       -0.00000000        0.00000172       -0.00000000        0.00000000        0.00000000
     4171.        0.00000217       -0.00000000        0.00000217       -0.00000000        0.00000000        0.00000000
     4172.        0.00000270       -0.00000000        0.00000270       -0.00000000        0.00000000        0.00000000
     4173.        0.00000332       -0.00000000        0.00000332       -0.00000000        0.00000000        0.00000000
     4174.        0.00000404       -0.00000000        0.00000404       -0.00000000        0.00000000        0.00000000
     4175.        0.00000485       -0.00000000        0.00000485       -0.00000000        0.00000000        0.00000000
     4176.        0.00000578       -0.00000000        0.00000578       -0.00000000        0.00000000        0.00000000
     4177.        0.00000682       -0.00000000        0.00000682       -0.00000000        0.00000000        0.00000000
     4178.        0.00000798       -0.00000000        0.00000798       -0.00000000        0.00000000        0.00000000
     4179.        0.00000928       -0.00000000        0.00000928       -0.00000000        0.00000000        0.00000000
     4180.        0.00001072       -0.00000000        0.00001072       -0.00000000        0.00000000        0.00000000
     4181.        0.00001230       -0.00000000        0.00001230       -0.00000000        0.00000000        0.00000000
     4182.        0.00001404       -0.00000000        0.00001404       -0.00000000        0.00000000        0.00000000
     4183.        0.00001593       -0.00000000        0.00001593       -0.00000000        0.00000000        0.00000000
     4184.        0.00001799       -0.00000000        0.00001799       -0.00000000        0.00000000        0.00000000
     4185.        0.00002023       -0.00000000        0.00002023       -0.00000000        0.00000000        0.00000000
     4186.        0.00002264       -0.00000000        0.00002264       -0.00000000        0.00000000        0.00000000
     4187.        0.00002524       -0.00000000        0.00002524       -0.00000000        0.00000000        0.00000000
     4188.        0.00002803       -0.00000000        0.00002803       -0.00000000        0.00000000        0.00000000
     4189.        0.00003102       -0.00000000        0.00003102       -0.00000000        0.00000000        0.00000000
     4190.        0.00003421       -0.00000000        0.00003421       -0.00000000        0.00000000        0.00000000
     4191.        0.00003760       -0.00000000        0.00003760       -0.00000000        0.00000000        0.00000000
     4192.        0.00004121       -0.00000000        0.00004121       -0.00000000        0.00000000        0.00000000
     4193.        0.00004504       -0.00000000        0.00004504       -0.00000000        0.00000000        0.00000000
     4194.        0.00004909       -0.00000001        0.00004909       -0.00000000        0.00000000        0.00000000
     4195.        0.00005336       -0.00000001        0.00005336       -0.00000000        0.00000000        0.00000000
     4196.        0.00005787       -0.00000001        0.00005787       -0.00000000        0.00000000        0.00000000
     4197.        0.00006261       -0.00000001        0.00006261       -0.00000000        0.00000000        0.00000000
     4198.        0.00006760       -0.00000001        0.00006760       -0.00000000        0.00000000        0.00000000
     4199.        0.00007282       -0.00000001        0.00007282       -0.00000000        0.00000000        0.00000000
     4200.        0.00007829       -0.00000001        0.00007829       -0.00000000        0.00000000        0.00000000
     4201.        0.00008401       -0.00000001        0.00008401       -0.00000000        0.00000000        0.00000000
     4202.        0.00008998       -0.00000002        0.00008998       -0.00000000        0.00000000        0.00000000
     4203.        0.00009621       -0.00000002        0.00009621       -0.00000000        0.00000000        0.00000000
     4204.        0.00010270       -0.00000002        0.00010270       -0.00000000        0.00000000        0.00000000
     4205.        0.00010945       -0.00000002        0.00010945       -0.00000000        0.00000000        0.00000000
     4206.        0.00011646       -0.00000002        0.00011646       -0.00000000        0.00000000        0.00000000
     4207.        0.00012373       -0.00000003        0.00012373       -0.00000000        0.00000000        0.00000000
     4208.        0.00013128       -0.00000003        0.00013128       -0.00000000        0.00000000        0.00000000
     4209.        0.00013909       -0.00000003        0.00013909       -0.00000000        0.00000000        0.00000000
     4210.        0.00014718       -0.00000004        0.00014718       -0.00000000        0.00000000        0.00000000
     4211.        0.00015553       -0.00000004        0.00015553       -0.00000000        0.00000000        0.00000000
     4212.        0.00016417       -0.00000004        0.00016417       -0.00000000        0.00000000        0.00000000
     4213.        0.00017307       -0.00000005        0.00017307       -0.00000000        0.00000000        0.00000000
     4214.        0.00018226       -0.00000005        0.00018226       -0.00000000        0.00000000        0.00000000
     4215.        0.00019172       -0.00000006        0.00019172       -0.00000000        0.00000000        0.00000000
     4216.        0.00020146       -0.00000006        0.00020146       -0.00000000        0.00000000        0.00000000
     4217.        0.00021148       -0.00000007        0.00021148       -0.00000000        0.00000000        0.00000000
     4218.        0.00022177       -0.00000007        0.00022177       -0.00000000        0.00000000        0.00000000
     4219.        0.00023235       -0.00000008        0.00023235       -0.00000000        0.00000000        0.00000000
     4220.        0.00024321       -0.00000009        0.00024321       -0.00000000        0.00000000        0.00000000
     4221.        0.00025435       -0.00000010        0.00025435       -0.00000000        0.00000000        0.00000000
     4222.        0.00026577       -0.00000011        0.00026577       -0.00000000        0.00000000        0.00000000
     4223.        0.00027747       -0.00000011        0.00027747       -0.00000000        0.00000000        0.00000000
     4224.        0.00028946       -0.00000012        0.00028946       -0.00000000        0.00000000        0.00000000
     4225.        0.00030172       -0.00000013        0.00030172       -0.00000000        0.00000000        0.00000000
     4226.        0.00031427       -0.00000014        0.00031427       -0.00000000        0.00000000        0.00000000
     4227.        0.00032709       -0.00000016        0.00032709       -0.00000000        0.00000000        0.00000000
     4228.        0.00034020       -0.00000017        0.00034020       -0.00000000        0.00000000        0.00000000
     4229.        0.00035358       -0.00000018        0.00035358       -0.00000000        0.00000000        0.00000000
     4230.        0.00036724       -0.00000019        0.00036724       -0.00000000        0.00000000        0.00000000
     4231.        0.00038119       -0.00000021        0.00038119       -0.00000000        0.00000000        0.00000000
     4232.        0.00039540       -0.00000022        0.00039540       -0.00000000        0.00000000        0.00000000
     4233.        0.00040990       -0.00000024        0.00040990       -0.00000000        0.00000000        0.00000000
     4234.        0.00042467       -0.00000025        0.00042467       -0.00000000        0.00000000        0.00000000
     4235.        0.00043972       -0.00000027        0.00043972       -0.00000000        0.00000000        0.00000000
     4236.        0.00045504       -0.00000029        0.00045504       -0.00000000        0.00000000        0.00000000
     4237.        0.00047063       -0.00000031        0.00047063       -0.00000000        0.00000000        0.00000000
     4238.        0.00048650       -0.00000033        0.00048650       -0.00000000        0.00000000        0.00000000
     4239.        0.00050263       -0.00000035        0.00050264       -0.00000000        0.00000000        0.00000000
     4240.        0.00051904       -0.00000037        0.00051904       -0.00000000        0.00000000        0.00000000
     4241.        0.00053571       -0.00000039        0.00053572       -0.00000000        0.00000000        0.00000000
     4242.        0.00055266       -0.00000041        0.00055266       -0.00000000        0.00000000        0.00000000
     4243.        0.00056987       -0.00000044        0.00056987       -0.00000000        0.00000000        0.00000000
     4244.        0.00058734       -0.00000047        0.00058734       -0.00000000        0.00000000        0.00000000
     4245.        0.00060507       -0.00000049        0.00060507       -0.00000000        0.00000000        0.00000000
     4246.        0.00062307       -0.00000052        0.00062307       -0.00000000        0.00000000        0.00000000
     4247.        0.00064133       -0.00000055        0.00064133       -0.00000000        0.00000000        0.00000000
     4248.        0.00065984       -0.00000058        0.00065984       -0.00000000        0.00000000        0.00000000
     4249.        0.00067862       -0.00000062        0.00067862       -0.00000000        0.00000000        0.00000000
     4250.        0.00069765       -0.00000065        0.00069765       -0.00000000        0.00000000        0.00000000
     4251.        0.00071693       -0.00000069        0.00071693       -0.00000000        0.00000000        0.00000000
     4252.        0.00073647       -0.00000072        0.00073647       -0.00000000        0.00000000        0.00000000
     4253.        0.00075625       -0.00000076        0.00075626       -0.00000000        0.00000000        0.00000000
     4254.        0.00077629       -0.00000080        0.00077629       -0.00000000        0.00000000        0.00000000
     4255.        0.00079658       -0.00000084        0.00079658       -0.00000000        0.00000000        0.00000000
     4256.        0.00081711       -0.00000089        0.00081711       -0.00000000        0.00000000        0.00000000
     4257.        0.00083788       -0.00000093        0.00083788       -0.00000000        0.00000000        0.00000000
     4258.        0.00085890       -0.00000098        0.00085890       -0.00000000        0.00000000        0.00000000
     4259.        0.00088016       -0.00000103        0.00088016       -0.00000000        0.00000000        0.00000000
     4260.        0.00090166       -0.00000108        0.00090166       -0.00000000        0.00000000        0.00000000
     4261.        0.00092340       -0.00000113        0.00092340       -0.00000000        0.00000000        0.00000000
     4262.        0.00094537       -0.00000119        0.00094537       -0.00000000        0.00000000        0.00000000
     4263.        0.00096758       -0.00000124        0.00096758       -0.00000000        0.00000000        0.00000000
     4264.        0.00099002       -0.00000130        0.00099002       -0.00000000        0.00000000        0.00000000
     4265.        0.00101269       -0.00000136        0.00101269       -0.00000000        0.00000000        0.00000000
     4266.        0.00103559       -0.00000142        0.00103559       -0.00000000        0.00000000        0.00000000
     4267.        0.00105872       -0.00000148        0.00105872       -0.00000000        0.00000000        0.00000000
     4268.        0.00108207       -0.00000155        0.00108207       -0.00000000        0.00000000        0.00000000
     4269.        0.00110565       -0.00000161        0.00110565       -0.00000000        0.00000000        0.00000000
     4270.        0.00112945       -0.00000168        0.00112946       -0.00000000        0.00000000        0.00000000
     4271.        0.00115348       -0.00000175        0.00115348       -0.00000000        0.00000000        0.00000000
     4272.        0.00117772       -0.00000182        0.00117772       -0.00000000        0.00000000        0.00000000
     4273.        0.00120218       -0.00000190        0.00120218       -0.00000000        0.00000000        0.00000000
     4274.        0.00122686       -0.00000197        0.00122686       -0.00000000        0.00000000        0.00000000
     4275.        0.00125175       -0.00000205        0.00125175       -0.00000000        0.00000000        0.00000000
     4276.        0.00127685       -0.00000213        0.00127685       -0.00000000        0.00000000        0.00000000
     4277.        0.00130217       -0.00000222        0.00130217       -0.00000000        0.00000000        0.00000000
     4278.        0.00132769       -0.00000230        0.00132769       -0.00000000        0.00000000        0.00000000
     4279.        0.00135343       -0.00000239        0.00135343       -0.00000000        0.00000000        0.00000000
     4280.        0.00137937       -0.00000248        0.00137937       -0.00000000        0.00000000        0.00000000
     4281.        0.00140551       -0.00000257        0.00140551       -0.00000000        0.00000000        0.00000000
     4282.        0.00143186       -0.00000267        0.00143186       -0.00000000        0.00000000        0.00000000
     4283.        0.00145841       -0.00000277        0.00145841       -0.00000000        0.00000000        0.00000000
     4284.        0.00148516       -0.00000287        0.00148516       -0.00000000        0.00000000        0.00000000
     4285.        0.00151210       -0.00000297        0.00151211       -0.00000000        0.00000000        0.00000000
     4286.        0.00153925       -0.00000308        0.00153925       -0.00000000        0.00000000        0.00000000
     4287.        0.00156659       -0.00000319        0.00156659       -0.00000000        0.00000000        0.00000000
     4288.        0.00159413       -0.00000330        0.00159413       -0.00000000        0.00000000        0.00000000
     4289.        0.00162185       -0.00000342        0.00162186       -0.00000000        0.00000000        0.00000000
     4290.        0.00164977       -0.00000354        0.00164977       -0.00000000        0.00000000        0.00000000
     4291.        0.00167788       -0.00000366        0.00167788       -0.00000000        0.00000000        0.00000000
     4292.        0.00170617       -0.00000379        0.00170618       -0.00000000        0.00000000        0.00000000
     4293.        0.00173466       -0.00000391        0.00173466       -0.00000000        0.00000000        0.00000000
     4294.        0.00176332       -0.00000405        0.00176333       -0.00000000        0.00000000        0.00000000
     4295.        0.00179217       -0.00000418        0.00179218       -0.00000000        0.00000000        0.00000000
     4296.        0.00182121       -0.00000432        0.00182121       -0.00000000        0.00000000        0.00000000
     4297.        0.00185041       -0.00000447        0.00185042       -0.00000000        0.00000000        0.00000000
     4298.        0.00187982       -0.00000461        0.00187983       -0.00000000        0.00000000        0.00000000
     4299.        0.00190938       -0.00000476        0.00190938       -0.00000000        0.00000000        0.00000000
     4300.        0.00193914       -0.00000492        0.00193915       -0.00000000        0.00000000        0.00000000
     4301.        0.00196905       -0.00000508        0.00196906       -0.00000000        0.00000000        0.00000000
     4302.        0.00199915       -0.00000524        0.00199916       -0.00000000        0.00000000        0.00000000
     4303.        0.00202943       -0.00000540        0.00202944       -0.00000000        0.00000000        0.00000000
     4304.        0.00205987       -0.00000557        0.00205987       -0.00000000        0.00000000        0.00000000
     4305.        0.00209049       -0.00000575        0.00209049       -0.00000000        0.00000000        0.00000000
     4306.        0.00212127       -0.00000592        0.00212128       -0.00000000        0.00000000        0.00000000
     4307.        0.00215221       -0.00000610        0.00215222       -0.00000000        0.00000000        0.00000000
     4308.        0.00218333       -0.00000629        0.00218334       -0.00000000        0.00000000        0.00000000
     4309.        0.00221462       -0.00000648        0.00221463       -0.00000000        0.00000000        0.00000000
     4310.        0.00224607       -0.00000667        0.00224608       -0.00000000        0.00000000        0.00000000
     4311.        0.00227767       -0.00000687        0.00227768       -0.00000000        0.00000000        0.00000000
     4312.        0.00230946       -0.00000707        0.00230947       -0.00000000        0.00000000        0.00000000
     4313.        0.00234139       -0.00000727        0.00234140       -0.00000000        0.00000000        0.00000000
     4314.        0.00237349       -0.00000748        0.00237350       -0.00000000        0.00000000        0.00000000
     4315.        0.00240573       -0.00000769        0.00240574       -0.00000000        0.00000000        0.00000000
     4316.        0.00243816       -0.00000791        0.00243817       -0.00000000        0.00000000        0.00000000
     4317.        0.00247072       -0.00000813        0.00247073       -0.00000000        0.00000000        0.00000000
     4318.        0.00250346       -0.00000835        0.00250347       -0.00000000        0.00000000        0.00000000
     4319.        0.00253634       -0.00000858        0.00253635       -0.00000000        0.00000000        0.00000000
     4320.        0.00256939       -0.00000881        0.00256940       -0.00000000        0.00000000        0.00000000
     4321.        0.00260258       -0.00000905        0.00260260       -0.00000000        0.00000000        0.00000000
     4322.        0.00263594       -0.00000929        0.00263595       -0.00000000        0.00000000        0.00000000
     4323.        0.00266944       -0.00000953        0.00266945       -0.00000000        0.00000000        0.00000000
     4324.        0.00270308       -0.00000978        0.00270310       -0.00000000        0.00000000        0.00000000
     4325.        0.00273689       -0.00001003        0.00273691       -0.00000000        0.00000000        0.00000000
     4326.        0.00277086       -0.00001029        0.00277088       -0.00000000        0.00000000        0.00000000
     4327.        0.00280497       -0.00001055        0.00280499       -0.00000000        0.00000000        0.00000000
     4328.        0.00283923       -0.00001082        0.00283925       -0.00000000        0.00000000        0.00000000
     4329.        0.00287362       -0.00001109        0.00287364       -0.00000000        0.00000000        0.00000000
     4330.        0.00290818       -0.00001136        0.00290820       -0.00000000        0.00000000        0.00000000
     4331.        0.00294290       -0.00001164        0.00294293       -0.00000000        0.00000000        0.00000000
     4332.        0.00297775       -0.00001193        0.00297777       -0.00000000        0.00000000        0.00000000
     4333.        0.00301275       -0.00001222        0.00301277       -0.00000000        0.00000000        0.00000000
     4334.        0.00304789       -0.00001252        0.00304792       -0.00000000        0.00000000        0.00000000
     4335.        0.00308320       -0.00001282        0.00308323       -0.00000000        0.00000000        0.00000000
     4336.        0.00311865       -0.00001313        0.00311868       -0.00000000        0.00000000        0.00000000
     4337.        0.00315423       -0.00001345        0.00315426       -0.00000000        0.00000000        0.00000000
     4338.        0.00318996       -0.00001377        0.00318999       -0.00000000        0.00000000        0.00000000
     4339.        0.00322585       -0.00001409        0.00322588       -0.00000000        0.00000000        0.00000000
     4340.        0.00326187       -0.00001443        0.00326191       -0.00000000        0.00000000        0.00000000
     4341.        0.00329804       -0.00001477        0.00329807       -0.00000000        0.00000000        0.00000000
     4342.        0.00333434       -0.00001512        0.00333438       -0.00000000        0.00000000        0.00000000
     4343.        0.00337081       -0.00001548        0.00337084       -0.00000000        0.00000000        0.00000000
     4344.        0.00340741       -0.00001585        0.00340745       -0.00000000        0.00000000        0.00000000
     4345.        0.00344417       -0.00001622        0.00344421       -0.00000000        0.00000000        0.00000000
     4346.        0.00348105       -0.00001661        0.00348109       -0.00000000        0.00000000        0.00000000
     4347.        0.00351809       -0.00001700        0.00351813       -0.00000000        0.00000000        0.00000000
     4348.        0.00355526       -0.00001741        0.00355531       -0.00000000        0.00000000        0.00000000
     4349.        0.00359258       -0.00001782        0.00359262       -0.00000000        0.00000000        0.00000000
     4350.        0.00363005       -0.00001825        0.00363009       -0.00000000        0.00000000        0.00000000
     4351.        0.00366765       -0.00001868        0.00366770       -0.00000000        0.00000000        0.00000000
     4352.        0.00370540       -0.00001912        0.00370545       -0.00000000        0.00000000        0.00000000
     4353.        0.00374328       -0.00001958        0.00374333       -0.00000000        0.00000000        0.00000000
     4354.        0.00378132       -0.00002005        0.00378137       -0.00000000        0.00000000        0.00000000
     4355.        0.00381949       -0.00002053        0.00381955       -0.00000000        0.00000000        0.00000000
     4356.        0.00385783       -0.00002102        0.00385788       -0.00000000        0.00000000        0.00000000
     4357.        0.00389630       -0.00002153        0.00389636       -0.00000000        0.00000000        0.00000000
     4358.        0.00393490       -0.00002206        0.00393496       -0.00000000        0.00000000        0.00000000
     4359.        0.00397366       -0.00002260        0.00397373       -0.00000000        0.00000000        0.00000000
     4360.        0.00401256       -0.00002316        0.00401263       -0.00000000        0.00000000        0.00000000
     4361.        0.00405159       -0.00002373        0.00405166       -0.00000000        0.00000000        0.00000000
     4362.        0.00409076       -0.00002433        0.00409083       -0.00000000        0.00000000        0.00000000
     4363.        0.00413008       -0.00002494        0.00413016       -0.00000000        0.00000000        0.00000000
     4364.        0.00416954       -0.00002556        0.00416962       -0.00000000        0.00000000        0.00000000
     4365.        0.00420913       -0.00002621        0.00420921       -0.00000000        0.00000000        0.00000000
     4366.        0.00424888       -0.00002687        0.00424897       -0.00000000        0.00000000        0.00000000
     4367.        0.00428876       -0.00002755        0.00428885       -0.00000000        0.00000000        0.00000000
     4368.        0.00432878       -0.00002824        0.00432887       -0.00000000        0.00000000        0.00000000
     4369.        0.00436895       -0.00002896        0.00436905       -0.00000000        0.00000000        0.00000000
     4370.        0.00440926       -0.00002969        0.00440936       -0.00000000        0.00000000        0.00000000
     4371.        0.00444972       -0.00003044        0.00444983       -0.00000000        0.00000000        0.00000000
     4372.        0.00449032       -0.00003121        0.00449043       -0.00000000        0.00000000        0.00000000
     4373.        0.00453107       -0.00003200        0.00453118       -0.00000000        0.00000000        0.00000000
     4374.        0.00457198       -0.00003282        0.00457210       -0.00000000        0.00000000        0.00000000
     4375.        0.00461302       -0.00003366        0.00461314       -0.00000000        0.00000000        0.00000000
     4376.        0.00465421       -0.00003453        0.00465434       -0.00000000        0.00000000        0.00000000
     4377.        0.00469557       -0.00003542        0.00469570       -0.00000000        0.00000000        0.00000000
     4378.        0.00473705       -0.00003635        0.00473719       -0.00000000        0.00000000        0.00000000
     4379.        0.00477869       -0.00003730        0.00477884       -0.00000000        0.00000000        0.00000000
     4380.        0.00482049       -0.00003829        0.00482064       -0.00000000        0.00000000        0.00000000
     4381.        0.00486242       -0.00003931        0.00486258       -0.00000000        0.00000000        0.00000000
     4382.        0.00490448       -0.00004036        0.00490464       -0.00000000        0.00000000        0.00000000
     4383.        0.00494672       -0.00004144        0.00494689       -0.00000000        0.00000000        0.00000000
     4384.        0.00498907       -0.00004256        0.00498925       -0.00000000        0.00000000        0.00000000
     4385.        0.00503159       -0.00004371        0.00503178       -0.00000000        0.00000000        0.00000000
     4386.        0.00507425       -0.00004490        0.00507445       -0.00000000        0.00000000        0.00000000
     4387.        0.00511704       -0.00004612        0.00511725       -0.00000000        0.00000000        0.00000000
     4388.        0.00515999       -0.00004737        0.00516021       -0.00000000        0.00000000        0.00000000
     4389.        0.00520309       -0.00004866        0.00520332       -0.00000000        0.00000000        0.00000000
     4390.        0.00524632       -0.00004998        0.00524656       -0.00000000        0.00000000        0.00000000
     4391.        0.00528971       -0.00005133        0.00528996       -0.00000000        0.00000000        0.00000000
     4392.        0.00533323       -0.00005272        0.00533349       -0.00000000        0.00000000        0.00000000
     4393.        0.00537692       -0.00005414        0.00537720       -0.00000000        0.00000000        0.00000000
     4394.        0.00542075       -0.00005560        0.00542104       -0.00000000        0.00000000        0.00000000
     4395.        0.00546474       -0.00005709        0.00546503       -0.00000000        0.00000000        0.00000000
     4396.        0.00550890       -0.00005861        0.00550921       -0.00000000        0.00000000        0.00000000
     4397.        0.00555319       -0.00006018        0.00555352       -0.00000000        0.00000000        0.00000000
     4398.        0.00559764       -0.00006178        0.00559798       -0.00000000        0.00000000        0.00000000
     4399.        0.00564227       -0.00006343        0.00564263       -0.00000000        0.00000000        0.00000000
     4400.        0.00568706       -0.00006511        0.00568743       -0.00000000        0.00000000        0.00000000
     4401.        0.00573200       -0.00006685        0.00573238       -0.00000000        0.00000000        0.00000000
     4402.        0.00577709       -0.00006863        0.00577750       -0.00000000        0.00000000        0.00000000
     4403.        0.00582237       -0.00007046        0.00582279       -0.00000000        0.00000000        0.00000000
     4404.        0.00586780       -0.00007234        0.00586824       -0.00000000        0.00000000        0.00000000
     4405.        0.00591341       -0.00007427        0.00591388       -0.00000000        0.00000000        0.00000000
     4406.        0.00595915       -0.00007626        0.00595964       -0.00000000        0.00000000        0.00000000
     4407.        0.00600510       -0.00007831        0.00600561       -0.00000000        0.00000000        0.00000000
     4408.        0.00605118       -0.00008043        0.00605171       -0.00000000        0.00000000        0.00000000
     4409.        0.00609744       -0.00008260        0.00609800       -0.00000000        0.00000000        0.00000000
     4410.        0.00614388       -0.00008484        0.00614447       -0.00000000        0.00000000        0.00000000
     4411.        0.00619048       -0.00008714        0.00619109       -0.00000000        0.00000000        0.00000000
     4412.        0.00623723       -0.00008952        0.00623787       -0.00000000        0.00000000        0.00000000
     4413.        0.00628414       -0.00009196        0.00628481       -0.00000000        0.00000000        0.00000000
     4414.        0.00633121       -0.00009447        0.00633191       -0.00000000        0.00000000        0.00000000
     4415.        0.00637845       -0.00009706        0.00637919       -0.00000000        0.00000000        0.00000000
     4416.        0.00642586       -0.00009971        0.00642663       -0.00000000        0.00000000        0.00000000
     4417.        0.00647342       -0.00010244        0.00647423       -0.00000000        0.00000000        0.00000000
     4418.        0.00652113       -0.00010524        0.00652198       -0.00000000        0.00000000        0.00000000
     4419.        0.00656903       -0.00010811        0.00656992       -0.00000000        0.00000000        0.00000000
     4420.        0.00661706       -0.00011105        0.00661799       -0.00000000        0.00000000        0.00000000
     4421.        0.00666527       -0.00011407        0.00666625       -0.00000000        0.00000000        0.00000000
     4422.        0.00671364       -0.00011716        0.00671467       -0.00000000        0.00000000        0.00000000
     4423.        0.00676217       -0.00012032        0.00676324       -0.00000000        0.00000000        0.00000000
     4424.        0.00681088       -0.00012356        0.00681200       -0.00000000        0.00000000        0.00000000
     4425.        0.00685974       -0.00012687        0.00686091       -0.00000000        0.00000000        0.00000000
     4426.        0.00690876       -0.00013025        0.00690999       -0.00000000        0.00000000        0.00000000
     4427.        0.00695797       -0.00013370        0.00695925       -0.00000000        0.00000000        0.00000000
     4428.        0.00700736       -0.00013723        0.00700870       -0.00000000        0.00000000        0.00000000
     4429.        0.00705690       -0.00014083        0.00705831       -0.00000000        0.00000000        0.00000000
     4430.        0.00710663       -0.00014451        0.00710810       -0.00000000        0.00000000        0.00000000
     4431.        0.00715652       -0.00014826        0.00715806       -0.00000000        0.00000000        0.00000000
     4432.        0.00720662       -0.00015210        0.00720822       -0.00000000        0.00000000        0.00000000
     4433.        0.00725690       -0.00015601        0.00725858       -0.00000000        0.00000000        0.00000000
     4434.        0.00730737       -0.00016000        0.00730912       -0.00000000        0.00000000        0.00000000
     4435.        0.00735802       -0.00016408        0.00735985       -0.00000000        0.00000000        0.00000000
     4436.        0.00740886       -0.00016825        0.00741077       -0.00000000        0.00000000        0.00000000
     4437.        0.00745991       -0.00017250        0.00746190       -0.00000000        0.00000000        0.00000000
     4438.        0.00751114       -0.00017685        0.00751322       -0.00000000        0.00000000        0.00000000
     4439.        0.00756259       -0.00018129        0.00756476       -0.00000000        0.00000000        0.00000000
     4440.        0.00761425       -0.00018583        0.00761652       -0.00000000        0.00000000        0.00000000
     4441.        0.00766610       -0.00019048        0.00766846       -0.00000000        0.00000000        0.00000000
     4442.        0.00771816       -0.00019523        0.00772063       -0.00000000        0.00000000        0.00000000
     4443.        0.00777041       -0.00020008        0.00777298       -0.00000000        0.00000000        0.00000000
     4444.        0.00782290       -0.00020506        0.00782558       -0.00000000        0.00000000        0.00000000
     4445.        0.00787560       -0.00021014        0.00787840       -0.00000000        0.00000000        0.00000000
     4446.        0.00792849       -0.00021535        0.00793142       -0.00000000        0.00000000        0.00000000
     4447.        0.00798163       -0.00022068        0.00798468       -0.00000000        0.00000000        0.00000000
     4448.        0.00803498       -0.00022614        0.00803816       -0.00000000        0.00000000        0.00000000
     4449.        0.00808852       -0.00023173        0.00809184       -0.00000000        0.00000000        0.00000000
     4450.        0.00814231       -0.00023745        0.00814577       -0.00000000        0.00000000        0.00000000
     4451.        0.00819631       -0.00024331        0.00819992       -0.00000000        0.00000000        0.00000000
     4452.        0.00825053       -0.00024931        0.00825429       -0.00000000        0.00000000        0.00000000
     4453.        0.00830499       -0.00025546        0.00830892       -0.00000000        0.00000000        0.00000000
     4454.        0.00835968       -0.00026175        0.00836378       -0.00000000        0.00000000        0.00000000
     4455.        0.00841458       -0.00026819        0.00841885       -0.00000000        0.00000000        0.00000000
     4456.        0.00846970       -0.00027478        0.00847416       -0.00000000        0.00000000        0.00000000
     4457.        0.00852510       -0.00028153        0.00852975       -0.00000000        0.00000000        0.00000000
     4458.        0.00858069       -0.00028844        0.00858554       -0.00000000        0.00000000        0.00000000
     4459.        0.00863656       -0.00029551        0.00864161       -0.00000000        0.00000000        0.00000000
     4460.        0.00869267       -0.00030274        0.00869794       -0.00000000        0.00000000        0.00000000
     4461.        0.00874904       -0.00031015        0.00875453       -0.00000000        0.00000000        0.00000000
     4462.        0.00880571       -0.00031772        0.00881144       -0.00000000        0.00000000        0.00000000
     4463.        0.00886266       -0.00032547        0.00886864       -0.00000000        0.00000000        0.00000000
     4464.        0.00891989       -0.00033348        0.00892612       -0.00000000        0.00000000        0.00000000
     4465.        0.00897752       -0.00034173        0.00898402       -0.00000000        0.00000000        0.00000000
     4466.        0.00903531       -0.00035039        0.00904210       -0.00000000        0.00000000        0.00000000
     4467.        0.00909330       -0.00035911        0.00910039       -0.00000000        0.00000000        0.00000000
     4468.        0.00915180       -0.00036815        0.00915921       -0.00000000        0.00000000        0.00000000
     4469.        0.00921053       -0.00037773        0.00921827       -0.00000000        0.00000000        0.00000000
     4470.        0.00926923       -0.00038773        0.00927733       -0.00000000        0.00000000        0.00000000
     4471.        0.00932795       -0.00039780        0.00933643       -0.00000000        0.00000000        0.00000000
     4472.        0.00938705       -0.00040792        0.00939590       -0.00000000        0.00000000        0.00000000
     4473.        0.00944662       -0.00041838        0.00945588       -0.00000000        0.00000000        0.00000000
     4474.        0.00950658       -0.00042938        0.00951627       -0.00000000        0.00000000        0.00000000
     4475.        0.00956664       -0.00044099        0.00957680       -0.00000000        0.00000000        0.00000000
     4476.        0.00962665       -0.00045310        0.00963731       -0.00000000        0.00000000        0.00000000
     4477.        0.00968651       -0.00046550        0.00969769       -0.00000000        0.00000000        0.00000000
     4478.        0.00974633       -0.00047799        0.00975804       -0.00000000        0.00000000        0.00000000
     4479.        0.00980632       -0.00049050        0.00981858       -0.00000000        0.00000000        0.00000000
     4480.        0.00986669       -0.00050312        0.00987951       -0.00000000        0.00000000        0.00000000
     4481.        0.00992749       -0.00051605        0.00994089       -0.00000000        0.00000000        0.00000000
     4482.        0.00998863       -0.00052946        0.01000265       -0.00000000        0.00000000        0.00000000
     4483.        0.01005006       -0.00054344        0.01006475       -0.00000000        0.00000000        0.00000000
     4484.        0.01011158       -0.00055802        0.01012697       -0.00000000        0.00000000        0.00000000
     4485.        0.01017309       -0.00057318        0.01018923       -0.00000000        0.00000000        0.00000000
     4486.        0.01023445       -0.00058881        0.01025138       -0.00000000        0.00000000        0.00000000
     4487.        0.01029566       -0.00060477        0.01031340       -0.00000000        0.00000000        0.00000000
     4488.        0.01035670       -0.00062094        0.01037530       -0.00000000        0.00000000        0.00000000
     4489.        0.01041768       -0.00063721        0.01043715       -0.00000000        0.00000000        0.00000000
     4490.        0.01047874       -0.00065352        0.01049910       -0.00000000        0.00000000        0.00000000
     4491.        0.01053999       -0.00066993        0.01056126       -0.00000000        0.00000000        0.00000000
     4492.        0.01060150       -0.00068649        0.01062370       -0.00000000        0.00000000        0.00000000
     4493.        0.01066338       -0.00070332        0.01068655       -0.00000000        0.00000000        0.00000000
     4494.        0.01072555       -0.00072052        0.01074973       -0.00000000        0.00000000        0.00000000
     4495.        0.01078805       -0.00073820        0.01081327       -0.00000000        0.00000000        0.00000000
     4496.        0.01085074       -0.00075642        0.01087707       -0.00000000        0.00000000        0.00000000
     4497.        0.01091357       -0.00077521        0.01094106       -0.00000000        0.00000000        0.00000000
     4498.        0.01097641       -0.00079459        0.01100514       -0.00000000        0.00000000        0.00000000
     4499.        0.01103919       -0.00081452        0.01106920       -0.00000000        0.00000000        0.00000000
     4500.        0.01110186       -0.00083496        0.01113322       -0.00000000        0.00000000        0.00000000
     4501.        0.01116437       -0.00085584        0.01119712       -0.00000000        0.00000000        0.00000000
     4502.        0.01122668       -0.00087707        0.01126089       -0.00000000        0.00000000        0.00000000
     4503.        0.01128879       -0.00089859        0.01132449       -0.00000000        0.00000000        0.00000000
     4504.        0.01135075       -0.00092031        0.01138800       -0.00000000        0.00000000        0.00000000
     4505.        0.01141258       -0.00094218        0.01145141       -0.00000000        0.00000000        0.00000000
     4506.        0.01147439       -0.00096418        0.01151482       -0.00000000        0.00000000        0.00000000
     4507.        0.01153623       -0.00098629        0.01157831       -0.00000000        0.00000000        0.00000000
     4508.        0.01159817       -0.00100854        0.01164194       -0.00000000        0.00000000        0.00000000
     4509.        0.01166025       -0.00103096        0.01170573       -0.00000000        0.00000000        0.00000000
     4510.        0.01172254       -0.00105360        0.01176980       -0.00000000        0.00000000        0.00000000
     4511.        0.01178503       -0.00107654        0.01183410       -0.00000000        0.00000000        0.00000000
     4512.        0.01184774       -0.00109982        0.01189868       -0.00000000        0.00000000        0.00000000
     4513.        0.01191062       -0.00112352        0.01196349       -0.00000000        0.00000000        0.00000000
     4514.        0.01197368       -0.00114767        0.01202856       -0.00000000        0.00000000        0.00000000
     4515.        0.01203682       -0.00117232        0.01209377       -0.00000000        0.00000000        0.00000000
     4516.        0.01210005       -0.00119750        0.01215916       -0.00000000        0.00000000        0.00000000
     4517.        0.01216329       -0.00122321        0.01222464       -0.00000000        0.00000000        0.00000000
     4518.        0.01222648       -0.00124946        0.01229015       -0.00000000        0.00000000        0.00000000
     4519.        0.01228954       -0.00127623        0.01235563       -0.00000000        0.00000000        0.00000000
     4520.        0.01235248       -0.00130350        0.01242107       -0.00000000        0.00000000        0.00000000
     4521.        0.01241524       -0.00133123        0.01248641       -0.00000000        0.00000000        0.00000000
     4522.        0.01247775       -0.00135939        0.01255158       -0.00000000        0.00000000        0.00000000
     4523.        0.01254003       -0.00138792        0.01261660       -0.00000000        0.00000000        0.00000000
     4524.        0.01260206       -0.00141678        0.01268145       -0.00000000        0.00000000        0.00000000
     4525.        0.01266384       -0.00144593        0.01274612       -0.00000000        0.00000000        0.00000000
     4526.        0.01272539       -0.00147530        0.01281062       -0.00000000        0.00000000        0.00000000
     4527.        0.01278671       -0.00150488        0.01287496       -0.00000000        0.00000000        0.00000000
     4528.        0.01284784       -0.00153461        0.01293916       -0.00000000        0.00000000        0.00000000
     4529.        0.01290882       -0.00156449        0.01300328       -0.00000000        0.00000000        0.00000000
     4530.        0.01296971       -0.00159449        0.01306735       -0.00000000        0.00000000        0.00000000
     4531.        0.01303048       -0.00162461        0.01313137       -0.00000000        0.00000000        0.00000000
     4532.        0.01309125       -0.00165486        0.01319543       -0.00000000        0.00000000        0.00000000
     4533.        0.01315200       -0.00168524        0.01325953       -0.00000000        0.00000000        0.00000000
     4534.        0.01321277       -0.00171578        0.01332371       -0.00000000        0.00000000        0.00000000
     4535.        0.01327356       -0.00174650        0.01338797       -0.00000000        0.00000000        0.00000000
     4536.        0.01333443       -0.00177743        0.01345237       -0.00000000        0.00000000        0.00000000
     4537.        0.01339539       -0.00180859        0.01351693       -0.00000000        0.00000000        0.00000000
     4538.        0.01345639       -0.00184003        0.01358161       -0.00000000        0.00000000        0.00000000
     4539.        0.01351747       -0.00187176        0.01364645       -0.00000000        0.00000000        0.00000000
     4540.        0.01357860       -0.00190381        0.01371142       -0.00000000        0.00000000        0.00000000
     4541.        0.01363978       -0.00193621        0.01377652       -0.00000000        0.00000000        0.00000000
     4542.        0.01370098       -0.00196899        0.01384174       -0.00000000        0.00000000        0.00000000
     4543.        0.01376216       -0.00200214        0.01390703       -0.00000000        0.00000000        0.00000000
     4544.        0.01382332       -0.00203569        0.01397241       -0.00000000        0.00000000        0.00000000
     4545.        0.01388440       -0.00206964        0.01403780       -0.00000000        0.00000000        0.00000000
     4546.        0.01394539       -0.00210398        0.01410321       -0.00000000        0.00000000        0.00000000
     4547.        0.01400630       -0.00213872        0.01416864       -0.00000000        0.00000000        0.00000000
     4548.        0.01406705       -0.00217383        0.01423403       -0.00000000        0.00000000        0.00000000
     4549.        0.01412765       -0.00220932        0.01429936       -0.00000000        0.00000000        0.00000000
     4550.        0.01418807       -0.00224516        0.01436461       -0.00000000        0.00000000        0.00000000
     4551.        0.01424826       -0.00228133        0.01442974       -0.00000000        0.00000000        0.00000000
     4552.        0.01430826       -0.00231781        0.01449478       -0.00000000        0.00000000        0.00000000
     4553.        0.01436804       -0.00235457        0.01455969       -0.00000000        0.00000000        0.00000000
     4554.        0.01442763       -0.00239159        0.01462450       -0.00000000        0.00000000        0.00000000
     4555.        0.01448695       -0.00242884        0.01468914       -0.00000000        0.00000000        0.00000000
     4556.        0.01454608       -0.00246630        0.01475368       -0.00000000        0.00000000        0.00000000
     4557.        0.01460497       -0.00250394        0.01481806       -0.00000000        0.00000000        0.00000000
     4558.        0.01466367       -0.00254174        0.01488233       -0.00000000        0.00000000        0.00000000
     4559.        0.01472217       -0.00257969        0.01494647       -0.00000000        0.00000000        0.00000000
     4560.        0.01478053       -0.00261775        0.01501056       -0.00000000        0.00000000        0.00000000
     4561.        0.01483873       -0.00265593        0.01507454       -0.00000000        0.00000000        0.00000000
     4562.        0.01489678       -0.00269421        0.01513846       -0.00000000        0.00000000        0.00000000
     4563.        0.01495477       -0.00273258        0.01520237       -0.00000000        0.00000000        0.00000000
     4564.        0.01501264       -0.00277104        0.01526624       -0.00000000        0.00000000        0.00000000
     4565.        0.01507048       -0.00280960        0.01533014       -0.00000000        0.00000000        0.00000000
     4566.        0.01512825       -0.00284825        0.01539404       -0.00000000        0.00000000        0.00000000
     4567.        0.01518604       -0.00288700        0.01545803       -0.00000000        0.00000000        0.00000000
     4568.        0.01524382       -0.00292587        0.01552208       -0.00000000        0.00000000        0.00000000
     4569.        0.01530163       -0.00296486        0.01558622       -0.00000000        0.00000000        0.00000000
     4570.        0.01535947       -0.00300400        0.01565047       -0.00000000        0.00000000        0.00000000
     4571.        0.01541736       -0.00304329        0.01571485       -0.00000000        0.00000000        0.00000000
     4572.        0.01547531       -0.00308277        0.01577938       -0.00000000        0.00000000        0.00000000
     4573.        0.01553336       -0.00312245        0.01584408       -0.00000000        0.00000000        0.00000000
     4574.        0.01559143       -0.00316235        0.01590890       -0.00000000        0.00000000        0.00000000
     4575.        0.01564962       -0.00320249        0.01597394       -0.00000000        0.00000000        0.00000000
     4576.        0.01570784       -0.00324289        0.01603910       -0.00000000        0.00000000        0.00000000
     4577.        0.01576615       -0.00328358        0.01610446       -0.00000000        0.00000000        0.00000000
     4578.        0.01582452       -0.00332456        0.01616998       -0.00000000        0.00000000        0.00000000
     4579.        0.01588292       -0.00336587        0.01623564       -0.00000000        0.00000000        0.00000000
     4580.        0.01594137       -0.00340751        0.01630148       -0.00000000        0.00000000        0.00000000
     4581.        0.01599988       -0.00344951        0.01636750       -0.00000000        0.00000000        0.00000000
     4582.        0.01605837       -0.00349184        0.01643363       -0.00000000        0.00000000        0.00000000
     4583.        0.01611686       -0.00353458        0.01649989       -0.00000000        0.00000000        0.00000000
     4584.        0.01617533       -0.00357768        0.01656626       -0.00000000        0.00000000        0.00000000
     4585.        0.01623375       -0.00362116        0.01663272       -0.00000000        0.00000000        0.00000000
     4586.        0.01629213       -0.00366506        0.01669929       -0.00000000        0.00000000        0.00000000
     4587.        0.01635042       -0.00370931        0.01676590       -0.00000000        0.00000000        0.00000000
     4588.        0.01640863       -0.00375398        0.01683257       -0.00000000        0.00000000        0.00000000
     4589.        0.01646672       -0.00379908        0.01689928       -0.00000000        0.00000000        0.00000000
     4590.        0.01652469       -0.00384453        0.01696601       -0.00000000        0.00000000        0.00000000
     4591.        0.01658253       -0.00389037        0.01703277       -0.00000000        0.00000000        0.00000000
     4592.        0.01664022       -0.00393657        0.01709952       -0.00000000        0.00000000        0.00000000
     4593.        0.01669772       -0.00398316        0.01716622       -0.00000000        0.00000000        0.00000000
     4594.        0.01675505       -0.00403011        0.01723292       -0.00000000        0.00000000        0.00000000
     4595.        0.01681219       -0.00407742        0.01729957       -0.00000000        0.00000000        0.00000000
     4596.        0.01686910       -0.00412506        0.01736613       -0.00000000        0.00000000        0.00000000
     4597.        0.01692581       -0.00417302        0.01743264       -0.00000000        0.00000000        0.00000000
     4598.        0.01698232       -0.00422131        0.01749910       -0.00000000        0.00000000        0.00000000
     4599.        0.01703859       -0.00426989        0.01756547       -0.00000000        0.00000000        0.00000000
     4600.        0.01709463       -0.00431874        0.01763173       -0.00000000        0.00000000        0.00000000
     4601.        0.01715043       -0.00436791        0.01769790       -0.00000000        0.00000000        0.00000001
     4602.        0.01720598       -0.00441731        0.01776397       -0.00000000        0.00000000        0.00000001
     4603.        0.01726134       -0.00446696        0.01782996       -0.00000000        0.00000000        0.00000001
     4604.        0.01731644       -0.00451688        0.01789585       -0.00000000        0.00000000        0.00000001
     4605.        0.01737131       -0.00456702        0.01796163       -0.00000000        0.00000000        0.00000001
     4606.        0.01742597       -0.00461736        0.01802732       -0.00000000        0.00000000        0.00000001
     4607.        0.01748038       -0.00466792        0.01809290       -0.00000000        0.00000000        0.00000001
     4608.        0.01753461       -0.00471867        0.01815842       -0.00000000        0.00000000        0.00000001
     4609.        0.01758859       -0.00476961        0.01822383       -0.00000000        0.00000000        0.00000001
     4610.        0.01764240       -0.00482075        0.01828917       -0.00000000        0.00000000        0.00000001
     4611.        0.01769599       -0.00487207        0.01835443       -0.00000000        0.00000000        0.00000001
     4612.        0.01774940       -0.00492355        0.01841962       -0.00000000        0.00000000        0.00000001
     4613.        0.01780263       -0.00497523        0.01848476       -0.00000000        0.00000000        0.00000001
     4614.        0.01785567       -0.00502706        0.01854983       -0.00000000        0.00000000        0.00000001
     4615.        0.01790857       -0.00507904        0.01861487       -0.00000000        0.00000000        0.00000001
     4616.        0.01796128       -0.00513122        0.01867986       -0.00000000        0.00000000        0.00000001
     4617.        0.01801384       -0.00518356        0.01874481       -0.00000000        0.00000000        0.00000001
     4618.        0.01806626       -0.00523605        0.01880973       -0.00000000        0.00000000        0.00000001
     4619.        0.01811855       -0.00528874        0.01887466       -0.00000000        0.00000000        0.00000001
     4620.        0.01817070       -0.00534158        0.01893955       -0.00000001        0.00000000        0.00000001
     4621.        0.01822269       -0.00539461        0.01900443       -0.00000001        0.00000000        0.00000001
     4622.        0.01827456       -0.00544781        0.01906930       -0.00000001        0.00000000        0.00000001
     4623.        0.01832632       -0.00550119        0.01913419       -0.00000001        0.00000000        0.00000001
     4624.        0.01837795       -0.00555478        0.01919908       -0.00000001        0.00000000        0.00000001
     4625.        0.01842947       -0.00560859        0.01926400       -0.00000001        0.00000000        0.00000001
     4626.        0.01848087       -0.00566256        0.01932892       -0.00000001        0.00000000        0.00000001
     4627.        0.01853211       -0.00571676        0.01939382       -0.00000001        0.00000000        0.00000001
     4628.        0.01858326       -0.00577116        0.01945877       -0.00000001        0.00000000        0.00000001
     4629.        0.01863429       -0.00582579        0.01952374       -0.00000001        0.00000000        0.00000001
     4630.        0.01868516       -0.00588061        0.01958869       -0.00000001        0.00000000        0.00000001
     4631.        0.01873594       -0.00593567        0.01965370       -0.00000001        0.00000000        0.00000001
     4632.        0.01878657       -0.00599096        0.01971869       -0.00000001        0.00000000        0.00000001
     4633.        0.01883706       -0.00604648        0.01978370       -0.00000001        0.00000000        0.00000001
     4634.        0.01888739       -0.00610224        0.01984870       -0.00000001        0.00000000        0.00000001
     4635.        0.01893760       -0.00615827        0.01991374       -0.00000001        0.00000000        0.00000001
     4636.        0.01898764       -0.00621450        0.01997875       -0.00000001        0.00000000        0.00000001
     4637.        0.01903751       -0.00627096        0.02004375       -0.00000001        0.00000000        0.00000001
     4638.        0.01908726       -0.00632766        0.02010877       -0.00000001        0.00000000        0.00000001
     4639.        0.01913680       -0.00638463        0.02017376       -0.00000001        0.00000000        0.00000001
     4640.        0.01918617       -0.00644184        0.02023874       -0.00000001        0.00000000        0.00000001
     4641.        0.01923537       -0.00649925        0.02030369       -0.00000001        0.00000000        0.00000001
     4642.        0.01928441       -0.00655693        0.02036864       -0.00000001        0.00000000        0.00000001
     4643.        0.01933319       -0.00661485        0.02043351       -0.00000001        0.00000000        0.00000001
     4644.        0.01938181       -0.00667297        0.02049836       -0.00000001        0.00000000        0.00000001
     4645.        0.01943021       -0.00673132        0.02056316       -0.00000001        0.00000000        0.00000001
     4646.        0.01947840       -0.00678992        0.02062792       -0.00000001        0.00000000        0.00000001
     4647.        0.01952638       -0.00684872        0.02069262       -0.00000001        0.00000000        0.00000001
     4648.        0.01957415       -0.00690772        0.02075726       -0.00000001        0.00000000        0.00000001
     4649.        0.01962170       -0.00696692        0.02082184       -0.00000001        0.00000000        0.00000001
     4650.        0.01966900       -0.00702636        0.02088634       -0.00000001        0.00000000        0.00000001
     4651.        0.01971608       -0.00708596        0.02095077       -0.00000001        0.00000000        0.00000001
     4652.        0.01976291       -0.00714577        0.02101510       -0.00000001        0.00000000        0.00000001
     4653.        0.01980951       -0.00720574        0.02107936       -0.00000001        0.00000000        0.00000001
     4654.        0.01985590       -0.00726592        0.02114357       -0.00000001        0.00000000        0.00000001
     4655.        0.01990203       -0.00732622        0.02120765       -0.00000001        0.00000000        0.00000001
     4656.        0.01994790       -0.00738673        0.02127163       -0.00000001        0.00000000        0.00000001
     4657.        0.01999354       -0.00744736        0.02133553       -0.00000001        0.00000000        0.00000001
     4658.        0.02003897       -0.00750812        0.02139935       -0.00000001        0.00000000        0.00000001
     4659.        0.02008413       -0.00756905        0.02146305       -0.00000001        0.00000000        0.00000001
     4660.        0.02012910       -0.00763010        0.02152670       -0.00000001        0.00000000        0.00000001
     4661.        0.02017380       -0.00769129        0.02159023       -0.00000001        0.00000000        0.00000001
     4662.        0.02021828       -0.00775255        0.02165366       -0.00000001        0.00000000        0.00000001
     4663.        0.02026253       -0.00781395        0.02171700       -0.00000001        0.00000000        0.00000001
     4664.        0.02030655       -0.00787547        0.02178024       -0.00000001        0.00000000        0.00000001
     4665.        0.02035034       -0.00793705        0.02184337       -0.00000001        0.00000000        0.00000001
     4666.        0.02039393       -0.00799875        0.02190645       -0.00000001        0.00000000        0.00000001
     4667.        0.02043733       -0.00806054        0.02196945       -0.00000001        0.00000000        0.00000001
     4668.        0.02048054       -0.00812237        0.02203237       -0.00000001        0.00000000        0.00000001
     4669.        0.02052351       -0.00818430        0.02209518       -0.00000001        0.00000000        0.00000001
     4670.        0.02056632       -0.00824631        0.02215796       -0.00000001        0.00000000        0.00000001
     4671.        0.02060893       -0.00830837        0.02222065       -0.00000001        0.00000000        0.00000001
     4672.        0.02065139       -0.00837052        0.02228330       -0.00000001        0.00000000        0.00000001
     4673.        0.02069364       -0.00843275        0.02234587       -0.00000001        0.00000000        0.00000001
     4674.        0.02073577       -0.00849499        0.02240842       -0.00000001        0.00000000        0.00000001
     4675.        0.02077775       -0.00855732        0.02247093       -0.00000001        0.00000000        0.00000001
     4676.        0.02081955       -0.00861974        0.02253339       -0.00000001        0.00000000        0.00000001
     4677.        0.02086124       -0.00868220        0.02259584       -0.00000001        0.00000000        0.00000001
     4678.        0.02090276       -0.00874471        0.02265823       -0.00000001        0.00000000        0.00000001
     4679.        0.02094419       -0.00880726        0.02272063       -0.00000001        0.00000000        0.00000001
     4680.        0.02098550       -0.00886990        0.02278303       -0.00000001        0.00000000        0.00000001
     4681.        0.02102668       -0.00893262        0.02284542       -0.00000001        0.00000000        0.00000001
     4682.        0.02106778       -0.00899539        0.02290782       -0.00000001        0.00000000        0.00000001
     4683.        0.02110879       -0.00905824        0.02297025       -0.00000001        0.00000000        0.00000001
     4684.        0.02114970       -0.00912118        0.02303271       -0.00000001        0.00000000        0.00000001
     4685.        0.02119049       -0.00918420        0.02309516       -0.00000001        0.00000000        0.00000001
     4686.        0.02123127       -0.00924730        0.02315771       -0.00000001        0.00000000        0.00000001
     4687.        0.02127192       -0.00931049        0.02322025       -0.00000001        0.00000000        0.00000001
     4688.        0.02131252       -0.00937376        0.02328285       -0.00000001        0.00000000        0.00000001
     4689.        0.02135307       -0.00943716        0.02334553       -0.00000001        0.00000000        0.00000001
     4690.        0.02139357       -0.00950064        0.02340827       -0.00000001        0.00000000        0.00000001
     4691.        0.02143398       -0.00956428        0.02347106       -0.00000001        0.00000000        0.00000001
     4692.        0.02147438       -0.00962800        0.02353396       -0.00000001        0.00000000        0.00000001
     4693.        0.02151468       -0.00969184        0.02359689       -0.00000001        0.00000000        0.00000001
     4694.        0.02155497       -0.00975585        0.02365995       -0.00000001        0.00000000        0.00000001
     4695.        0.02159521       -0.00982002        0.02372311       -0.00000001        0.00000000        0.00000001
     4696.        0.02163540       -0.00988431        0.02378634       -0.00000001        0.00000000        0.00000001
     4697.        0.02167553       -0.00994877        0.02384967       -0.00000001        0.00000000        0.00000001
     4698.        0.02171565       -0.01001339        0.02391312       -0.00000001        0.00000000        0.00000001
     4699.        0.02175572       -0.01007817        0.02397667       -0.00000001        0.00000000        0.00000001
     4700.        0.02179574       -0.01014315        0.02404033       -0.00000001        0.00000000        0.00000001
     4701.        0.02183570       -0.01020834        0.02410410       -0.00000001        0.00000000        0.00000001
     4702.        0.02187560       -0.01027369        0.02416797       -0.00000001        0.00000000        0.00000001
     4703.        0.02191549       -0.01033929        0.02423200       -0.00000001        0.00000000        0.00000001
     4704.        0.02195529       -0.01040509        0.02429611       -0.00000001        0.00000000        0.00000001
     4705.        0.02199503       -0.01047109        0.02436032       -0.00000001        0.00000000        0.00000001
     4706.        0.02203476       -0.01053730        0.02442469       -0.00000001        0.00000000        0.00000001
     4707.        0.02207435       -0.01060380        0.02448913       -0.00000001        0.00000000        0.00000001
     4708.        0.02211393       -0.01067050        0.02455373       -0.00000001        0.00000000        0.00000001
     4709.        0.02215341       -0.01073745        0.02461842       -0.00000001        0.00000000        0.00000001
     4710.        0.02219279       -0.01080468        0.02468322       -0.00000001        0.00000000        0.00000001
     4711.        0.02223212       -0.01087212        0.02474814       -0.00000001        0.00000000        0.00000001
     4712.        0.02227131       -0.01093985        0.02481313       -0.00000001        0.00000000        0.00000001
     4713.        0.02231044       -0.01100787        0.02487828       -0.00000001        0.00000000        0.00000001
     4714.        0.02234943       -0.01107614        0.02494349       -0.00000001        0.00000000        0.00000001
     4715.        0.02238832       -0.01114469        0.02500882       -0.00000001        0.00000000        0.00000001
     4716.        0.02242708       -0.01121350        0.02507421       -0.00000001        0.00000000        0.00000001
     4717.        0.02246573       -0.01128259        0.02513973       -0.00000001        0.00000000        0.00000001
     4718.        0.02250424       -0.01135198        0.02520532       -0.00000001        0.00000000        0.00000001
     4719.        0.02254257       -0.01142166        0.02527096       -0.00000001        0.00000000        0.00000001
     4720.        0.02258075       -0.01149163        0.02533669       -0.00000001        0.00000000        0.00000001
     4721.        0.02261879       -0.01156190        0.02540251       -0.00000001        0.00000000        0.00000001
     4722.        0.02265665       -0.01163246        0.02546837       -0.00000001        0.00000000        0.00000001
     4723.        0.02269432       -0.01170331        0.02553429       -0.00000001        0.00000000        0.00000001
     4724.        0.02273181       -0.01177445        0.02560025       -0.00000001        0.00000000        0.00000001
     4725.        0.02276907       -0.01184590        0.02566624       -0.00000001        0.00000000        0.00000001
     4726.        0.02280618       -0.01191763        0.02573231       -0.00000001        0.00000000        0.00000001
     4727.        0.02284302       -0.01198963        0.02579835       -0.00000001        0.00000000        0.00000001
     4728.        0.02287967       -0.01206196        0.02586446       -0.00000001        0.00000000        0.00000001
     4729.        0.02291605       -0.01213454        0.02593053       -0.00000001        0.00000000        0.00000001
     4730.        0.02295223       -0.01220739        0.02599664       -0.00000001        0.00000000        0.00000001
     4731.        0.02298815       -0.01228057        0.02606276       -0.00000001        0.00000000        0.00000001
     4732.        0.02302378       -0.01235401        0.02612884       -0.00000001        0.00000000        0.00000001
     4733.        0.02305918       -0.01242770        0.02619492       -0.00000001        0.00000000        0.00000001
     4734.        0.02309427       -0.01250170        0.02626095       -0.00000001        0.00000000        0.00000001
     4735.        0.02312911       -0.01257596        0.02632699       -0.00000001        0.00000000        0.00000001
     4736.        0.02316368       -0.01265043        0.02639298       -0.00000001        0.00000000        0.00000001
     4737.        0.02319792       -0.01272520        0.02645892       -0.00000001        0.00000000        0.00000001
     4738.        0.02323184       -0.01280023        0.02652479       -0.00000001        0.00000000        0.00000001
     4739.        0.02326548       -0.01287548        0.02659061       -0.00000001        0.00000000        0.00000001
     4740.        0.02329879       -0.01295095        0.02665635       -0.00000001        0.00000000        0.00000001
     4741.        0.02333178       -0.01302668        0.02672202       -0.00000001        0.00000000        0.00000001
     4742.        0.02336447       -0.01310263        0.02678764       -0.00000001        0.00000000        0.00000001
     4743.        0.02339680       -0.01317880        0.02685314       -0.00000001        0.00000000        0.00000001
     4744.        0.02342880       -0.01325518        0.02691855       -0.00000001        0.00000000        0.00000001
     4745.        0.02346042       -0.01333175        0.02698383       -0.00000001        0.00000000        0.00000001
     4746.        0.02349172       -0.01340853        0.02704902       -0.00000001        0.00000000        0.00000001
     4747.        0.02352267       -0.01348549        0.02711410       -0.00000001        0.00000000        0.00000001
     4748.        0.02355326       -0.01356263        0.02717905       -0.00000001        0.00000000        0.00000001
     4749.        0.02358350       -0.01363994        0.02724389       -0.00000001        0.00000000        0.00000001
