     4151.        0.00000000        0.00000000        0.00000000       -0.00000000        0.00000000        0.00000000
     4152.        0.00000000        0.00000000        0.00000000       -0.00000000        0.00000000        0.00000000
     4153.        0.00000000        0.00000000        0.00000000       -0.00000000        0.00000000        0.00000000
     4154.        0.00000000       -0.00000000        0.00000000       -0.00000000        0.00000000        0.00000000
     4155.        0.00000000       -0.00000000        0.00000000       -0.00000000        0.00000000        0.00000000
     4156.        0.00000000       -0.00000000        0.00000000       -0.00000000        0.00000000        0.00000000
     4157.        0.00000000       -0.00000000        0.00000000       -0.00000000        0.00000000        0.00000000
     4158.        0.00000001       -0.00000000        0.00000001       -0.00000000        0.00000000        0.00000000
     4159.        0.00000002       -0.00000000        0.00000002       -0.00000000        0.00000000        0.00000000
     4160.        0.00000005       -0.00000000        0.00000005       -0.00000000        0.00000000        0.00000000
     4161.        0.00000009       -0.00000000        0.00000009       -0.00000000        0.00000000        0.00000000
     4162.        0.00000015       -0.00000000        0.00000015       -0.00000000        0.00000000        0.00000000
     4163.        0.00000024       -0.00000000        0.00000024       -0.00000000        0.00000000        0.00000000
     4164.        0.00000037       -0.00000000        0.00000037       -0.00000000        0.00000000        0.00000000
     4165.        0.00000054       -0.00000000        0.00000054       -0.00000000        0.00000000        0.00000000
     4166.        0.00000076       -0.00000000        0.00000076       -0.00000000        0.00000000        0.00000000
     4167.        0.00000104       -0.00000000        0.00000104       -0.00000000        0.00000000        0.00000000
     4168.        0.00000139       -0.00000000        0.00000139       -0.00000000        0.00000000        0.00000000
     4169.        0.00000182       -0.00000000        0.00000182       -0.00000000        0.00000000        0.00000000
     4170.        0.00000234       -0.00000000        0.00000234       -0.00000000        0.00000000        0.00000000
     4171.        0.00000296       -0.00000000        0.00000296       -0.00000000        0.00000000        0.00000000
     4172.        0.00000368       -0.00000000        0.00000368       -0.00000000        0.00000000        0.00000000
     4173.        0.00000453       -0.00000000        0.00000453       -0.00000000        0.00000000        0.00000000
     4174.        0.00000551       -0.00000000        0.00000551       -0.00000000        0.00000000        0.00000000
     4175.        0.00000663       -0.00000000        0.00000663       -0.00000000        0.00000000        0.00000000
     4176.        0.00000790       -0.00000000        0.00000790       -0.00000000        0.00000000        0.00000000
     4177.        0.00000934       -0.00000000        0.00000934       -0.00000000        0.00000000        0.00000000
     4178.        0.00001095       -0.00000000        0.00001095       -0.00000000        0.00000000        0.00000000
     4179.        0.00001274       -0.00000000        0.00001274       -0.00000000        0.00000000        0.00000000
     4180.        0.00001472       -0.00000000        0.00001472       -0.00000000        0.00000000        0.00000000
     4181.        0.00001691       -0.00000000        0.00001691       -0.00000000        0.00000000        0.00000000
     4182.        0.00001932       -0.00000000        0.00001932       -0.00000000        0.00000000        0.00000000
     4183.        0.00002195       -0.00000000        0.00002195       -0.00000000        0.00000000        0.00000000
     4184.        0.00002481       -0.00000000        0.00002481       -0.00000000        0.00000000        0.00000000
     4185.        0.00002792       -0.00000000        0.00002792       -0.00000000        0.00000000        0.00000000
     4186.        0.00003128       -0.00000000        0.00003128       -0.00000000        0.00000000        0.00000000
     4187.        0.00003490       -0.00000000        0.00003490       -0.00000000        0.00000000        0.00000000
     4188.        0.00003879       -0.00000000        0.00003879       -0.00000000        0.00000000        0.00000000
     4189.        0.00004296       -0.00000000        0.00004296       -0.00000000        0.00000000        0.00000000
     4190.        0.00004742       -0.00000000        0.00004742       -0.00000000        0.00000000        0.00000000
     4191.        0.00005217       -0.00000000        0.00005217       -0.00000000        0.00000000        0.00000000
     4192.        0.00005723       -0.00000000        0.00005723       -0.00000000        0.00000000        0.00000000
     4193.        0.00006260       -0.00000000        0.00006260       -0.00000000        0.00000000        0.00000000
     4194.        0.00006828       -0.00000001        0.00006828       -0.00000000        0.00000000        0.00000000
     4195.        0.00007429       -0.00000001        0.00007429       -0.00000000        0.00000000        0.00000000
     4196.        0.00008063       -0.00000001        0.00008063       -0.00000000        0.00000000        0.00000000
     4197.        0.00008731       -0.00000001        0.00008731       -0.00000000        0.00000000        0.00000000
     4198.        0.00009433       -0.00000001        0.00009433       -0.00000000        0.00000000        0.00000000
     4199.        0.00010170       -0.00000001        0.00010170       -0.00000000        0.00000000        0.00000000
     4200.        0.00010942       -0.00000001        0.00010942       -0.00000000        0.00000000        0.00000000
     4201.        0.00011750       -0.00000002        0.00011750       -0.00000000        0.00000000        0.00000000
     4202.        0.00012595       -0.00000002        0.00012595       -0.00000000        0.00000000        0.00000000
     4203.        0.00013477       -0.00000002        0.00013477       -0.00000000        0.00000000        0.00000000
     4204.        0.00014396       -0.00000002        0.00014396       -0.00000000        0.00000000        0.00000000
     4205.        0.00015353       -0.00000003        0.00015353       -0.00000000        0.00000000        0.00000000
     4206.        0.00016348       -0.00000003        0.00016348       -0.00000000        0.00000000        0.00000000
     4207.        0.00017382       -0.00000003        0.00017382       -0.00000000        0.00000000        0.00000000
     4208.        0.00018455       -0.00000004        0.00018455       -0.00000000        0.00000000        0.00000000
     4209.        0.00019567       -0.00000004        0.00019567       -0.00000000        0.00000000        0.00000000
     4210.        0.00020718       -0.00000004        0.00020718       -0.00000000        0.00000000        0.00000000
     4211.        0.00021909       -0.00000005        0.00021909       -0.00000000        0.00000000        0.00000000
     4212.        0.00023141       -0.00000006        0.00023141       -0.00000000        0.00000000        0.00000000
     4213.        0.00024412       -0.00000006        0.00024412       -0.00000000        0.00000000        0.00000000
     4214.        0.00025724       -0.00000007        0.00025724       -0.00000000        0.00000000        0.00000000
     4215.        0.00027077       -0.00000008        0.00027077       -0.00000000        0.00000000        0.00000000
     4216.        0.00028470       -0.00000008        0.00028470       -0.00000000        0.00000000        0.00000000
     4217.        0.00029905       -0.00000009        0.00029905       -0.00000000        0.00000000        0.00000000
     4218.        0.00031381       -0.00000010        0.00031381       -0.00000000        0.00000000        0.00000000
     4219.        0.00032897       -0.00000011        0.00032897       -0.00000000        0.00000000        0.00000000
     4220.        0.00034456       -0.00000012        0.00034456       -0.00000000        0.00000000        0.00000000
     4221.        0.00036055       -0.00000014        0.00036055       -0.00000000        0.00000000        0.00000000
     4222.        0.00037696       -0.00000015        0.00037696       -0.00000000        0.00000000        0.00000000
     4223.        0.00039379       -0.00000016        0.00039379       -0.00000000        0.00000000        0.00000000
     4224.        0.00041103       -0.00000018        0.00041103       -0.00000000        0.00000000        0.00000000
     4225.        0.00042868       -0.00000019        0.00042868       -0.00000000        0.00000000        0.00000000
     4226.        0.00044675       -0.00000021        0.00044675       -0.00000000        0.00000000        0.00000000
     4227.        0.00046524       -0.00000023        0.00046524       -0.00000000        0.00000000        0.00000000
     4228.        0.00048413       -0.00000024        0.00048413       -0.00000000        0.00000000        0.00000000
     4229.        0.00050345       -0.00000026        0.00050345       -0.00000000        0.00000000        0.00000000
     4230.        0.00052318       -0.00000028        0.00052318       -0.00000000        0.00000000        0.00000000
     4231.        0.00054332       -0.00000031        0.00054332       -0.00000000        0.00000000        0.00000000
     4232.        0.00056387       -0.00000033        0.00056387       -0.00000000        0.00000000        0.00000000
     4233.        0.00058483       -0.00000035        0.00058483       -0.00000000        0.00000000        0.00000000
     4234.        0.00060621       -0.00000038        0.00060621       -0.00000000        0.00000000        0.00000000
     4235.        0.00062799       -0.00000041        0.00062799       -0.00000000        0.00000000        0.00000000
     4236.        0.00065018       -0.00000043        0.00065018       -0.00000000        0.00000000        0.00000000
     4237.        0.00067278       -0.00000046        0.00067278       -0.00000000        0.00000000        0.00000000
     4238.        0.00069578       -0.00000050        0.00069578       -0.00000000        0.00000000        0.00000000
     4239.        0.00071919       -0.00000053        0.00071919       -0.00000000        0.00000000        0.00000000
     4240.        0.00074300       -0.00000056        0.00074300       -0.00000000        0.00000000        0.00000000
     4241.        0.00076721       -0.00000060        0.00076721       -0.00000000        0.00000000        0.00000000
     4242.        0.00079182       -0.00000064        0.00079182       -0.00000000        0.00000000        0.00000000
     4243.        0.00081682       -0.00000068        0.00081682       -0.00000000        0.00000000        0.00000000
     4244.        0.00084222       -0.00000072        0.00084222       -0.00000000        0.00000000        0.00000000
     4245.        0.00086801       -0.00000077        0.00086801       -0.00000000        0.00000000        0.00000000
     4246.        0.00089420       -0.00000081        0.00089420       -0.00000000        0.00000000        0.00000000
     4247.        0.00092077       -0.00000086        0.00092077       -0.00000000        0.00000000        0.00000000
     4248.        0.00094772       -0.00000091        0.00094772       -0.00000000        0.00000000        0.00000000
     4249.        0.00097507       -0.00000097        0.00097507       -0.00000000        0.00000000        0.00000000
     4250.        0.00100279       -0.00000103        0.00100279       -0.00000000        0.00000000        0.00000000
     4251.        0.00103089       -0.00000108        0.00103089       -0.00000000        0.00000000        0.00000000
     4252.        0.00105937       -0.00000115        0.00105937       -0.00000000        0.00000000        0.00000000
     4253.        0.00108823       -0.00000121        0.00108823       -0.00000000        0.00000000        0.00000000
     4254.        0.00111745       -0.00000128        0.00111745       -0.00000000        0.00000000        0.00000000
     4255.        0.00114705       -0.00000135        0.00114705       -0.00000000        0.00000000        0.00000000
     4256.        0.00117701       -0.00000142        0.00117701       -0.00000000        0.00000000        0.00000000
     4257.        0.00120734       -0.00000150        0.00120734       -0.00000000        0.00000000        0.00000000
     4258.        0.00123803       -0.00000158        0.00123803       -0.00000000        0.00000000        0.00000000
     4259.        0.00126907       -0.00000166        0.00126908       -0.00000000        0.00000000        0.00000000
     4260.        0.00130048       -0.00000174        0.00130048       -0.00000000        0.00000000        0.00000000
     4261.        0.00133224       -0.00000183        0.00133224       -0.00000000        0.00000000        0.00000000
     4262.        0.00136435       -0.00000192        0.00136435       -0.00000000        0.00000000        0.00000000
     4263.        0.00139680       -0.00000201        0.00139680       -0.00000000        0.00000000        0.00000000
     4264.        0.00142960       -0.00000211        0.00142961       -0.00000000        0.00000000        0.00000000
     4265.        0.00146275       -0.00000221        0.00146275       -0.00000000        0.00000000        0.00000000
     4266.        0.00149624       -0.00000231        0.00149624       -0.00000000        0.00000000        0.00000000
     4267.        0.00153006       -0.00000241        0.00153006       -0.00000000        0.00000000        0.00000000
     4268.        0.00156421       -0.00000252        0.00156422       -0.00000000        0.00000000        0.00000000
     4269.        0.00159870       -0.00000263        0.00159870       -0.00000000        0.00000000        0.00000000
     4270.        0.00163352       -0.00000274        0.00163352       -0.00000000        0.00000000        0.00000000
     4271.        0.00166866       -0.00000286        0.00166866       -0.00000000        0.00000000        0.00000000
     4272.        0.00170414       -0.00000298        0.00170414       -0.00000000        0.00000000        0.00000000
     4273.        0.00173991       -0.00000310        0.00173992       -0.00000000        0.00000000        0.00000000
     4274.        0.00177603       -0.00000323        0.00177603       -0.00000000        0.00000000        0.00000000
     4275.        0.00181244       -0.00000336        0.00181244       -0.00000000        0.00000000        0.00000000
     4276.        0.00184918       -0.00000350        0.00184918       -0.00000000        0.00000000        0.00000000
     4277.        0.00188622       -0.00000363        0.00188623       -0.00000000        0.00000000        0.00000000
     4278.        0.00192357       -0.00000377        0.00192357       -0.00000000        0.00000000        0.00000000
     4279.        0.00196122       -0.00000392        0.00196122       -0.00000000        0.00000000        0.00000000
     4280.        0.00199916       -0.00000407        0.00199917       -0.00000000        0.00000000        0.00000000
     4281.        0.00203742       -0.00000422        0.00203742       -0.00000000        0.00000000        0.00000000
     4282.        0.00207595       -0.00000438        0.00207596       -0.00000000        0.00000000        0.00000000
     4283.        0.00211480       -0.00000454        0.00211480       -0.00000000        0.00000000        0.00000000
     4284.        0.00215392       -0.00000471        0.00215393       -0.00000000        0.00000000        0.00000000
     4285.        0.00219334       -0.00000488        0.00219334       -0.00000000        0.00000000        0.00000000
     4286.        0.00223303       -0.00000506        0.00223304       -0.00000000        0.00000000        0.00000000
     4287.        0.00227300       -0.00000524        0.00227301       -0.00000000        0.00000000        0.00000000
     4288.        0.00231326       -0.00000543        0.00231327       -0.00000000        0.00000000        0.00000000
     4289.        0.00235379       -0.00000562        0.00235379       -0.00000000        0.00000000        0.00000000
     4290.        0.00239458       -0.00000582        0.00239459       -0.00000000        0.00000000        0.00000000
     4291.        0.00243566       -0.00000602        0.00243567       -0.00000000        0.00000000        0.00000000
     4292.        0.00247699       -0.00000622        0.00247700       -0.00000000        0.00000000        0.00000000
     4293.        0.00251858       -0.00000644        0.00251859       -0.00000000        0.00000000        0.00000000
     4294.        0.00256045       -0.00000666        0.00256046       -0.00000000        0.00000000        0.00000000
     4295.        0.00260257       -0.00000688        0.00260258       -0.00000000        0.00000000        0.00000000
     4296.        0.00264493       -0.00000711        0.00264494       -0.00000000        0.00000000        0.00000000
     4297.        0.00268757       -0.00000735        0.00268758       -0.00000000        0.00000000        0.00000000
     4298.        0.00273043       -0.00000759        0.00273044       -0.00000000        0.00000000        0.00000000
     4299.        0.00277356       -0.00000783        0.00277357       -0.00000000        0.00000000        0.00000000
     4300.        0.00281693       -0.00000809        0.00281694       -0.00000000        0.00000000        0.00000000
     4301.        0.00286053       -0.00000834        0.00286055       -0.00000000        0.00000000        0.00000000
     4302.        0.00290438       -0.00000861        0.00290439       -0.00000000        0.00000000        0.00000000
     4303.        0.00294845       -0.00000888        0.00294847       -0.00000000        0.00000000        0.00000000
     4304.        0.00299277       -0.00000915        0.00299278       -0.00000000        0.00000000        0.00000000
     4305.        0.00303730       -0.00000943        0.00303731       -0.00000000        0.00000000        0.00000000
     4306.        0.00308208       -0.00000972        0.00308210       -0.00000000        0.00000000        0.00000000
     4307.        0.00312706       -0.00001001        0.00312708       -0.00000000        0.00000000        0.00000000
     4308.        0.00317230       -0.00001031        0.00317231       -0.00000000        0.00000000        0.00000000
     4309.        0.00321773       -0.00001061        0.00321774       -0.00000000        0.00000000        0.00000000
     4310.        0.00326339       -0.00001092        0.00326341       -0.00000000        0.00000000        0.00000000
     4311.        0.00330926       -0.00001124        0.00330928       -0.00000000        0.00000000        0.00000000
     4312.        0.00335535       -0.00001156        0.00335537       -0.00000000        0.00000000        0.00000000
     4313.        0.00340165       -0.00001188        0.00340167       -0.00000000        0.00000000        0.00000000
     4314.        0.00344814       -0.00001221        0.00344817       -0.00000000        0.00000000        0.00000000
     4315.        0.00349487       -0.00001255        0.00349489       -0.00000000        0.00000000        0.00000000
     4316.        0.00354178       -0.00001289        0.00354180       -0.00000000        0.00000000        0.00000000
     4317.        0.00358888       -0.00001324        0.00358891       -0.00000000        0.00000000        0.00000000
     4318.        0.00363622       -0.00001359        0.00363624       -0.00000000        0.00000000        0.00000000
     4319.        0.00368372       -0.00001395        0.00368375       -0.00000000        0.00000000        0.00000000
     4320.        0.00373143       -0.00001431        0.00373146       -0.00000000        0.00000000        0.00000000
     4321.        0.00377933       -0.00001468        0.00377936       -0.00000000        0.00000000        0.00000000
     4322.        0.00382741       -0.00001505        0.00382744       -0.00000000        0.00000000        0.00000000
     4323.        0.00387570       -0.00001543        0.00387574       -0.00000000        0.00000000        0.00000000
     4324.        0.00392416       -0.00001581        0.00392419       -0.00000000        0.00000000        0.00000000
     4325.        0.00397282       -0.00001620        0.00397286       -0.00000000        0.00000000        0.00000000
     4326.        0.00402165       -0.00001660        0.00402169       -0.00000000        0.00000000        0.00000000
     4327.        0.00407066       -0.00001700        0.00407070       -0.00000000        0.00000000        0.00000000
     4328.        0.00411985       -0.00001740        0.00411989       -0.00000000        0.00000000        0.00000000
     4329.        0.00416923       -0.00001781        0.00416927       -0.00000000        0.00000000        0.00000000
     4330.        0.00421877       -0.00001823        0.00421881       -0.00000000        0.00000000        0.00000000
     4331.        0.00426849       -0.00001866        0.00426853       -0.00000000        0.00000000        0.00000000
     4332.        0.00431836       -0.00001909        0.00431841       -0.00000000        0.00000000        0.00000000
     4333.        0.00436842       -0.00001952        0.00436846       -0.00000000        0.00000000        0.00000000
     4334.        0.00441866       -0.00001997        0.00441870       -0.00000000        0.00000000        0.00000000
     4335.        0.00446903       -0.00002042        0.00446908       -0.00000000        0.00000000        0.00000000
     4336.        0.00451958       -0.00002087        0.00451963       -0.00000000        0.00000000        0.00000000
     4337.        0.00457031       -0.00002134        0.00457036       -0.00000000        0.00000000        0.00000000
     4338.        0.00462117       -0.00002181        0.00462122       -0.00000000        0.00000000        0.00000000
     4339.        0.00467221       -0.00002228        0.00467226       -0.00000000        0.00000000        0.00000000
     4340.        0.00472340       -0.00002277        0.00472345       -0.00000000        0.00000000        0.00000000
     4341.        0.00477474       -0.00002326        0.00477480       -0.00000000        0.00000000        0.00000000
     4342.        0.00482624       -0.00002377        0.00482630       -0.00000000        0.00000000        0.00000000
     4343.        0.00487787       -0.00002428        0.00487793       -0.00000000        0.00000000        0.00000000
     4344.        0.00492967       -0.00002480        0.00492973       -0.00000000        0.00000000        0.00000000
     4345.        0.00498162       -0.00002533        0.00498168       -0.00000000        0.00000000        0.00000000
     4346.        0.00503372       -0.00002586        0.00503378       -0.00000000        0.00000000        0.00000000
     4347.        0.00508594       -0.00002641        0.00508601       -0.00000000        0.00000000        0.00000000
     4348.        0.00513831       -0.00002697        0.00513839       -0.00000000        0.00000000        0.00000000
     4349.        0.00519084       -0.00002753        0.00519091       -0.00000000        0.00000000        0.00000000
     4350.        0.00524348       -0.00002811        0.00524356       -0.00000000        0.00000000        0.00000000
     4351.        0.00529629       -0.00002869        0.00529637       -0.00000000        0.00000000        0.00000000
     4352.        0.00534921       -0.00002929        0.00534929       -0.00000000        0.00000000        0.00000000
     4353.        0.00540229       -0.00002990        0.00540237       -0.00000000        0.00000000        0.00000000
     4354.        0.00545549       -0.00003051        0.00545557       -0.00000000        0.00000000        0.00000000
     4355.        0.00550881       -0.00003114        0.00550890       -0.00000000        0.00000000        0.00000000
     4356.        0.00556227       -0.00003178        0.00556236       -0.00000000        0.00000000        0.00000000
     4357.        0.00561585       -0.00003243        0.00561595       -0.00000000        0.00000000        0.00000000
     4358.        0.00566958       -0.00003310        0.00566967       -0.00000000        0.00000000        0.00000000
     4359.        0.00572342       -0.00003378        0.00572352       -0.00000000        0.00000000        0.00000000
     4360.        0.00577740       -0.00003447        0.00577750       -0.00000000        0.00000000        0.00000000
     4361.        0.00583147       -0.00003517        0.00583158       -0.00000000        0.00000000        0.00000000
     4362.        0.00588568       -0.00003589        0.00588579       -0.00000000        0.00000000        0.00000000
     4363.        0.00594003       -0.00003662        0.00594014       -0.00000000        0.00000000        0.00000000
     4364.        0.00599446       -0.00003736        0.00599458       -0.00000000        0.00000000        0.00000000
     4365.        0.00604901       -0.00003812        0.00604913       -0.00000000        0.00000000        0.00000000
     4366.        0.00610370       -0.00003889        0.00610382       -0.00000000        0.00000000        0.00000000
     4367.        0.00615849       -0.00003967        0.00615862       -0.00000000        0.00000000        0.00000000
     4368.        0.00621340       -0.00004046        0.00621353       -0.00000000        0.00000000        0.00000000
     4369.        0.00626841       -0.00004127        0.00626855       -0.00000000        0.00000000        0.00000000
     4370.        0.00632353       -0.00004209        0.00632368       -0.00000000        0.00000000        0.00000000
     4371.        0.00637877       -0.00004293        0.00637891       -0.00000000        0.00000000        0.00000000
     4372.        0.00643410       -0.00004378        0.00643425       -0.00000000        0.00000000        0.00000000
     4373.        0.00648955       -0.00004464        0.00648970       -0.00000000        0.00000000        0.00000000
     4374.        0.00654512       -0.00004552        0.00654528       -0.00000000        0.00000000        0.00000000
     4375.        0.00660078       -0.00004641        0.00660094       -0.00000000        0.00000000        0.00000000
     4376.        0.00665653       -0.00004732        0.00665670       -0.00000000        0.00000000        0.00000000
     4377.        0.00671242       -0.00004824        0.00671259       -0.00000000        0.00000000        0.00000000
     4378.        0.00676838       -0.00004918        0.00676856       -0.00000000        0.00000000        0.00000000
     4379.        0.00682447       -0.00005014        0.00682465       -0.00000000        0.00000000        0.00000000
     4380.        0.00688064       -0.00005112        0.00688083       -0.00000000        0.00000000        0.00000000
     4381.        0.00693690       -0.00005212        0.00693710       -0.00000000        0.00000000        0.00000000
     4382.        0.00699327       -0.00005313        0.00699347       -0.00000000        0.00000000        0.00000000
     4383.        0.00704973       -0.00005416        0.00704994       -0.00000000        0.00000000        0.00000000
     4384.        0.00710629       -0.00005521        0.00710651       -0.00000000        0.00000000        0.00000000
     4385.        0.00716295       -0.00005628        0.00716317       -0.00000000        0.00000000        0.00000000
     4386.        0.00721968       -0.00005737        0.00721991       -0.00000000        0.00000000        0.00000000
     4387.        0.00727651       -0.00005848        0.00727675       -0.00000000        0.00000000        0.00000000
     4388.        0.00733343       -0.00005960        0.00733367       -0.00000000        0.00000000        0.00000000
     4389.        0.00739045       -0.00006074        0.00739070       -0.00000000        0.00000000        0.00000000
     4390.        0.00744756       -0.00006190        0.00744781       -0.00000000        0.00000000        0.00000000
     4391.        0.00750473       -0.00006308        0.00750500       -0.00000000        0.00000000        0.00000000
     4392.        0.00756200       -0.00006427        0.00756227       -0.00000000        0.00000000        0.00000000
     4393.        0.00761936       -0.00006549        0.00761964       -0.00000000        0.00000000        0.00000000
     4394.        0.00767681       -0.00006672        0.00767710       -0.00000000        0.00000000        0.00000000
     4395.        0.00773435       -0.00006796        0.00773465       -0.00000000        0.00000000        0.00000000
     4396.        0.00779196       -0.00006923        0.00779226       -0.00000000        0.00000000        0.00000000
     4397.        0.00784967       -0.00007051        0.00784999       -0.00000000        0.00000000        0.00000000
     4398.        0.00790745       -0.00007182        0.00790778       -0.00000000        0.00000000        0.00000000
     4399.        0.00796532       -0.00007314        0.00796565       -0.00000000        0.00000000        0.00000000
     4400.        0.00802329       -0.00007449        0.00802364       -0.00000000        0.00000000        0.00000000
     4401.        0.00808133       -0.00007586        0.00808169       -0.00000000        0.00000000        0.00000000
     4402.        0.00813945       -0.00007725        0.00813982       -0.00000000        0.00000000        0.00000000
     4403.        0.00819766       -0.00007866        0.00819804       -0.00000000        0.00000000        0.00000000
     4404.        0.00825595       -0.00008010        0.00825634       -0.00000000        0.00000000        0.00000000
     4405.        0.00831435       -0.00008157        0.00831475       -0.00000000        0.00000000        0.00000000
     4406.        0.00837280       -0.00008306        0.00837321       -0.00000000        0.00000000        0.00000000
     4407.        0.00843134       -0.00008458        0.00843176       -0.00000000        0.00000000        0.00000000
     4408.        0.00848995       -0.00008613        0.00849039       -0.00000000        0.00000000        0.00000000
     4409.        0.00854865       -0.00008771        0.00854910       -0.00000000        0.00000000        0.00000000
     4410.        0.00860742       -0.00008932        0.00860789       -0.00000000        0.00000000        0.00000000
     4411.        0.00866625       -0.00009096        0.00866673       -0.00000000        0.00000000        0.00000000
     4412.        0.00872518       -0.00009263        0.00872567       -0.00000000        0.00000000        0.00000000
     4413.        0.00878419       -0.00009433        0.00878470       -0.00000000        0.00000000        0.00000000
     4414.        0.00884325       -0.00009607        0.00884377       -0.00000000        0.00000000        0.00000000
     4415.        0.00890239       -0.00009784        0.00890292       -0.00000000        0.00000000        0.00000000
     4416.        0.00896160       -0.00009964        0.00896215       -0.00000000        0.00000000        0.00000000
     4417.        0.00902088       -0.00010148        0.00902145       -0.00000000        0.00000000        0.00000000
     4418.        0.00908024       -0.00010335        0.00908083       -0.00000000        0.00000000        0.00000000
     4419.        0.00913965       -0.00010526        0.00914025       -0.00000000        0.00000000        0.00000000
     4420.        0.00919913       -0.00010720        0.00919975       -0.00000000        0.00000000        0.00000000
     4421.        0.00925868       -0.00010917        0.00925932       -0.00000000        0.00000000        0.00000000
     4422.        0.00931830       -0.00011118        0.00931896       -0.00000000        0.00000000        0.00000000
     4423.        0.00937799       -0.00011323        0.00937868       -0.00000000        0.00000000        0.00000000
     4424.        0.00943773       -0.00011531        0.00943843       -0.00000000        0.00000000        0.00000000
     4425.        0.00949753       -0.00011742        0.00949826       -0.00000000        0.00000000        0.00000000
     4426.        0.00955741       -0.00011956        0.00955816       -0.00000000        0.00000000        0.00000000
     4427.        0.00961735       -0.00012175        0.00961812       -0.00000000        0.00000000        0.00000000
     4428.        0.00967733       -0.00012396        0.00967813       -0.00000000        0.00000000        0.00000000
     4429.        0.00973738       -0.00012621        0.00973820       -0.00000000        0.00000000        0.00000000
     4430.        0.00979753       -0.00012850        0.00979837       -0.00000000        0.00000000        0.00000000
     4431.        0.00985771       -0.00013083        0.00985858       -0.00000000        0.00000000        0.00000000
     4432.        0.00991795       -0.00013319        0.00991885       -0.00000000        0.00000000        0.00000000
     4433.        0.00997826       -0.00013558        0.00997918       -0.00000000        0.00000000        0.00000000
     4434.        0.01003864       -0.00013802        0.01003959       -0.00000000        0.00000000        0.00000000
     4435.        0.01009907       -0.00014049        0.01010005       -0.00000000        0.00000000        0.00000000
     4436.        0.01015960       -0.00014301        0.01016061       -0.00000000        0.00000000        0.00000000
     4437.        0.01022016       -0.00014556        0.01022120       -0.00000000        0.00000000        0.00000000
     4438.        0.01028078       -0.00014816        0.01028185       -0.00000000        0.00000000        0.00000000
     4439.        0.01034147       -0.00015080        0.01034257       -0.00000000        0.00000000        0.00000000
     4440.        0.01040224       -0.00015348        0.01040337       -0.00000000        0.00000000        0.00000000
     4441.        0.01046304       -0.00015621        0.01046420       -0.00000000        0.00000000        0.00000000
     4442.        0.01052393       -0.00015899        0.01052513       -0.00000000        0.00000000        0.00000000
     4443.        0.01058487       -0.00016182        0.01058611       -0.00000000        0.00000000        0.00000000
     4444.        0.01064588       -0.00016470        0.01064715       -0.00000000        0.00000000        0.00000000
     4445.        0.01070694       -0.00016762        0.01070825       -0.00000000        0.00000000        0.00000000
     4446.        0.01076805       -0.00017060        0.01076941       -0.00000000        0.00000000        0.00000000
     4447.        0.01082923       -0.00017364        0.01083062       -0.00000000        0.00000000        0.00000000
     4448.        0.01089046       -0.00017672        0.01089189       -0.00000000        0.00000000        0.00000000
     4449.        0.01095177       -0.00017987        0.01095324       -0.00000000        0.00000000        0.00000000
     4450.        0.01101311       -0.00018307        0.01101463       -0.00000000        0.00000000        0.00000000
     4451.        0.01107450       -0.00018633        0.01107606       -0.00000000        0.00000000        0.00000000
     4452.        0.01113597       -0.00018965        0.01113758       -0.00000000        0.00000000        0.00000000
     4453.        0.01119747       -0.00019303        0.01119913       -0.00000000        0.00000000        0.00000000
     4454.        0.01125901       -0.00019647        0.01126073       -0.00000000        0.00000000        0.00000000
     4455.        0.01132061       -0.00019997        0.01132238       -0.00000000        0.00000000        0.00000000
     4456.        0.01138227       -0.00020353        0.01138409       -0.00000000        0.00000000        0.00000000
     4457.        0.01144397       -0.00020716        0.01144584       -0.00000000        0.00000000        0.00000000
     4458.        0.01150572       -0.00021085        0.01150765       -0.00000000        0.00000000        0.00000000
     4459.        0.01156749       -0.00021460        0.01156948       -0.00000000        0.00000000        0.00000000
     4460.        0.01162934       -0.00021842        0.01163139       -0.00000000        0.00000000        0.00000000
     4461.        0.01169120       -0.00022230        0.01169332       -0.00000000        0.00000000        0.00000000
     4462.        0.01175309       -0.00022624        0.01175527       -0.00000000        0.00000000        0.00000000
     4463.        0.01181505       -0.00023025        0.01181730       -0.00000000        0.00000000        0.00000000
     4464.        0.01187703       -0.00023432        0.01187934       -0.00000000        0.00000000        0.00000000
     4465.        0.01193903       -0.00023845        0.01194141       -0.00000000        0.00000000        0.00000000
     4466.        0.01200110       -0.00024265        0.01200355       -0.00000000        0.00000000        0.00000000
     4467.        0.01206318       -0.00024690        0.01206571       -0.00000000        0.00000000        0.00000000
     4468.        0.01212529       -0.00025122        0.01212789       -0.00000000        0.00000000        0.00000000
     4469.        0.01218746       -0.00025561        0.01219014       -0.00000000        0.00000000        0.00000000
     4470.        0.01224964       -0.00026005        0.01225240       -0.00000000        0.00000000        0.00000000
     4471.        0.01231184       -0.00026455        0.01231469       -0.00000000        0.00000000        0.00000000
     4472.        0.01237411       -0.00026911        0.01237704       -0.00000000        0.00000000        0.00000000
     4473.        0.01243639       -0.00027374        0.01243941       -0.00000000        0.00000000        0.00000000
     4474.        0.01249869       -0.00027842        0.01250179       -0.00000000        0.00000000        0.00000000
     4475.        0.01256105       -0.00028316        0.01256424       -0.00000000        0.00000000        0.00000000
     4476.        0.01262342       -0.00028796        0.01262670       -0.00000000        0.00000000        0.00000000
     4477.        0.01268583       -0.00029282        0.01268921       -0.00000000        0.00000000        0.00000000
     4478.        0.01274828       -0.00029774        0.01275176       -0.00000000        0.00000000        0.00000000
     4479.        0.01281076       -0.00030271        0.01281434       -0.00000000        0.00000000        0.00000000
     4480.        0.01287326       -0.00030775        0.01287694       -0.00000000        0.00000000        0.00000000
     4481.        0.01293582       -0.00031284        0.01293960       -0.00000000        0.00000000        0.00000000
     4482.        0.01299838       -0.00031799        0.01300227       -0.00000000        0.00000000        0.00000000
     4483.        0.01306098       -0.00032320        0.01306498       -0.00000000        0.00000000        0.00000000
     4484.        0.01312365       -0.00032847        0.01312776       -0.00000000        0.00000000        0.00000000
     4485.        0.01318634       -0.00033380        0.01319057       -0.00000000        0.00000000        0.00000000
     4486.        0.01324905       -0.00033919        0.01325339       -0.00000000        0.00000000        0.00000000
     4487.        0.01331181       -0.00034464        0.01331627       -0.00000000        0.00000000        0.00000000
     4488.        0.01337461       -0.00035015        0.01337919       -0.00000000        0.00000000        0.00000000
     4489.        0.01343744       -0.00035573        0.01344215       -0.00000000        0.00000000        0.00000000
     4490.        0.01350033       -0.00036137        0.01350517       -0.00000000        0.00000000        0.00000000
     4491.        0.01356325       -0.00036708        0.01356822       -0.00000000        0.00000000        0.00000000
     4492.        0.01362621       -0.00037285        0.01363131       -0.00000000        0.00000000        0.00000000
     4493.        0.01368922       -0.00037868        0.01369446       -0.00000000        0.00000000        0.00000000
     4494.        0.01375226       -0.00038459        0.01375764       -0.00000000        0.00000000        0.00000000
     4495.        0.01381533       -0.00039057        0.01382085       -0.00000000        0.00000000        0.00000000
     4496.        0.01387846       -0.00039662        0.01388413       -0.00000000        0.00000000        0.00000000
     4497.        0.01394165       -0.00040275        0.01394747       -0.00000000        0.00000000        0.00000000
     4498.        0.01400487       -0.00040895        0.01401084       -0.00000000        0.00000000        0.00000000
     4499.        0.01406811       -0.00041523        0.01407424       -0.00000000        0.00000000        0.00000000
     4500.        0.01413141       -0.00042158        0.01413770       -0.00000000        0.00000000        0.00000000
     4501.        0.01419474       -0.00042802        0.01420119       -0.00000000        0.00000000        0.00000000
     4502.        0.01425813       -0.00043454        0.01426475       -0.00000000        0.00000000        0.00000000
     4503.        0.01432156       -0.00044115        0.01432836       -0.00000000        0.00000000        0.00000000
     4504.        0.01438503       -0.00044783        0.01439200       -0.00000000        0.00000000        0.00000000
     4505.        0.01444852       -0.00045461        0.01445567       -0.00000000        0.00000000        0.00000000
     4506.        0.01451206       -0.00046148        0.01451940       -0.00000000        0.00000000        0.00000000
     4507.        0.01457563       -0.00046843        0.01458316       -0.00000000        0.00000000        0.00000000
     4508.        0.01463925       -0.00047547        0.01464697       -0.00000000        0.00000000        0.00000000
     4509.        0.01470290       -0.00048261        0.01471081       -0.00000000        0.00000000        0.00000000
     4510.        0.01476656       -0.00048983        0.01477468       -0.00000000        0.00000000        0.00000000
     4511.        0.01483031       -0.00049716        0.01483864       -0.00000000        0.00000000        0.00000000
     4512.        0.01489405       -0.00050458        0.01490260       -0.00000000        0.00000000        0.00000000
     4513.        0.01495784       -0.00051210        0.01496661       -0.00000000        0.00000000        0.00000000
     4514.        0.01502166       -0.00051972        0.01503065       -0.00000000        0.00000000        0.00000000
     4515.        0.01508549       -0.00052743        0.01509471       -0.00000000        0.00000000        0.00000000
     4516.        0.01514937       -0.00053525        0.01515883       -0.00000000        0.00000000        0.00000000
     4517.        0.01521328       -0.00054317        0.01522297       -0.00000000        0.00000000        0.00000000
     4518.        0.01527720       -0.00055120        0.01528714       -0.00000000        0.00000000        0.00000000
     4519.        0.01534117       -0.00055934        0.01535136       -0.00000000        0.00000000        0.00000000
     4520.        0.01540512       -0.00056757        0.01541557       -0.00000000        0.00000000        0.00000000
     4521.        0.01546913       -0.00057592        0.01547984       -0.00000000        0.00000000        0.00000000
     4522.        0.01553315       -0.00058437        0.01554414       -0.00000000        0.00000000        0.00000000
     4523.        0.01559719       -0.00059292        0.01560845       -0.00000000        0.00000000        0.00000000
     4524.        0.01566121       -0.00060159        0.01567276       -0.00000000        0.00000000        0.00000000
     4525.        0.01572528       -0.00061035        0.01573712       -0.00000000        0.00000000        0.00000000
     4526.        0.01578936       -0.00061923        0.01580150       -0.00000000        0.00000000        0.00000001
     4527.        0.01585343       -0.00062821        0.01586587       -0.00000001        0.00000000        0.00000001
     4528.        0.01591754       -0.00063730        0.01593029       -0.00000001        0.00000000        0.00000001
     4529.        0.01598163       -0.00064649        0.01599470       -0.00000001        0.00000000        0.00000001
     4530.        0.01604574       -0.00065579        0.01605913       -0.00000001        0.00000000        0.00000001
     4531.        0.01610986       -0.00066519        0.01612358       -0.00000001        0.00000000        0.00000001
     4532.        0.01617398       -0.00067470        0.01618805       -0.00000001        0.00000000        0.00000001
     4533.        0.01623809       -0.00068430        0.01625251       -0.00000001        0.00000000        0.00000001
     4534.        0.01630224       -0.00069401        0.01631701       -0.00000001        0.00000000        0.00000001
     4535.        0.01636637       -0.00070383        0.01638150       -0.00000001        0.00000000        0.00000001
     4536.        0.01643051       -0.00071374        0.01644601       -0.00000001        0.00000000        0.00000001
     4537.        0.01649466       -0.00072376        0.01651053       -0.00000001        0.00000000        0.00000001
     4538.        0.01655882       -0.00073387        0.01657507       -0.00000001        0.00000000        0.00000001
     4539.        0.01662299       -0.00074410        0.01663963       -0.00000001        0.00000000        0.00000001
     4540.        0.01668716       -0.00075442        0.01670420       -0.00000001        0.00000000        0.00000001
     4541.        0.01675131       -0.00076484        0.01676876       -0.00000001        0.00000000        0.00000001
     4542.        0.01681549       -0.00077536        0.01683336       -0.00000001        0.00000000        0.00000001
     4543.        0.01687965       -0.00078599        0.01689794       -0.00000001        0.00000000        0.00000001
     4544.        0.01694385       -0.00079671        0.01696257       -0.00000001        0.00000000        0.00000001
     4545.        0.01700803       -0.00080754        0.01702719       -0.00000001        0.00000000        0.00000001
     4546.        0.01707220       -0.00081847        0.01709181       -0.00000001        0.00000000        0.00000001
     4547.        0.01713642       -0.00082950        0.01715648       -0.00000001        0.00000000        0.00000001
     4548.        0.01720060       -0.00084063        0.01722113       -0.00000001        0.00000000        0.00000001
     4549.        0.01726479       -0.00085186        0.01728579       -0.00000001        0.00000000        0.00000001
     4550.        0.01732902       -0.00086320        0.01735050       -0.00000001        0.00000000        0.00000001
     4551.        0.01739321       -0.00087463        0.01741519       -0.00000001        0.00000000        0.00000001
     4552.        0.01745741       -0.00088616        0.01747988       -0.00000001        0.00000000        0.00000001
     4553.        0.01752164       -0.00089780        0.01754462       -0.00000001        0.00000000        0.00000001
     4554.        0.01758587       -0.00090954        0.01760937       -0.00000001        0.00000000        0.00000001
     4555.        0.01765007       -0.00092137        0.01767410       -0.00000001        0.00000000        0.00000001
     4556.        0.01771430       -0.00093331        0.01773887       -0.00000001        0.00000000        0.00000001
     4557.        0.01777856       -0.00094535        0.01780368       -0.00000001        0.00000000        0.00000001
     4558.        0.01784280       -0.00095749        0.01786847       -0.00000001        0.00000000        0.00000001
     4559.        0.01790706       -0.00096974        0.01793330       -0.00000001        0.00000000        0.00000001
     4560.        0.01797132       -0.00098209        0.01799814       -0.00000001        0.00000000        0.00000001
     4561.        0.01803558       -0.00099454        0.01806298       -0.00000001        0.00000000        0.00000001
     4562.        0.01809984       -0.00100709        0.01812783       -0.00000001        0.00000000        0.00000001
     4563.        0.01816416       -0.00101975        0.01819276       -0.00000001        0.00000000        0.00000001
     4564.        0.01822844       -0.00103251        0.01825766       -0.00000001        0.00000000        0.00000001
     4565.        0.01829276       -0.00104538        0.01832261       -0.00000001        0.00000000        0.00000001
     4566.        0.01835707       -0.00105836        0.01838755       -0.00000001        0.00000000        0.00000001
     4567.        0.01842144       -0.00107144        0.01845258       -0.00000001        0.00000000        0.00000001
     4568.        0.01848578       -0.00108463        0.01851757       -0.00000001        0.00000000        0.00000001
     4569.        0.01855014       -0.00109794        0.01858260       -0.00000001        0.00000000        0.00000001
     4570.        0.01861453       -0.00111136        0.01864768       -0.00000001        0.00000000        0.00000001
     4571.        0.01867895       -0.00112489        0.01871279       -0.00000001        0.00000000        0.00000001
     4572.        0.01874336       -0.00113854        0.01877791       -0.00000001        0.00000000        0.00000001
     4573.        0.01880780       -0.00115231        0.01884307       -0.00000001        0.00000000        0.00000001
     4574.        0.01887227       -0.00116620        0.01890826       -0.00000001        0.00000000        0.00000001
     4575.        0.01893672       -0.00118021        0.01897347       -0.00000001        0.00000000        0.00000001
     4576.        0.01900124       -0.00119435        0.01903874       -0.00000001        0.00000000        0.00000001
     4577.        0.01906575       -0.00120861        0.01910402       -0.00000001        0.00000000        0.00000001
     4578.        0.01913025       -0.00122300        0.01916931       -0.00000001        0.00000000        0.00000001
     4579.        0.01919481       -0.00123753        0.01923467       -0.00000001        0.00000000        0.00000001
     4580.        0.01925937       -0.00125219        0.01930003       -0.00000001        0.00000000        0.00000001
     4581.        0.01932394       -0.00126699        0.01936543       -0.00000001        0.00000000        0.00000001
     4582.        0.01938854       -0.00128192        0.01943087       -0.00000001        0.00000000        0.00000001
     4583.        0.01945313       -0.00129700        0.01949632       -0.00000001        0.00000000        0.00000001
     4584.        0.01951774       -0.00131222        0.01956180       -0.00000001        0.00000000        0.00000001
     4585.        0.01958238       -0.00132758        0.01962733       -0.00000001        0.00000000        0.00000001
     4586.        0.01964700       -0.00134309        0.01969285       -0.00000001        0.00000000        0.00000001
     4587.        0.01971164       -0.00135875        0.01975842       -0.00000001        0.00000000        0.00000001
     4588.        0.01977628       -0.00137457        0.01982399       -0.00000001        0.00000000        0.00000001
     4589.        0.01984093       -0.00139053        0.01988960       -0.00000001        0.00000000        0.00000001
     4590.        0.01990557       -0.00140665        0.01995521       -0.00000001        0.00000000        0.00000001
     4591.        0.01997023       -0.00142292        0.02002086       -0.00000001        0.00000000        0.00000001
     4592.        0.02003488       -0.00143936        0.02008652       -0.00000001        0.00000000        0.00000001
     4593.        0.02009951       -0.00145595        0.02015218       -0.00000001        0.00000000        0.00000001
     4594.        0.02016413       -0.00147270        0.02021784       -0.00000001        0.00000000        0.00000001
     4595.        0.02022877       -0.00148961        0.02028354       -0.00000001        0.00000000        0.00000001
     4596.        0.02029339       -0.00150668        0.02034925       -0.00000001        0.00000000        0.00000001
     4597.        0.02035796       -0.00152392        0.02041492       -0.00000001        0.00000000        0.00000001
     4598.        0.02042255       -0.00154132        0.02048063       -0.00000001        0.00000000        0.00000001
     4599.        0.02048712       -0.00155888        0.02054634       -0.00000001        0.00000000        0.00000001
     4600.        0.02055164       -0.00157660        0.02061202       -0.00000001        0.00000000        0.00000001
     4601.        0.02061617       -0.00159449        0.02067774       -0.00000001        0.00000000        0.00000001
     4602.        0.02068065       -0.00161255        0.02074343       -0.00000001        0.00000000        0.00000001
     4603.        0.02074511       -0.00163077        0.02080911       -0.00000001        0.00000000        0.00000001
     4604.        0.02080952       -0.00164915        0.02087477       -0.00000001        0.00000000        0.00000001
     4605.        0.02087391       -0.00166770        0.02094042       -0.00000001        0.00000000        0.00000001
     4606.        0.02093827       -0.00168640        0.02100608       -0.00000001        0.00000000        0.00000001
     4607.        0.02100258       -0.00170527        0.02107170       -0.00000001        0.00000000        0.00000001
     4608.        0.02106687       -0.00172431        0.02113732       -0.00000001        0.00000000        0.00000001
     4609.        0.02113110       -0.00174351        0.02120290       -0.00000001        0.00000000        0.00000001
     4610.        0.02119531       -0.00176287        0.02126849       -0.00000001        0.00000000        0.00000001
     4611.        0.02125945       -0.00178239        0.02133404       -0.00000001        0.00000000        0.00000001
     4612.        0.02132354       -0.00180207        0.02139955       -0.00000001        0.00000000        0.00000001
     4613.        0.02138761       -0.00182191        0.02146507       -0.00000001        0.00000000        0.00000001
     4614.        0.02145161       -0.00184190        0.02153054       -0.00000001        0.00000000        0.00000001
     4615.        0.02151556       -0.00186206        0.02159598       -0.00000001        0.00000000        0.00000001
     4616.        0.02157947       -0.00188237        0.02166142       -0.00000001        0.00000000        0.00000001
     4617.        0.02164329       -0.00190284        0.02172678       -0.00000001        0.00000000        0.00000001
     4618.        0.02170708       -0.00192346        0.02179214       -0.00000001        0.00000000        0.00000001
     4619.        0.02177081       -0.00194423        0.02185746       -0.00000001        0.00000000        0.00000001
     4620.        0.02183448       -0.00196516        0.02192273       -0.00000001        0.00000000        0.00000001
     4621.        0.02189808       -0.00198624        0.02198797       -0.00000001        0.00000000        0.00000001
     4622.        0.02196161       -0.00200747        0.02205317       -0.00000001        0.00000000        0.00000001
     4623.        0.02202512       -0.00202885        0.02211837       -0.00000001        0.00000000        0.00000001
     4624.        0.02208852       -0.00205038        0.02218348       -0.00000001        0.00000000        0.00000001
     4625.        0.02215186       -0.00207205        0.02224856       -0.00000001        0.00000000        0.00000001
     4626.        0.02221517       -0.00209387        0.02231363       -0.00000001        0.00000000        0.00000001
     4627.        0.02227837       -0.00211583        0.02237862       -0.00000001        0.00000000        0.00000001
     4628.        0.02234154       -0.00213795        0.02244360       -0.00000001        0.00000000        0.00000001
     4629.        0.02240464       -0.00216019        0.02250854       -0.00000001        0.00000000        0.00000001
     4630.        0.02246763       -0.00218259        0.02257340       -0.00000001        0.00000000        0.00000001
     4631.        0.02253059       -0.00220512        0.02263825       -0.00000001        0.00000000        0.00000001
     4632.        0.02259348       -0.00222779        0.02270305       -0.00000001        0.00000000        0.00000001
     4633.        0.02265626       -0.00225060        0.02276777       -0.00000001        0.00000000        0.00000001
     4634.        0.02271901       -0.00227355        0.02283249       -0.00000001        0.00000000        0.00000001
     4635.        0.02278168       -0.00229663        0.02289715       -0.00000001        0.00000000        0.00000001
     4636.        0.02284425       -0.00231984        0.02296174       -0.00000001        0.00000000        0.00000001
     4637.        0.02290677       -0.00234319        0.02302631       -0.00000001        0.00000000        0.00000001
     4638.        0.02296923       -0.00236667        0.02309083       -0.00000001        0.00000000        0.00000001
     4639.        0.02303161       -0.00239028        0.02315531       -0.00000001        0.00000000        0.00000001
     4640.        0.02309391       -0.00241402        0.02321973       -0.00000001        0.00000000        0.00000001
     4641.        0.02315613       -0.00243788        0.02328411       -0.00000001        0.00000000        0.00000001
     4642.        0.02321828       -0.00246187        0.02334844       -0.00000001        0.00000000        0.00000001
     4643.        0.02328036       -0.00248599        0.02341271       -0.00000001        0.00000000        0.00000001
     4644.        0.02334235       -0.00251023        0.02347694       -0.00000001        0.00000000        0.00000001
     4645.        0.02340431       -0.00253459        0.02354115       -0.00000001        0.00000000        0.00000001
     4646.        0.02346614       -0.00255908        0.02360527       -0.00000001        0.00000000        0.00000001
     4647.        0.02352794       -0.00258368        0.02366938       -0.00000001        0.00000000        0.00000001
     4648.        0.02358966       -0.00260840        0.02373343       -0.00000001        0.00000000        0.00000001
     4649.        0.02365129       -0.00263324        0.02379743       -0.00000001        0.00000000        0.00000001
     4650.        0.02371289       -0.00265820        0.02386141       -0.00000001        0.00000000        0.00000001
     4651.        0.02377440       -0.00268328        0.02392534       -0.00000001        0.00000000        0.00000001
     4652.        0.02383583       -0.00270846        0.02398921       -0.00000001        0.00000000        0.00000001
     4653.        0.02389717       -0.00273376        0.02405303       -0.00000001        0.00000000        0.00000001
     4654.        0.02395847       -0.00275918        0.02411683       -0.00000001        0.00000000        0.00000001
     4655.        0.02401969       -0.00278470        0.02418057       -0.00000001        0.00000000        0.00000001
     4656.        0.02408086       -0.00281034        0.02424430       -0.00000001        0.00000000        0.00000001
     4657.        0.02414195       -0.00283608        0.02430796       -0.00000001        0.00000000        0.00000001
     4658.        0.02420295       -0.00286193        0.02437157       -0.00000001        0.00000000        0.00000001
     4659.        0.02426390       -0.00288789        0.02443516       -0.00000001        0.00000000        0.00000001
     4660.        0.02432481       -0.00291396        0.02449873       -0.00000001        0.00000000        0.00000001
     4661.        0.02438567       -0.00294014        0.02456227       -0.00000001        0.00000000        0.00000001
     4662.        0.02444644       -0.00296642        0.02462576       -0.00000001        0.00000000        0.00000001
     4663.        0.02450716       -0.00299281        0.02468922       -0.00000001        0.00000000        0.00000001
     4664.        0.02456779       -0.00301931        0.02475263       -0.00000001        0.00000000        0.00000001
     4665.        0.02462841       -0.00304591        0.02481605       -0.00000001        0.00000000        0.00000001
     4666.        0.02468894       -0.00307261        0.02487940       -0.00000001        0.00000000        0.00000001
     4667.        0.02474942       -0.00309942        0.02494274       -0.00000001        0.00000000        0.00000001
     4668.        0.02480985       -0.00312633        0.02500605       -0.00000001        0.00000000        0.00000001
     4669.        0.02487023       -0.00315335        0.02506934       -0.00000001        0.00000000        0.00000001
     4670.        0.02493059       -0.00318047        0.02513264       -0.00000001        0.00000000        0.00000001
     4671.        0.02499086       -0.00320770        0.02519588       -0.00000001        0.00000000        0.00000001
     4672.        0.02505108       -0.00323504        0.02525910       -0.00000001        0.00000000        0.00000001
     4673.        0.02511128       -0.00326247        0.02532232       -0.00000001        0.00000000        0.00000001
     4674.        0.02517143       -0.00329002        0.02538553       -0.00000001        0.00000000        0.00000001
     4675.        0.02523152       -0.00331767        0.02544871       -0.00000001        0.00000000        0.00000001
     4676.        0.02529156       -0.00334543        0.02551186       -0.00000001        0.00000000        0.00000001
     4677.        0.02535159       -0.00337330        0.02557503       -0.00000001        0.00000000        0.00000001
     4678.        0.02541159       -0.00340128        0.02563821       -0.00000001        0.00000000        0.00000001
     4679.        0.02547150       -0.00342937        0.02570133       -0.00000001        0.00000000        0.00000001
     4680.        0.02553144       -0.00345757        0.02576449       -0.00000001        0.00000000        0.00000001
     4681.        0.02559128       -0.00348588        0.02582760       -0.00000001        0.00000000        0.00000001
     4682.        0.02565114       -0.00351431        0.02589075       -0.00000001        0.00000000        0.00000001
     4683.        0.02571094       -0.00354285        0.02595388       -0.00000001        0.00000000        0.00000001
     4684.        0.02577068       -0.00357151        0.02601699       -0.00000001        0.00000000        0.00000001
     4685.        0.02583045       -0.00360028        0.02608014       -0.00000001        0.00000000        0.00000001
     4686.        0.02589015       -0.00362918        0.02614328       -0.00000001        0.00000000        0.00000001
     4687.        0.02594980       -0.00365819        0.02620638       -0.00000001        0.00000000        0.00000001
     4688.        0.02600947       -0.00368733        0.02626954       -0.00000001        0.00000000        0.00000001
     4689.        0.02606908       -0.00371660        0.02633268       -0.00000001        0.00000000        0.00000001
     4690.        0.02612870       -0.00374599        0.02639586       -0.00000001        0.00000000        0.00000001
     4691.        0.02618827       -0.00377551        0.02645902       -0.00000001        0.00000000        0.00000001
     4692.        0.02624782       -0.00380516        0.02652220       -0.00000001        0.00000000        0.00000001
     4693.        0.02630730       -0.00383494        0.02658535       -0.00000001        0.00000000        0.00000001
     4694.        0.02636681       -0.00386486        0.02664856       -0.00000001        0.00000000        0.00000001
     4695.        0.02642629       -0.00389492        0.02671178       -0.00000001        0.00000000        0.00000001
     4696.        0.02648571       -0.00392511        0.02677498       -0.00000001        0.00000000        0.00000001
     4697.        0.02654515       -0.00395545        0.02683823       -0.00000001        0.00000000        0.00000001
     4698.        0.02660453       -0.00398593        0.02690146       -0.00000001        0.00000000        0.00000001
     4699.        0.02666388       -0.00401655        0.02696470       -0.00000001        0.00000000        0.00000001
     4700.        0.02672321       -0.00404734        0.02702797       -0.00000001        0.00000000        0.00000001
     4701.        0.02678252       -0.00407828        0.02709124       -0.00000001        0.00000000        0.00000001
     4702.        0.02684180       -0.00410935        0.02715454       -0.00000001        0.00000000        0.00000001
     4703.        0.02690106       -0.00414056        0.02721785       -0.00000001        0.00000000        0.00000001
     4704.        0.02696030       -0.00417196        0.02728118       -0.00000001        0.00000000        0.00000001
     4705.        0.02701951       -0.00420350        0.02734453       -0.00000001        0.00000000        0.00000001
     4706.        0.02707865       -0.00423522        0.02740786       -0.00000001        0.00000000        0.00000001
     4707.        0.02713778       -0.00426709        0.02747120       -0.00000001        0.00000000        0.00000001
     4708.        0.02719687       -0.00429914        0.02753457       -0.00000001        0.00000000        0.00000001
     4709.        0.02725594       -0.00433133        0.02759795       -0.00000001        0.00000000        0.00000001
     4710.        0.02731495       -0.00436371        0.02766131       -0.00000001        0.00000000        0.00000001
     4711.        0.02737397       -0.00439627        0.02772474       -0.00000001        0.00000000        0.00000001
     4712.        0.02743288       -0.00442898        0.02778810       -0.00000001        0.00000000        0.00000001
     4713.        0.02749180       -0.00446187        0.02785152       -0.00000001        0.00000000        0.00000001
     4714.        0.02755066       -0.00449495        0.02791493       -0.00000001        0.00000000        0.00000001
     4715.        0.02760949       -0.00452821        0.02797836       -0.00000001        0.00000000        0.00000001
     4716.        0.02766825       -0.00456166        0.02804177       -0.00000001        0.00000000        0.00000001
     4717.        0.02772694       -0.00459526        0.02810515       -0.00000001        0.00000000        0.00000001
     4718.        0.02778561       -0.00462909        0.02816857       -0.00000001        0.00000000        0.00000001
     4719.        0.02784420       -0.00466306        0.02823196       -0.00000001        0.00000000        0.00000001
     4720.        0.02790277       -0.00469722        0.02829538       -0.00000001        0.00000000        0.00000001
     4721.        0.02796126       -0.00473162        0.02835878       -0.00000001        0.00000000        0.00000001
     4722.        0.02801969       -0.00476616        0.02842216       -0.00000001        0.00000000        0.00000001
     4723.        0.02807804       -0.00480089        0.02848552       -0.00000001        0.00000000        0.00000001
     4724.        0.02813636       -0.00483585        0.02854891       -0.00000001        0.00000000        0.00000001
     4725.        0.02819457       -0.00487096        0.02861224       -0.00000001        0.00000000        0.00000001
     4726.        0.02825271       -0.00490626        0.02867555       -0.00000001        0.00000000        0.00000001
     4727.        0.02831081       -0.00494179        0.02873889       -0.00000001        0.00000000        0.00000001
     4728.        0.02836881       -0.00497748        0.02880216       -0.00000001        0.00000000        0.00000001
     4729.        0.02842672       -0.00501340        0.02886542       -0.00000001        0.00000000        0.00000001
     4730.        0.02848452       -0.00504947        0.02892862       -0.00000001        0.00000000        0.00000001
     4731.        0.02854229       -0.00508577        0.02899185       -0.00000001        0.00000000        0.00000001
     4732.        0.02859995       -0.00512223        0.02905502       -0.00000001        0.00000000        0.00000001
     4733.        0.02865748       -0.00515892        0.02911813       -0.00000001        0.00000000        0.00000001
     4734.        0.02871494       -0.00519580        0.02918123       -0.00000001        0.00000000        0.00000001
     4735.        0.02877232       -0.00523284        0.02924430       -0.00000001        0.00000000        0.00000001
     4736.        0.02882959       -0.00527012        0.02930732       -0.00000001        0.00000000        0.00000001
     4737.        0.02888673       -0.00530755        0.02937028       -0.00000001        0.00000000        0.00000001
     4738.        0.02894380       -0.00534521        0.02943323       -0.00000001        0.00000000        0.00000001
     4739.        0.02900075       -0.00538303        0.02949611       -0.00000001        0.00000000        0.00000001
     4740.        0.02905758       -0.00542105        0.02955893       -0.00000001        0.00000000        0.00000001
     4741.        0.02911428       -0.00545927        0.02962170       -0.00000001        0.00000000        0.00000001
     4742.        0.02917086       -0.00549768        0.02968440       -0.00000001        0.00000000        0.00000001
     4743.        0.02922737       -0.00553629        0.02974709       -0.00000001        0.00000000        0.00000001
     4744.        0.02928371       -0.00557506        0.02980968       -0.00000001        0.00000000        0.00000001
     4745.        0.02933992       -0.00561402        0.02987220       -0.00000001        0.00000000        0.00000001
     4746.        0.02939601       -0.00565319        0.02993466       -0.00000001        0.00000000        0.00000001
     4747.        0.02945198       -0.00569251        0.02999706       -0.00000001        0.00000000        0.00000001
     4748.        0.02950778       -0.00573203        0.03005936       -0.00000001        0.00000000        0.00000001
     4749.        0.02956349       -0.00577171        0.03012163       -0.00000001        0.00000000        0.00000001
