     4151.       -0.00000000       -0.00000000        0.00000000        0.00000000       -0.00000000        0.00000000
     4152.       -0.00000000       -0.00000000        0.00000000        0.00000000       -0.00000000        0.00000000
     4153.       -0.00000000       -0.00000000        0.00000000        0.00000000       -0.00000000        0.00000000
     4154.        0.00000000       -0.00000000        0.00000000       -0.00000000        0.00000000        0.00000000
     4155.        0.00000000       -0.00000000        0.00000000       -0.00000000        0.00000000        0.00000000
     4156.        0.00000000       -0.00000000        0.00000000       -0.00000000        0.00000000        0.00000000
     4157.        0.00000000       -0.00000000        0.00000000       -0.00000000        0.00000000        0.00000000
     4158.        0.00000000       -0.00000000        0.00000000       -0.00000000        0.00000000        0.00000000
     4159.        0.00000000       -0.00000000        0.00000000       -0.00000000        0.00000000        0.00000000
     4160.        0.00000000       -0.00000000        0.00000000       -0.00000000        0.00000000        0.00000000
     4161.        0.00000000       -0.00000000        0.00000000       -0.00000000        0.00000000        0.00000000
     4162.        0.00000000       -0.00000000        0.00000000       -0.00000000        0.00000000        0.00000000
     4163.        0.00000001       -0.00000000        0.00000001       -0.00000000        0.00000000        0.00000000
     4164.        0.00000001       -0.00000000        0.00000001       -0.00000000        0.00000000        0.00000000
     4165.        0.00000001       -0.00000000        0.00000001       -0.00000000        0.00000000        0.00000000
     4166.        0.00000002       -0.00000000        0.00000002       -0.00000000        0.00000000        0.00000000
     4167.        0.00000003       -0.00000000        0.00000003       -0.00000000        0.00000000        0.00000000
     4168.        0.00000005       -0.00000000        0.00000005       -0.00000000        0.00000000        0.00000000
     4169.        0.00000006       -0.00000000        0.00000006       -0.00000000        0.00000000        0.00000000
     4170.        0.00000009       -0.00000000        0.00000009       -0.00000000        0.00000000        0.00000000
     4171.        0.00000012       -0.00000000        0.00000012       -0.00000000        0.00000000        0.00000000
     4172.        0.00000015       -0.00000000        0.00000015       -0.00000000        0.00000000        0.00000000
     4173.        0.00000019       -0.00000000        0.00000019       -0.00000000        0.00000000        0.00000000
     4174.        0.00000025       -0.00000000        0.00000025       -0.00000000        0.00000000        0.00000000
     4175.        0.00000031       -0.00000000        0.00000031       -0.00000000        0.00000000        0.00000000
     4176.        0.00000039       -0.00000000        0.00000039       -0.00000000        0.00000000        0.00000000
     4177.        0.00000047       -0.00000000        0.00000047       -0.00000000        0.00000000        0.00000000
     4178.        0.00000057       -0.00000000        0.00000057       -0.00000000        0.00000000        0.00000000
     4179.        0.00000069       -0.00000000        0.00000069       -0.00000000        0.00000000        0.00000000
     4180.        0.00000083       -0.00000000        0.00000083       -0.00000000        0.00000000        0.00000000
     4181.        0.00000098       -0.00000000        0.00000098       -0.00000000        0.00000000        0.00000000
     4182.        0.00000115       -0.00000000        0.00000115       -0.00000000        0.00000000        0.00000000
     4183.        0.00000135       -0.00000000        0.00000135       -0.00000000        0.00000000        0.00000000
     4184.        0.00000157       -0.00000000        0.00000157       -0.00000000        0.00000000        0.00000000
     4185.        0.00000181       -0.00000000        0.00000181       -0.00000000        0.00000000        0.00000000
     4186.        0.00000208       -0.00000000        0.00000208       -0.00000000        0.00000000        0.00000000
     4187.        0.00000238       -0.00000000        0.00000238       -0.00000000        0.00000000        0.00000000
     4188.        0.00000271       -0.00000000        0.00000271       -0.00000000        0.00000000        0.00000000
     4189.        0.00000308       -0.00000000        0.00000308       -0.00000000        0.00000000        0.00000000
     4190.        0.00000347       -0.00000000        0.00000347       -0.00000000        0.00000000        0.00000000
     4191.        0.00000391       -0.00000000        0.00000391       -0.00000000        0.00000000        0.00000000
     4192.        0.00000438       -0.00000000        0.00000438       -0.00000000        0.00000000        0.00000000
     4193.        0.00000489       -0.00000000        0.00000489       -0.00000000        0.00000000        0.00000000
     4194.        0.00000544       -0.00000000        0.00000544       -0.00000000        0.00000000        0.00000000
     4195.        0.00000603       -0.00000000        0.00000603       -0.00000000        0.00000000        0.00000000
     4196.        0.00000667       -0.00000000        0.00000667       -0.00000000        0.00000000        0.00000000
     4197.        0.00000736       -0.00000000        0.00000736       -0.00000000        0.00000000        0.00000000
     4198.        0.00000809       -0.00000000        0.00000809       -0.00000000        0.00000000        0.00000000
     4199.        0.00000888       -0.00000000        0.00000888       -0.00000000        0.00000000        0.00000000
     4200.        0.00000972       -0.00000000        0.00000972       -0.00000000        0.00000000        0.00000000
     4201.        0.00001061       -0.00000000        0.00001061       -0.00000000        0.00000000        0.00000000
     4202.        0.00001156       -0.00000000        0.00001156       -0.00000000        0.00000000        0.00000000
     4203.        0.00001256       -0.00000000        0.00001256       -0.00000000        0.00000000        0.00000000
     4204.        0.00001362       -0.00000000        0.00001362       -0.00000000        0.00000000        0.00000000
     4205.        0.00001475       -0.00000000        0.00001475       -0.00000000        0.00000000        0.00000000
     4206.        0.00001594       -0.00000000        0.00001594       -0.00000000        0.00000000        0.00000000
     4207.        0.00001719       -0.00000000        0.00001719       -0.00000000        0.00000000        0.00000000
     4208.        0.00001850       -0.00000000        0.00001850       -0.00000000        0.00000000        0.00000000
     4209.        0.00001989       -0.00000000        0.00001989       -0.00000000        0.00000000        0.00000000
     4210.        0.00002134       -0.00000000        0.00002134       -0.00000000        0.00000000        0.00000000
     4211.        0.00002286       -0.00000000        0.00002286       -0.00000000        0.00000000        0.00000000
     4212.        0.00002446       -0.00000000        0.00002446       -0.00000000        0.00000000        0.00000000
     4213.        0.00002613       -0.00000000        0.00002613       -0.00000000        0.00000000        0.00000000
     4214.        0.00002787       -0.00000000        0.00002787       -0.00000000        0.00000000        0.00000000
     4215.        0.00002969       -0.00000000        0.00002969       -0.00000000        0.00000000        0.00000000
     4216.        0.00003159       -0.00000000        0.00003159       -0.00000000        0.00000000        0.00000000
     4217.        0.00003357       -0.00000000        0.00003357       -0.00000000        0.00000000        0.00000000
     4218.        0.00003563       -0.00000000        0.00003563       -0.00000000        0.00000000        0.00000000
     4219.        0.00003776       -0.00000000        0.00003776       -0.00000000        0.00000000        0.00000000
     4220.        0.00003999       -0.00000000        0.00003999       -0.00000000        0.00000000        0.00000000
     4221.        0.00004229       -0.00000000        0.00004229       -0.00000000        0.00000000        0.00000000
     4222.        0.00004468       -0.00000000        0.00004468       -0.00000000        0.00000000        0.00000000
     4223.        0.00004716       -0.00000000        0.00004716       -0.00000000        0.00000000        0.00000000
     4224.        0.00004973       -0.00000000        0.00004973       -0.00000000        0.00000000        0.00000000
     4225.        0.00005238       -0.00000000        0.00005238       -0.00000000        0.00000000        0.00000000
     4226.        0.00005513       -0.00000000        0.00005513       -0.00000000        0.00000000        0.00000000
     4227.        0.00005796       -0.00000000        0.00005796       -0.00000000        0.00000000        0.00000000
     4228.        0.00006089       -0.00000000        0.00006089       -0.00000000        0.00000000        0.00000000
     4229.        0.00006391       -0.00000000        0.00006391       -0.00000000        0.00000000        0.00000000
     4230.        0.00006702       -0.00000001        0.00006702       -0.00000000        0.00000000        0.00000000
     4231.        0.00007023       -0.00000001        0.00007023       -0.00000000        0.00000000        0.00000000
     4232.        0.00007353       -0.00000001        0.00007353       -0.00000000        0.00000000        0.00000000
     4233.        0.00007693       -0.00000001        0.00007693       -0.00000000        0.00000000        0.00000000
     4234.        0.00008043       -0.00000001        0.00008043       -0.00000000        0.00000000        0.00000000
     4235.        0.00008403       -0.00000001        0.00008403       -0.00000000        0.00000000        0.00000000
     4236.        0.00008772       -0.00000001        0.00008772       -0.00000000        0.00000000        0.00000000
     4237.        0.00009151       -0.00000001        0.00009151       -0.00000000        0.00000000        0.00000000
     4238.        0.00009541       -0.00000001        0.00009541       -0.00000000        0.00000000        0.00000000
     4239.        0.00009940       -0.00000001        0.00009940       -0.00000000        0.00000000        0.00000000
     4240.        0.00010350       -0.00000001        0.00010350       -0.00000000        0.00000000        0.00000000
     4241.        0.00010770       -0.00000001        0.00010770       -0.00000000        0.00000000        0.00000000
     4242.        0.00011200       -0.00000001        0.00011200       -0.00000000        0.00000000        0.00000000
     4243.        0.00011640       -0.00000002        0.00011640       -0.00000000        0.00000000        0.00000000
     4244.        0.00012091       -0.00000002        0.00012091       -0.00000000        0.00000000        0.00000000
     4245.        0.00012552       -0.00000002        0.00012552       -0.00000000        0.00000000        0.00000000
     4246.        0.00013024       -0.00000002        0.00013024       -0.00000000        0.00000000        0.00000000
     4247.        0.00013506       -0.00000002        0.00013506       -0.00000000        0.00000000        0.00000000
     4248.        0.00013998       -0.00000002        0.00013998       -0.00000000        0.00000000        0.00000000
     4249.        0.00014501       -0.00000002        0.00014501       -0.00000000        0.00000000        0.00000000
     4250.        0.00015015       -0.00000003        0.00015015       -0.00000000        0.00000000        0.00000000
     4251.        0.00015540       -0.00000003        0.00015540       -0.00000000        0.00000000        0.00000000
     4252.        0.00016075       -0.00000003        0.00016075       -0.00000000        0.00000000        0.00000000
     4253.        0.00016621       -0.00000003        0.00016621       -0.00000000        0.00000000        0.00000000
     4254.        0.00017177       -0.00000003        0.00017177       -0.00000000        0.00000000        0.00000000
     4255.        0.00017745       -0.00000004        0.00017745       -0.00000000        0.00000000        0.00000000
     4256.        0.00018323       -0.00000004        0.00018323       -0.00000000        0.00000000        0.00000000
     4257.        0.00018912       -0.00000004        0.00018912       -0.00000000        0.00000000        0.00000000
     4258.        0.00019512       -0.00000004        0.00019512       -0.00000000        0.00000000        0.00000000
     4259.        0.00020122       -0.00000005        0.00020122       -0.00000000        0.00000000        0.00000000
     4260.        0.00020744       -0.00000005        0.00020744       -0.00000000        0.00000000        0.00000000
     4261.        0.00021376       -0.00000005        0.00021376       -0.00000000        0.00000000        0.00000000
     4262.        0.00022019       -0.00000006        0.00022019       -0.00000000        0.00000000        0.00000000
     4263.        0.00022673       -0.00000006        0.00022673       -0.00000000        0.00000000        0.00000000
     4264.        0.00023338       -0.00000006        0.00023338       -0.00000000        0.00000000        0.00000000
     4265.        0.00024014       -0.00000007        0.00024014       -0.00000000        0.00000000        0.00000000
     4266.        0.00024701       -0.00000007        0.00024701       -0.00000000        0.00000000        0.00000000
     4267.        0.00025398       -0.00000007        0.00025398       -0.00000000        0.00000000        0.00000000
     4268.        0.00026107       -0.00000008        0.00026107       -0.00000000        0.00000000        0.00000000
     4269.        0.00026826       -0.00000008        0.00026826       -0.00000000        0.00000000        0.00000000
     4270.        0.00027556       -0.00000009        0.00027556       -0.00000000        0.00000000        0.00000000
     4271.        0.00028298       -0.00000009        0.00028298       -0.00000000        0.00000000        0.00000000
     4272.        0.00029050       -0.00000010        0.00029050       -0.00000000        0.00000000        0.00000000
     4273.        0.00029812       -0.00000010        0.00029812       -0.00000000        0.00000000        0.00000000
     4274.        0.00030586       -0.00000011        0.00030586       -0.00000000        0.00000000        0.00000000
     4275.        0.00031371       -0.00000011        0.00031371       -0.00000000        0.00000000        0.00000000
     4276.        0.00032166       -0.00000012        0.00032166       -0.00000000        0.00000000        0.00000000
     4277.        0.00032972       -0.00000012        0.00032972       -0.00000000        0.00000000        0.00000000
     4278.        0.00033789       -0.00000013        0.00033789       -0.00000000        0.00000000        0.00000000
     4279.        0.00034617       -0.00000013        0.00034617       -0.00000000        0.00000000        0.00000000
     4280.        0.00035455       -0.00000014        0.00035455       -0.00000000        0.00000000        0.00000000
     4281.        0.00036304       -0.00000015        0.00036304       -0.00000000        0.00000000        0.00000000
     4282.        0.00037164       -0.00000015        0.00037164       -0.00000000        0.00000000        0.00000000
     4283.        0.00038035       -0.00000016        0.00038035       -0.00000000        0.00000000        0.00000000
     4284.        0.00038916       -0.00000017        0.00038916       -0.00000000        0.00000000        0.00000000
     4285.        0.00039808       -0.00000018        0.00039808       -0.00000000        0.00000000        0.00000000
     4286.        0.00040711       -0.00000018        0.00040711       -0.00000000        0.00000000        0.00000000
     4287.        0.00041624       -0.00000019        0.00041624       -0.00000000        0.00000000        0.00000000
     4288.        0.00042548       -0.00000020        0.00042548       -0.00000000        0.00000000        0.00000000
     4289.        0.00043482       -0.00000021        0.00043482       -0.00000000        0.00000000        0.00000000
     4290.        0.00044427       -0.00000022        0.00044427       -0.00000000        0.00000000        0.00000000
     4291.        0.00045382       -0.00000023        0.00045382       -0.00000000        0.00000000        0.00000000
     4292.        0.00046348       -0.00000024        0.00046348       -0.00000000        0.00000000        0.00000000
     4293.        0.00047324       -0.00000025        0.00047324       -0.00000000        0.00000000        0.00000000
     4294.        0.00048311       -0.00000026        0.00048311       -0.00000000        0.00000000        0.00000000
     4295.        0.00049307       -0.00000027        0.00049307       -0.00000000        0.00000000        0.00000000
     4296.        0.00050315       -0.00000028        0.00050315       -0.00000000        0.00000000        0.00000000
     4297.        0.00051332       -0.00000029        0.00051332       -0.00000000        0.00000000        0.00000000
     4298.        0.00052360       -0.00000031        0.00052360       -0.00000000        0.00000000        0.00000000
     4299.        0.00053398       -0.00000032        0.00053398       -0.00000000        0.00000000        0.00000000
     4300.        0.00054446       -0.00000033        0.00054446       -0.00000000        0.00000000        0.00000000
     4301.        0.00055505       -0.00000034        0.00055505       -0.00000000        0.00000000        0.00000000
     4302.        0.00056573       -0.00000036        0.00056573       -0.00000000        0.00000000        0.00000000
     4303.        0.00057652       -0.00000037        0.00057652       -0.00000000        0.00000000        0.00000000
     4304.        0.00058740       -0.00000039        0.00058740       -0.00000000        0.00000000        0.00000000
     4305.        0.00059839       -0.00000040        0.00059839       -0.00000000        0.00000000        0.00000000
     4306.        0.00060948       -0.00000042        0.00060948       -0.00000000        0.00000000        0.00000000
     4307.        0.00062066       -0.00000043        0.00062066       -0.00000000        0.00000000        0.00000000
     4308.        0.00063194       -0.00000045        0.00063194       -0.00000000        0.00000000        0.00000000
     4309.        0.00064333       -0.00000046        0.00064333       -0.00000000        0.00000000        0.00000000
     4310.        0.00065481       -0.00000048        0.00065481       -0.00000000        0.00000000        0.00000000
     4311.        0.00066639       -0.00000050        0.00066639       -0.00000000        0.00000000        0.00000000
     4312.        0.00067806       -0.00000052        0.00067806       -0.00000000        0.00000000        0.00000000
     4313.        0.00068983       -0.00000053        0.00068984       -0.00000000        0.00000000        0.00000000
     4314.        0.00070170       -0.00000055        0.00070170       -0.00000000        0.00000000        0.00000000
     4315.        0.00071367       -0.00000057        0.00071367       -0.00000000        0.00000000        0.00000000
     4316.        0.00072573       -0.00000059        0.00072573       -0.00000000        0.00000000        0.00000000
     4317.        0.00073789       -0.00000061        0.00073789       -0.00000000        0.00000000        0.00000000
     4318.        0.00075014       -0.00000063        0.00075014       -0.00000000        0.00000000        0.00000000
     4319.        0.00076248       -0.00000065        0.00076249       -0.00000000        0.00000000        0.00000000
     4320.        0.00077492       -0.00000068        0.00077492       -0.00000000        0.00000000        0.00000000
     4321.        0.00078746       -0.00000070        0.00078746       -0.00000000        0.00000000        0.00000000
     4322.        0.00080008       -0.00000072        0.00080008       -0.00000000        0.00000000        0.00000000
     4323.        0.00081280       -0.00000074        0.00081280       -0.00000000        0.00000000        0.00000000
     4324.        0.00082562       -0.00000077        0.00082562       -0.00000000        0.00000000        0.00000000
     4325.        0.00083852       -0.00000079        0.00083852       -0.00000000        0.00000000        0.00000000
     4326.        0.00085151       -0.00000082        0.00085152       -0.00000000        0.00000000        0.00000000
     4327.        0.00086460       -0.00000084        0.00086460       -0.00000000        0.00000000        0.00000000
     4328.        0.00087778       -0.00000087        0.00087778       -0.00000000        0.00000000        0.00000000
     4329.        0.00089105       -0.00000090        0.00089105       -0.00000000        0.00000000        0.00000000
     4330.        0.00090440       -0.00000092        0.00090440       -0.00000000        0.00000000        0.00000000
     4331.        0.00091785       -0.00000095        0.00091785       -0.00000000        0.00000000        0.00000000
     4332.        0.00093139       -0.00000098        0.00093139       -0.00000000        0.00000000        0.00000000
     4333.        0.00094501       -0.00000101        0.00094501       -0.00000000        0.00000000        0.00000000
     4334.        0.00095872       -0.00000104        0.00095872       -0.00000000        0.00000000        0.00000000
     4335.        0.00097252       -0.00000107        0.00097252       -0.00000000        0.00000000        0.00000000
     4336.        0.00098641       -0.00000110        0.00098641       -0.00000000        0.00000000        0.00000000
     4337.        0.00100039       -0.00000113        0.00100039       -0.00000000        0.00000000        0.00000000
     4338.        0.00101445       -0.00000116        0.00101445       -0.00000000        0.00000000        0.00000000
     4339.        0.00102860       -0.00000119        0.00102860       -0.00000000        0.00000000        0.00000000
     4340.        0.00104283       -0.00000123        0.00104283       -0.00000000        0.00000000        0.00000000
     4341.        0.00105715       -0.00000126        0.00105715       -0.00000000        0.00000000        0.00000000
     4342.        0.00107155       -0.00000130        0.00107155       -0.00000000        0.00000000        0.00000000
     4343.        0.00108604       -0.00000133        0.00108604       -0.00000000        0.00000000        0.00000000
     4344.        0.00110062       -0.00000137        0.00110062       -0.00000000        0.00000000        0.00000000
     4345.        0.00111527       -0.00000141        0.00111527       -0.00000000        0.00000000        0.00000000
     4346.        0.00113001       -0.00000145        0.00113001       -0.00000000        0.00000000        0.00000000
     4347.        0.00114484       -0.00000148        0.00114484       -0.00000000        0.00000000        0.00000000
     4348.        0.00115974       -0.00000152        0.00115974       -0.00000000        0.00000000        0.00000000
     4349.        0.00117473       -0.00000157        0.00117473       -0.00000000        0.00000000        0.00000000
     4350.        0.00118980       -0.00000161        0.00118980       -0.00000000        0.00000000        0.00000000
     4351.        0.00120495       -0.00000165        0.00120495       -0.00000000        0.00000000        0.00000000
     4352.        0.00122019       -0.00000169        0.00122019       -0.00000000        0.00000000        0.00000000
     4353.        0.00123550       -0.00000174        0.00123550       -0.00000000        0.00000000        0.00000000
     4354.        0.00125089       -0.00000179        0.00125089       -0.00000000        0.00000000        0.00000000
     4355.        0.00126637       -0.00000183        0.00126637       -0.00000000        0.00000000        0.00000000
     4356.        0.00128192       -0.00000188        0.00128192       -0.00000000        0.00000000        0.00000000
     4357.        0.00129755       -0.00000193        0.00129755       -0.00000000        0.00000000        0.00000000
     4358.        0.00131327       -0.00000198        0.00131327       -0.00000000        0.00000000        0.00000000
     4359.        0.00132906       -0.00000203        0.00132906       -0.00000000        0.00000000        0.00000000
     4360.        0.00134493       -0.00000209        0.00134493       -0.00000000        0.00000000        0.00000000
     4361.        0.00136087       -0.00000214        0.00136087       -0.00000000        0.00000000        0.00000000
     4362.        0.00137689       -0.00000220        0.00137690       -0.00000000        0.00000000        0.00000000
     4363.        0.00139300       -0.00000226        0.00139300       -0.00000000        0.00000000        0.00000000
     4364.        0.00140917       -0.00000231        0.00140917       -0.00000000        0.00000000        0.00000000
     4365.        0.00142543       -0.00000237        0.00142543       -0.00000000        0.00000000        0.00000000
     4366.        0.00144175       -0.00000244        0.00144176       -0.00000000        0.00000000        0.00000000
     4367.        0.00145816       -0.00000250        0.00145816       -0.00000000        0.00000000        0.00000000
     4368.        0.00147464       -0.00000256        0.00147464       -0.00000000        0.00000000        0.00000000
     4369.        0.00149120       -0.00000263        0.00149120       -0.00000000        0.00000000        0.00000000
     4370.        0.00150783       -0.00000270        0.00150783       -0.00000000        0.00000000        0.00000000
     4371.        0.00152453       -0.00000277        0.00152454       -0.00000000        0.00000000        0.00000000
     4372.        0.00154131       -0.00000284        0.00154131       -0.00000000        0.00000000        0.00000000
     4373.        0.00155817       -0.00000291        0.00155817       -0.00000000        0.00000000        0.00000000
     4374.        0.00157509       -0.00000298        0.00157510       -0.00000000        0.00000000        0.00000000
     4375.        0.00159209       -0.00000306        0.00159210       -0.00000000        0.00000000        0.00000000
     4376.        0.00160917       -0.00000314        0.00160917       -0.00000000        0.00000000        0.00000000
     4377.        0.00162631       -0.00000322        0.00162632       -0.00000000        0.00000000        0.00000000
     4378.        0.00164353       -0.00000330        0.00164354       -0.00000000        0.00000000        0.00000000
     4379.        0.00166082       -0.00000339        0.00166083       -0.00000000        0.00000000        0.00000000
     4380.        0.00167819       -0.00000347        0.00167819       -0.00000000        0.00000000        0.00000000
     4381.        0.00169562       -0.00000356        0.00169562       -0.00000000        0.00000000        0.00000000
     4382.        0.00171313       -0.00000365        0.00171313       -0.00000000        0.00000000        0.00000000
     4383.        0.00173070       -0.00000375        0.00173071       -0.00000000        0.00000000        0.00000000
     4384.        0.00174835       -0.00000385        0.00174835       -0.00000000        0.00000000        0.00000000
     4385.        0.00176607       -0.00000395        0.00176607       -0.00000000        0.00000000        0.00000000
     4386.        0.00178385       -0.00000405        0.00178386       -0.00000000        0.00000000        0.00000000
     4387.        0.00180171       -0.00000415        0.00180172       -0.00000000        0.00000000        0.00000000
     4388.        0.00181964       -0.00000426        0.00181964       -0.00000000        0.00000000        0.00000000
     4389.        0.00183764       -0.00000437        0.00183764       -0.00000000        0.00000000        0.00000000
     4390.        0.00185570       -0.00000448        0.00185571       -0.00000000        0.00000000        0.00000000
     4391.        0.00187383       -0.00000460        0.00187384       -0.00000000        0.00000000        0.00000000
     4392.        0.00189204       -0.00000472        0.00189204       -0.00000000        0.00000000        0.00000000
     4393.        0.00191031       -0.00000484        0.00191031       -0.00000000        0.00000000        0.00000000
     4394.        0.00192865       -0.00000496        0.00192865       -0.00000000        0.00000000        0.00000000
     4395.        0.00194706       -0.00000509        0.00194706       -0.00000000        0.00000000        0.00000000
     4396.        0.00196553       -0.00000522        0.00196554       -0.00000000        0.00000000        0.00000000
     4397.        0.00198407       -0.00000535        0.00198408       -0.00000000        0.00000000        0.00000000
     4398.        0.00200269       -0.00000549        0.00200269       -0.00000000        0.00000000        0.00000000
     4399.        0.00202137       -0.00000563        0.00202137       -0.00000000        0.00000000        0.00000000
     4400.        0.00204011       -0.00000578        0.00204012       -0.00000000        0.00000000        0.00000000
     4401.        0.00205892       -0.00000592        0.00205893       -0.00000000        0.00000000        0.00000000
     4402.        0.00207781       -0.00000608        0.00207781       -0.00000000        0.00000000        0.00000000
     4403.        0.00209675       -0.00000623        0.00209676       -0.00000000        0.00000000        0.00000000
     4404.        0.00211577       -0.00000639        0.00211578       -0.00000000        0.00000000        0.00000000
     4405.        0.00213485       -0.00000656        0.00213486       -0.00000000        0.00000000        0.00000000
     4406.        0.00215399       -0.00000673        0.00215401       -0.00000000        0.00000000        0.00000000
     4407.        0.00217321       -0.00000690        0.00217322       -0.00000000        0.00000000        0.00000000
     4408.        0.00219249       -0.00000708        0.00219250       -0.00000000        0.00000000        0.00000000
     4409.        0.00221183       -0.00000726        0.00221185       -0.00000000        0.00000000        0.00000000
     4410.        0.00223125       -0.00000745        0.00223126       -0.00000000        0.00000000        0.00000000
     4411.        0.00225072       -0.00000765        0.00225073       -0.00000000        0.00000000        0.00000000
     4412.        0.00227026       -0.00000785        0.00227028       -0.00000000        0.00000000        0.00000000
     4413.        0.00228987       -0.00000805        0.00228988       -0.00000000        0.00000000        0.00000000
     4414.        0.00230954       -0.00000827        0.00230955       -0.00000000        0.00000000        0.00000000
     4415.        0.00232928       -0.00000849        0.00232929       -0.00000000        0.00000000        0.00000000
     4416.        0.00234908       -0.00000871        0.00234909       -0.00000000        0.00000000        0.00000000
     4417.        0.00236894       -0.00000894        0.00236896       -0.00000000        0.00000000        0.00000000
     4418.        0.00238887       -0.00000918        0.00238889       -0.00000000        0.00000000        0.00000000
     4419.        0.00240886       -0.00000942        0.00240888       -0.00000000        0.00000000        0.00000000
     4420.        0.00242892       -0.00000968        0.00242894       -0.00000000        0.00000000        0.00000000
     4421.        0.00244904       -0.00000993        0.00244906       -0.00000000        0.00000000        0.00000000
     4422.        0.00246922       -0.00001020        0.00246924       -0.00000000        0.00000000        0.00000000
     4423.        0.00248947       -0.00001047        0.00248949       -0.00000000        0.00000000        0.00000000
     4424.        0.00250978       -0.00001075        0.00250980       -0.00000000        0.00000000        0.00000000
     4425.        0.00253015       -0.00001103        0.00253018       -0.00000000        0.00000000        0.00000000
     4426.        0.00255059       -0.00001133        0.00255061       -0.00000000        0.00000000        0.00000000
     4427.        0.00257109       -0.00001163        0.00257111       -0.00000000        0.00000000        0.00000000
     4428.        0.00259165       -0.00001194        0.00259168       -0.00000000        0.00000000        0.00000000
     4429.        0.00261227       -0.00001225        0.00261230       -0.00000000        0.00000000        0.00000000
     4430.        0.00263296       -0.00001257        0.00263299       -0.00000000        0.00000000        0.00000000
     4431.        0.00265371       -0.00001290        0.00265374       -0.00000000        0.00000000        0.00000000
     4432.        0.00267452       -0.00001324        0.00267455       -0.00000000        0.00000000        0.00000000
     4433.        0.00269539       -0.00001359        0.00269543       -0.00000000        0.00000000        0.00000000
     4434.        0.00271635       -0.00001394        0.00271638       -0.00000000        0.00000000        0.00000000
     4435.        0.00273734       -0.00001431        0.00273737       -0.00000000        0.00000000        0.00000000
     4436.        0.00275841       -0.00001468        0.00275845       -0.00000000        0.00000000        0.00000000
     4437.        0.00277954       -0.00001506        0.00277958       -0.00000000        0.00000000        0.00000000
     4438.        0.00280073       -0.00001545        0.00280077       -0.00000000        0.00000000        0.00000000
     4439.        0.00282200       -0.00001585        0.00282204       -0.00000000        0.00000000        0.00000000
     4440.        0.00284330       -0.00001626        0.00284335       -0.00000000        0.00000000        0.00000000
     4441.        0.00286469       -0.00001668        0.00286474       -0.00000000        0.00000000        0.00000000
     4442.        0.00288614       -0.00001711        0.00288619       -0.00000000        0.00000000        0.00000000
     4443.        0.00290764       -0.00001756        0.00290769       -0.00000000        0.00000000        0.00000000
     4444.        0.00292923       -0.00001801        0.00292928       -0.00000000        0.00000000        0.00000000
     4445.        0.00295087       -0.00001847        0.00295093       -0.00000000        0.00000000        0.00000000
     4446.        0.00297255       -0.00001895        0.00297261       -0.00000000        0.00000000        0.00000000
     4447.        0.00299434       -0.00001944        0.00299440       -0.00000000        0.00000000        0.00000000
     4448.        0.00301616       -0.00001994        0.00301622       -0.00000000        0.00000000        0.00000000
     4449.        0.00303803       -0.00002045        0.00303810       -0.00000000        0.00000000        0.00000000
     4450.        0.00305999       -0.00002098        0.00306006       -0.00000000        0.00000000        0.00000000
     4451.        0.00308201       -0.00002152        0.00308209       -0.00000000        0.00000000        0.00000000
     4452.        0.00310409       -0.00002208        0.00310416       -0.00000000        0.00000000        0.00000000
     4453.        0.00312625       -0.00002265        0.00312633       -0.00000000        0.00000000        0.00000000
     4454.        0.00314844       -0.00002323        0.00314852       -0.00000000        0.00000000        0.00000000
     4455.        0.00317071       -0.00002383        0.00317080       -0.00000000        0.00000000        0.00000000
     4456.        0.00319304       -0.00002445        0.00319314       -0.00000000        0.00000000        0.00000000
     4457.        0.00321546       -0.00002508        0.00321556       -0.00000000        0.00000000        0.00000000
     4458.        0.00323791       -0.00002572        0.00323801       -0.00000000        0.00000000        0.00000000
     4459.        0.00326044       -0.00002638        0.00326055       -0.00000000        0.00000000        0.00000000
     4460.        0.00328303       -0.00002706        0.00328314       -0.00000000        0.00000000        0.00000000
     4461.        0.00330568       -0.00002775        0.00330579       -0.00000000        0.00000000        0.00000000
     4462.        0.00332838       -0.00002846        0.00332850       -0.00000000        0.00000000        0.00000000
     4463.        0.00335117       -0.00002919        0.00335130       -0.00000000        0.00000000        0.00000000
     4464.        0.00337399       -0.00002994        0.00337412       -0.00000000        0.00000000        0.00000000
     4465.        0.00339689       -0.00003070        0.00339703       -0.00000000        0.00000000        0.00000000
     4466.        0.00341988       -0.00003148        0.00342002       -0.00000000        0.00000000        0.00000000
     4467.        0.00344290       -0.00003228        0.00344305       -0.00000000        0.00000000        0.00000000
     4468.        0.00346600       -0.00003309        0.00346616       -0.00000000        0.00000000        0.00000000
     4469.        0.00348916       -0.00003393        0.00348932       -0.00000000        0.00000000        0.00000000
     4470.        0.00351237       -0.00003479        0.00351255       -0.00000000        0.00000000        0.00000000
     4471.        0.00353568       -0.00003567        0.00353586       -0.00000000        0.00000000        0.00000000
     4472.        0.00355904       -0.00003656        0.00355922       -0.00000000        0.00000000        0.00000000
     4473.        0.00358245       -0.00003748        0.00358265       -0.00000000        0.00000000        0.00000000
     4474.        0.00360595       -0.00003842        0.00360616       -0.00000000        0.00000000        0.00000000
     4475.        0.00362951       -0.00003938        0.00362973       -0.00000000        0.00000000        0.00000000
     4476.        0.00365313       -0.00004037        0.00365335       -0.00000000        0.00000000        0.00000000
     4477.        0.00367680       -0.00004139        0.00367703       -0.00000000        0.00000000        0.00000000
     4478.        0.00370056       -0.00004242        0.00370080       -0.00000000        0.00000000        0.00000000
     4479.        0.00372437       -0.00004348        0.00372463       -0.00000000        0.00000000        0.00000000
     4480.        0.00374825       -0.00004456        0.00374851       -0.00000000        0.00000000        0.00000000
     4481.        0.00377220       -0.00004566        0.00377248       -0.00000000        0.00000000        0.00000000
     4482.        0.00379622       -0.00004680        0.00379651       -0.00000000        0.00000000        0.00000000
     4483.        0.00382029       -0.00004796        0.00382059       -0.00000000        0.00000000        0.00000000
     4484.        0.00384445       -0.00004915        0.00384476       -0.00000000        0.00000000        0.00000000
     4485.        0.00386869       -0.00005038        0.00386902       -0.00000000        0.00000000        0.00000000
     4486.        0.00389296       -0.00005164        0.00389331       -0.00000000        0.00000000        0.00000000
     4487.        0.00391732       -0.00005294        0.00391768       -0.00000000        0.00000000        0.00000000
     4488.        0.00394174       -0.00005426        0.00394211       -0.00000000        0.00000000        0.00000000
     4489.        0.00396621       -0.00005562        0.00396660       -0.00000000        0.00000000        0.00000000
     4490.        0.00399074       -0.00005700        0.00399114       -0.00000000        0.00000000        0.00000000
     4491.        0.00401535       -0.00005841        0.00401578       -0.00000000        0.00000000        0.00000000
     4492.        0.00404002       -0.00005985        0.00404047       -0.00000000        0.00000000        0.00000000
     4493.        0.00406478       -0.00006132        0.00406524       -0.00000000        0.00000000        0.00000000
     4494.        0.00408960       -0.00006282        0.00409008       -0.00000000        0.00000000        0.00000000
     4495.        0.00411450       -0.00006436        0.00411500       -0.00000000        0.00000000        0.00000000
     4496.        0.00413946       -0.00006595        0.00413998       -0.00000000        0.00000000        0.00000000
     4497.        0.00416450       -0.00006758        0.00416505       -0.00000000        0.00000000        0.00000000
     4498.        0.00418961       -0.00006926        0.00419018       -0.00000000        0.00000000        0.00000000
     4499.        0.00421479       -0.00007098        0.00421539       -0.00000000        0.00000000        0.00000000
     4500.        0.00424001       -0.00007276        0.00424064       -0.00000000        0.00000000        0.00000000
     4501.        0.00426531       -0.00007458        0.00426597       -0.00000000        0.00000000        0.00000000
     4502.        0.00429067       -0.00007645        0.00429136       -0.00000000        0.00000000        0.00000000
     4503.        0.00431609       -0.00007836        0.00431680       -0.00000000        0.00000000        0.00000000
     4504.        0.00434157       -0.00008032        0.00434231       -0.00000000        0.00000000        0.00000000
     4505.        0.00436707       -0.00008232        0.00436784       -0.00000000        0.00000000        0.00000000
     4506.        0.00439265       -0.00008437        0.00439346       -0.00000000        0.00000000        0.00000000
     4507.        0.00441830       -0.00008645        0.00441914       -0.00000000        0.00000000        0.00000000
     4508.        0.00444400       -0.00008857        0.00444488       -0.00000000        0.00000000        0.00000000
     4509.        0.00446978       -0.00009073        0.00447071       -0.00000000        0.00000000        0.00000000
     4510.        0.00449563       -0.00009294        0.00449659       -0.00000000        0.00000000        0.00000000
     4511.        0.00452153       -0.00009520        0.00452253       -0.00000000        0.00000000        0.00000000
     4512.        0.00454752       -0.00009750        0.00454856       -0.00000000        0.00000000        0.00000000
     4513.        0.00457356       -0.00009986        0.00457465       -0.00000000        0.00000000        0.00000000
     4514.        0.00459967       -0.00010227        0.00460080       -0.00000000        0.00000000        0.00000000
     4515.        0.00462586       -0.00010474        0.00462704       -0.00000000        0.00000000        0.00000000
     4516.        0.00465210       -0.00010728        0.00465334       -0.00000000        0.00000000        0.00000000
     4517.        0.00467841       -0.00010988        0.00467970       -0.00000000        0.00000000        0.00000000
     4518.        0.00470480       -0.00011254        0.00470614       -0.00000000        0.00000000        0.00000000
     4519.        0.00473121       -0.00011527        0.00473262       -0.00000000        0.00000000        0.00000000
     4520.        0.00475769       -0.00011807        0.00475915       -0.00000000        0.00000000        0.00000000
     4521.        0.00478421       -0.00012094        0.00478574       -0.00000000        0.00000000        0.00000000
     4522.        0.00481080       -0.00012387        0.00481240       -0.00000000        0.00000000        0.00000000
     4523.        0.00483744       -0.00012687        0.00483911       -0.00000000        0.00000000        0.00000000
     4524.        0.00486411       -0.00012994        0.00486585       -0.00000000        0.00000000        0.00000000
     4525.        0.00489080       -0.00013306        0.00489261       -0.00000000        0.00000000        0.00000000
     4526.        0.00491755       -0.00013625        0.00491944       -0.00000000        0.00000000        0.00000000
     4527.        0.00494436       -0.00013950        0.00494632       -0.00000000        0.00000000        0.00000000
     4528.        0.00497118       -0.00014280        0.00497323       -0.00000000        0.00000000        0.00000000
     4529.        0.00499807       -0.00014615        0.00500021       -0.00000000        0.00000000        0.00000000
     4530.        0.00502498       -0.00014956        0.00502720       -0.00000000        0.00000000        0.00000000
     4531.        0.00505194       -0.00015303        0.00505426       -0.00000000        0.00000000        0.00000000
     4532.        0.00507896       -0.00015654        0.00508138       -0.00000000        0.00000000        0.00000000
     4533.        0.00510601       -0.00016011        0.00510852       -0.00000000        0.00000000        0.00000000
     4534.        0.00513314       -0.00016373        0.00513575       -0.00000000        0.00000000        0.00000000
     4535.        0.00516030       -0.00016741        0.00516301       -0.00000000        0.00000000        0.00000000
     4536.        0.00518751       -0.00017114        0.00519033       -0.00000000        0.00000000        0.00000000
     4537.        0.00521478       -0.00017493        0.00521771       -0.00000000        0.00000000        0.00000000
     4538.        0.00524207       -0.00017877        0.00524511       -0.00000000        0.00000000        0.00000000
     4539.        0.00526944       -0.00018269        0.00527261       -0.00000000        0.00000000        0.00000000
     4540.        0.00529688       -0.00018666        0.00530017       -0.00000000        0.00000000        0.00000000
     4541.        0.00532437       -0.00019070        0.00532778       -0.00000000        0.00000000        0.00000000
     4542.        0.00535191       -0.00019482        0.00535546       -0.00000000        0.00000000        0.00000000
     4543.        0.00537948       -0.00019900        0.00538316       -0.00000000        0.00000000        0.00000000
     4544.        0.00540714       -0.00020325        0.00541095       -0.00000000        0.00000000        0.00000000
     4545.        0.00543481       -0.00020758        0.00543878       -0.00000000        0.00000000        0.00000000
     4546.        0.00546251       -0.00021199        0.00546663       -0.00000000        0.00000000        0.00000000
     4547.        0.00549030       -0.00021647        0.00549457       -0.00000000        0.00000000        0.00000000
     4548.        0.00551811       -0.00022103        0.00552254       -0.00000000        0.00000000        0.00000000
     4549.        0.00554598       -0.00022567        0.00555057       -0.00000000        0.00000000        0.00000000
     4550.        0.00557387       -0.00023038        0.00557863       -0.00000000        0.00000000        0.00000000
     4551.        0.00560178       -0.00023517        0.00560671       -0.00000000        0.00000000        0.00000000
     4552.        0.00562974       -0.00024003        0.00563486       -0.00000000        0.00000000        0.00000000
     4553.        0.00565773       -0.00024497        0.00566303       -0.00000000        0.00000000        0.00000000
     4554.        0.00568574       -0.00024998        0.00569123       -0.00000000        0.00000000        0.00000000
     4555.        0.00571377       -0.00025507        0.00571946       -0.00000000        0.00000000        0.00000000
     4556.        0.00574186       -0.00026022        0.00574775       -0.00000000        0.00000000        0.00000000
     4557.        0.00576996       -0.00026544        0.00577606       -0.00000000        0.00000000        0.00000000
     4558.        0.00579809       -0.00027073        0.00580441       -0.00000000        0.00000000        0.00000000
     4559.        0.00582624       -0.00027609        0.00583277       -0.00000000        0.00000000        0.00000000
     4560.        0.00585440       -0.00028150        0.00586117       -0.00000000        0.00000000        0.00000000
     4561.        0.00588263       -0.00028698        0.00588962       -0.00000000        0.00000000        0.00000000
     4562.        0.00591084       -0.00029252        0.00591807       -0.00000000        0.00000000        0.00000000
     4563.        0.00593913       -0.00029812        0.00594661       -0.00000000        0.00000000        0.00000000
     4564.        0.00596742       -0.00030378        0.00597514       -0.00000000        0.00000000        0.00000000
     4565.        0.00599575       -0.00030949        0.00600374       -0.00000000        0.00000000        0.00000000
     4566.        0.00602411       -0.00031527        0.00603235       -0.00000000        0.00000000        0.00000000
     4567.        0.00605252       -0.00032110        0.00606103       -0.00000000        0.00000000        0.00000000
     4568.        0.00608098       -0.00032700        0.00608977       -0.00000000        0.00000000        0.00000000
     4569.        0.00610947       -0.00033295        0.00611853       -0.00000000        0.00000000        0.00000000
     4570.        0.00613800       -0.00033896        0.00614735       -0.00000000        0.00000000        0.00000000
     4571.        0.00616659       -0.00034504        0.00617624       -0.00000000        0.00000000        0.00000000
     4572.        0.00619520       -0.00035118        0.00620515       -0.00000000        0.00000000        0.00000000
     4573.        0.00622386       -0.00035739        0.00623411       -0.00000000        0.00000000        0.00000000
     4574.        0.00625261       -0.00036367        0.00626318       -0.00000000        0.00000000        0.00000000
     4575.        0.00628138       -0.00037002        0.00629227       -0.00000000        0.00000000        0.00000000
     4576.        0.00631017       -0.00037644        0.00632138       -0.00000000        0.00000000        0.00000000
     4577.        0.00633904       -0.00038294        0.00635060       -0.00000000        0.00000000        0.00000000
     4578.        0.00636797       -0.00038952        0.00637987       -0.00000000        0.00000000        0.00000000
     4579.        0.00639691       -0.00039618        0.00640917       -0.00000000        0.00000000        0.00000000
     4580.        0.00642594       -0.00040292        0.00643856       -0.00000000        0.00000000        0.00000000
     4581.        0.00645500       -0.00040975        0.00646799       -0.00000000        0.00000000        0.00000000
     4582.        0.00648410       -0.00041667        0.00649747       -0.00000000        0.00000000        0.00000000
     4583.        0.00651326       -0.00042367        0.00652702       -0.00000000        0.00000000        0.00000000
     4584.        0.00654243       -0.00043077        0.00655660       -0.00000000        0.00000000        0.00000000
     4585.        0.00657166       -0.00043797        0.00658624       -0.00000000        0.00000000        0.00000000
     4586.        0.00660094       -0.00044525        0.00661594       -0.00000000        0.00000000        0.00000000
     4587.        0.00663024       -0.00045264        0.00664567       -0.00000000        0.00000000        0.00000000
     4588.        0.00665959       -0.00046013        0.00667547       -0.00000000        0.00000000        0.00000000
     4589.        0.00668896       -0.00046771        0.00670529       -0.00000000        0.00000000        0.00000000
     4590.        0.00671838       -0.00047539        0.00673518       -0.00000000        0.00000000        0.00000000
     4591.        0.00674782       -0.00048318        0.00676509       -0.00000000        0.00000000        0.00000000
     4592.        0.00677727       -0.00049106        0.00679504       -0.00000000        0.00000000        0.00000000
     4593.        0.00680675       -0.00049905        0.00682502       -0.00000000        0.00000000        0.00000000
     4594.        0.00683624       -0.00050714        0.00685502       -0.00000000        0.00000000        0.00000000
     4595.        0.00686574       -0.00051532        0.00688505       -0.00000000        0.00000000        0.00000000
     4596.        0.00689530       -0.00052361        0.00691515       -0.00000000        0.00000000        0.00000000
     4597.        0.00692484       -0.00053199        0.00694525       -0.00000000        0.00000000        0.00000000
     4598.        0.00695440       -0.00054048        0.00697537       -0.00000000        0.00000000        0.00000000
     4599.        0.00698397       -0.00054906        0.00700552       -0.00000000        0.00000000        0.00000000
     4600.        0.00701356       -0.00055774        0.00703570       -0.00000000        0.00000000        0.00000000
     4601.        0.00704316       -0.00056651        0.00706591       -0.00000000        0.00000000        0.00000000
     4602.        0.00707275       -0.00057538        0.00709611       -0.00000000        0.00000000        0.00000000
     4603.        0.00710238       -0.00058434        0.00712638       -0.00000000        0.00000000        0.00000000
     4604.        0.00713200       -0.00059340        0.00715664       -0.00000000        0.00000000        0.00000000
     4605.        0.00716159       -0.00060254        0.00718690       -0.00000000        0.00000000        0.00000000
     4606.        0.00719124       -0.00061177        0.00721722       -0.00000000        0.00000000        0.00000000
     4607.        0.00722086       -0.00062109        0.00724753       -0.00000000        0.00000000        0.00000000
     4608.        0.00725050       -0.00063050        0.00727787       -0.00000000        0.00000000        0.00000000
     4609.        0.00728016       -0.00064000        0.00730823       -0.00000000        0.00000000        0.00000000
     4610.        0.00730979       -0.00064958        0.00733860       -0.00000000        0.00000000        0.00000000
     4611.        0.00733944       -0.00065924        0.00736898       -0.00000000        0.00000000        0.00000000
     4612.        0.00736910       -0.00066899        0.00739940       -0.00000000        0.00000000        0.00000000
     4613.        0.00739877       -0.00067882        0.00742984       -0.00000000        0.00000000        0.00000000
     4614.        0.00742842       -0.00068873        0.00746028       -0.00000000        0.00000000        0.00000000
     4615.        0.00745812       -0.00069873        0.00749078       -0.00000000        0.00000000        0.00000000
     4616.        0.00748780       -0.00070881        0.00752127       -0.00000000        0.00000000        0.00000000
     4617.        0.00751749       -0.00071896        0.00755179       -0.00000000        0.00000000        0.00000000
     4618.        0.00754719       -0.00072921        0.00758234       -0.00000000        0.00000000        0.00000000
     4619.        0.00757691       -0.00073953        0.00761291       -0.00000000        0.00000000        0.00000000
     4620.        0.00760663       -0.00074994        0.00764351       -0.00000000        0.00000000        0.00000000
     4621.        0.00763637       -0.00076043        0.00767414       -0.00000000        0.00000000        0.00000000
     4622.        0.00766613       -0.00077101        0.00770480       -0.00000000        0.00000000        0.00000000
     4623.        0.00769589       -0.00078167        0.00773549       -0.00000000        0.00000000        0.00000000
     4624.        0.00772567       -0.00079241        0.00776620       -0.00000000        0.00000000        0.00000000
     4625.        0.00775545       -0.00080325        0.00779694       -0.00000000        0.00000000        0.00000000
     4626.        0.00778525       -0.00081416        0.00782771       -0.00000000        0.00000000        0.00000000
     4627.        0.00781506       -0.00082517        0.00785851       -0.00000000        0.00000000        0.00000000
     4628.        0.00784492       -0.00083627        0.00788937       -0.00000000        0.00000000        0.00000000
     4629.        0.00787476       -0.00084746        0.00792022       -0.00000000        0.00000000        0.00000000
     4630.        0.00790460       -0.00085873        0.00795111       -0.00000000        0.00000000        0.00000000
     4631.        0.00793445       -0.00087010        0.00798202       -0.00000000        0.00000000        0.00000000
     4632.        0.00796432       -0.00088157        0.00801296       -0.00000000        0.00000000        0.00000000
     4633.        0.00799423       -0.00089313        0.00804397       -0.00000000        0.00000000        0.00000000
     4634.        0.00802412       -0.00090478        0.00807497       -0.00000000        0.00000000        0.00000000
     4635.        0.00805401       -0.00091653        0.00810600       -0.00000000        0.00000000        0.00000000
     4636.        0.00808392       -0.00092838        0.00813705       -0.00000000        0.00000000        0.00000000
     4637.        0.00811383       -0.00094033        0.00816814       -0.00000000        0.00000000        0.00000000
     4638.        0.00814376       -0.00095237        0.00819926       -0.00000000        0.00000000        0.00000000
     4639.        0.00817369       -0.00096451        0.00823041       -0.00000000        0.00000000        0.00000000
     4640.        0.00820364       -0.00097676        0.00826158       -0.00000000        0.00000000        0.00000000
     4641.        0.00823359       -0.00098910        0.00829279       -0.00000000        0.00000000        0.00000000
     4642.        0.00826352       -0.00100154        0.00832399       -0.00000000        0.00000000        0.00000000
     4643.        0.00829345       -0.00101408        0.00835522       -0.00000000        0.00000000        0.00000000
     4644.        0.00832339       -0.00102673        0.00838648       -0.00000000        0.00000000        0.00000000
     4645.        0.00835331       -0.00103947        0.00841773       -0.00000000        0.00000000        0.00000000
     4646.        0.00838323       -0.00105232        0.00844902       -0.00000000        0.00000000        0.00000000
     4647.        0.00841316       -0.00106526        0.00848033       -0.00000000        0.00000000        0.00000000
     4648.        0.00844306       -0.00107831        0.00851164       -0.00000000        0.00000000        0.00000000
     4649.        0.00847296       -0.00109145        0.00854297       -0.00000000        0.00000000        0.00000000
     4650.        0.00850288       -0.00110470        0.00857434       -0.00000000        0.00000000        0.00000000
     4651.        0.00853276       -0.00111804        0.00860570       -0.00000000        0.00000000        0.00000000
     4652.        0.00856266       -0.00113148        0.00863709       -0.00000000        0.00000000        0.00000000
     4653.        0.00859252       -0.00114502        0.00866847       -0.00000000        0.00000000        0.00000000
     4654.        0.00862235       -0.00115865        0.00869985       -0.00000000        0.00000000        0.00000000
     4655.        0.00865218       -0.00117238        0.00873125       -0.00000000        0.00000000        0.00000000
     4656.        0.00868199       -0.00118620        0.00876265       -0.00000000        0.00000000        0.00000000
     4657.        0.00871180       -0.00120012        0.00879407       -0.00000000        0.00000000        0.00000000
     4658.        0.00874157       -0.00121413        0.00882549       -0.00000000        0.00000000        0.00000000
     4659.        0.00877136       -0.00122823        0.00885693       -0.00000000        0.00000000        0.00000000
     4660.        0.00880111       -0.00124242        0.00888837       -0.00000000        0.00000000        0.00000000
     4661.        0.00883083       -0.00125670        0.00891980       -0.00000000        0.00000000        0.00000000
     4662.        0.00886055       -0.00127107        0.00895125       -0.00000000        0.00000000        0.00000000
     4663.        0.00889024       -0.00128552        0.00898270       -0.00000000        0.00000000        0.00000000
     4664.        0.00891993       -0.00130006        0.00901418       -0.00000000        0.00000000        0.00000000
     4665.        0.00894959       -0.00131469        0.00904564       -0.00000000        0.00000000        0.00000000
     4666.        0.00897922       -0.00132939        0.00907710       -0.00000000        0.00000000        0.00000000
     4667.        0.00900885       -0.00134418        0.00910858       -0.00000000        0.00000000        0.00000000
     4668.        0.00903844       -0.00135906        0.00914005       -0.00000000        0.00000000        0.00000000
     4669.        0.00906804       -0.00137401        0.00917155       -0.00000000        0.00000000        0.00000000
     4670.        0.00909761       -0.00138904        0.00920304       -0.00000000        0.00000000        0.00000000
     4671.        0.00912717       -0.00140415        0.00923455       -0.00000000        0.00000000        0.00000000
     4672.        0.00915670       -0.00141933        0.00926605       -0.00000000        0.00000000        0.00000000
     4673.        0.00918624       -0.00143460        0.00929758       -0.00000000        0.00000000        0.00000000
     4674.        0.00921577       -0.00144994        0.00932914       -0.00000000        0.00000000        0.00000000
     4675.        0.00924527       -0.00146535        0.00936068       -0.00000000        0.00000000        0.00000000
     4676.        0.00927478       -0.00148084        0.00939225       -0.00000000        0.00000000        0.00000000
     4677.        0.00930428       -0.00149641        0.00942385       -0.00000000        0.00000000        0.00000000
     4678.        0.00933375       -0.00151205        0.00945543       -0.00000000        0.00000000        0.00000000
     4679.        0.00936322       -0.00152777        0.00948704       -0.00000000        0.00000000        0.00000000
     4680.        0.00939269       -0.00154356        0.00951867       -0.00000000        0.00000000        0.00000000
     4681.        0.00942216       -0.00155942        0.00955033       -0.00000000        0.00000000        0.00000000
     4682.        0.00945159       -0.00157536        0.00958198       -0.00000000        0.00000000        0.00000000
     4683.        0.00948107       -0.00159137        0.00961369       -0.00000000        0.00000000        0.00000000
     4684.        0.00951050       -0.00160746        0.00964539       -0.00000000        0.00000000        0.00000000
     4685.        0.00953998       -0.00162363        0.00967716       -0.00000000        0.00000000        0.00000000
     4686.        0.00956946       -0.00163987        0.00970895       -0.00000000        0.00000000        0.00000000
     4687.        0.00959890       -0.00165620        0.00974073       -0.00000000        0.00000000        0.00000000
     4688.        0.00962837       -0.00167260        0.00977257       -0.00000000        0.00000000        0.00000000
     4689.        0.00965785       -0.00168908        0.00980444       -0.00000000        0.00000000        0.00000000
     4690.        0.00968733       -0.00170564        0.00983634       -0.00000000        0.00000000        0.00000000
     4691.        0.00971681       -0.00172228        0.00986826       -0.00000000        0.00000000        0.00000000
     4692.        0.00974629       -0.00173900        0.00990022       -0.00000000        0.00000000        0.00000000
     4693.        0.00977581       -0.00175581        0.00993223       -0.00000000        0.00000000        0.00000000
     4694.        0.00980532       -0.00177271        0.00996428       -0.00000000        0.00000000        0.00000000
     4695.        0.00983484       -0.00178969        0.00999635       -0.00000000        0.00000000        0.00000000
     4696.        0.00986436       -0.00180676        0.01002846       -0.00000000        0.00000000        0.00000000
     4697.        0.00989391       -0.00182392        0.01006063       -0.00000000        0.00000000        0.00000000
     4698.        0.00992347       -0.00184118        0.01009283       -0.00000000        0.00000000        0.00000000
     4699.        0.00995306       -0.00185853        0.01012510       -0.00000000        0.00000000        0.00000000
     4700.        0.00998266       -0.00187597        0.01015740       -0.00000000        0.00000000        0.00000000
     4701.        0.01001225       -0.00189351        0.01018973       -0.00000000        0.00000000        0.00000000
     4702.        0.01004184       -0.00191115        0.01022209       -0.00000000        0.00000000        0.00000000
     4703.        0.01007147       -0.00192889        0.01025452       -0.00000000        0.00000000        0.00000000
     4704.        0.01010110       -0.00194674        0.01028698       -0.00000000        0.00000000        0.00000000
     4705.        0.01013072       -0.00196469        0.01031947       -0.00000000        0.00000000        0.00000000
     4706.        0.01016039       -0.00198275        0.01035204       -0.00000000        0.00000000        0.00000000
     4707.        0.01019005       -0.00200091        0.01038464       -0.00000000        0.00000000        0.00000000
     4708.        0.01021975       -0.00201919        0.01041732       -0.00000000        0.00000000        0.00000000
     4709.        0.01024941       -0.00203758        0.01044999       -0.00000000        0.00000000        0.00000000
     4710.        0.01027911       -0.00205608        0.01048273       -0.00000000        0.00000000        0.00000000
     4711.        0.01030885       -0.00207470        0.01051555       -0.00000000        0.00000000        0.00000000
     4712.        0.01033854       -0.00209344        0.01054836       -0.00000000        0.00000000        0.00000000
     4713.        0.01036827       -0.00211229        0.01058125       -0.00000000        0.00000000        0.00000000
     4714.        0.01039796       -0.00213127        0.01061414       -0.00000000        0.00000000        0.00000000
     4715.        0.01042769       -0.00215037        0.01064710       -0.00000000        0.00000000        0.00000000
     4716.        0.01045741       -0.00216959        0.01068010       -0.00000000        0.00000000        0.00000000
     4717.        0.01048717       -0.00218894        0.01071318       -0.00000000        0.00000000        0.00000000
     4718.        0.01051689       -0.00220842        0.01074626       -0.00000000        0.00000000        0.00000000
     4719.        0.01054660       -0.00222802        0.01077937       -0.00000000        0.00000000        0.00000000
     4720.        0.01057631       -0.00224776        0.01081253       -0.00000000        0.00000000        0.00000000
     4721.        0.01060602       -0.00226762        0.01084572       -0.00000000        0.00000000        0.00000000
     4722.        0.01063572       -0.00228762        0.01087896       -0.00000000        0.00000000        0.00000000
     4723.        0.01066538       -0.00230775        0.01091219       -0.00000000        0.00000000        0.00000000
     4724.        0.01069507       -0.00232801        0.01094551       -0.00000000        0.00000000        0.00000000
     4725.        0.01072472       -0.00234841        0.01097883       -0.00000000        0.00000000        0.00000000
     4726.        0.01075437       -0.00236895        0.01101219       -0.00000000        0.00000000        0.00000000
     4727.        0.01078401       -0.00238961        0.01104559       -0.00000000        0.00000000        0.00000000
     4728.        0.01081360       -0.00241042        0.01107899       -0.00000000        0.00000000        0.00000000
     4729.        0.01084319       -0.00243136        0.01111244       -0.00000000        0.00000000        0.00000000
     4730.        0.01087273       -0.00245244        0.01114589       -0.00000000        0.00000000        0.00000000
     4731.        0.01090227       -0.00247366        0.01117938       -0.00000000        0.00000000        0.00000000
     4732.        0.01093176       -0.00249502        0.01121287       -0.00000000        0.00000000        0.00000000
     4733.        0.01096124       -0.00251651        0.01124641       -0.00000000        0.00000000        0.00000000
     4734.        0.01099068       -0.00253814        0.01127995       -0.00000000        0.00000000        0.00000000
     4735.        0.01102007       -0.00255991        0.01131349       -0.00000000        0.00000000        0.00000000
     4736.        0.01104941       -0.00258182        0.01134704       -0.00000000        0.00000000        0.00000000
     4737.        0.01107874       -0.00260386        0.01138063       -0.00000000        0.00000000        0.00000000
     4738.        0.01110803       -0.00262604        0.01141422       -0.00000000        0.00000000        0.00000000
     4739.        0.01113727       -0.00264836        0.01144782       -0.00000000        0.00000000        0.00000000
     4740.        0.01116645       -0.00267081        0.01148142       -0.00000000        0.00000000        0.00000000
     4741.        0.01119559       -0.00269340        0.01151502       -0.00000000        0.00000000        0.00000000
     4742.        0.01122468       -0.00271613        0.01154862       -0.00000000        0.00000000        0.00000000
     4743.        0.01125372       -0.00273898        0.01158223       -0.00000000        0.00000000        0.00000000
     4744.        0.01128266       -0.00276197        0.01161580       -0.00000000        0.00000000        0.00000000
     4745.        0.01131160       -0.00278509        0.01164942       -0.00000000        0.00000000        0.00000000
     4746.        0.01134048       -0.00280834        0.01168303       -0.00000000        0.00000000        0.00000000
     4747.        0.01136927       -0.00283172        0.01171661       -0.00000000        0.00000000        0.00000000
     4748.        0.01139801       -0.00285523        0.01175019       -0.00000000        0.00000000        0.00000000
     4749.        0.01142670       -0.00287886        0.01178378       -0.00000000        0.00000000        0.00000000
