     4151.       -0.00000713       -0.00092034        0.00092037        0.00000000       -0.00000000        0.00000000
     4152.       -0.00000332       -0.00042025        0.00042026        0.00000000       -0.00000000        0.00000000
     4153.       -0.00000064       -0.00007949        0.00007949        0.00000000       -0.00000000        0.00000000
     4154.        0.00007816       -0.00000066        0.00007816       -0.00000000        0.00000000        0.00000000
     4155.        0.00039950       -0.00000352        0.00039952       -0.00000000        0.00000000        0.00000000
     4156.        0.00084536       -0.00000775        0.00084540       -0.00000000        0.00000000        0.00000000
     4157.        0.00137828       -0.00001374        0.00137835       -0.00000001        0.00000000        0.00000001
     4158.        0.00197655       -0.00002186        0.00197668       -0.00000001        0.00000000        0.00000001
     4159.        0.00262804       -0.00003007        0.00262822       -0.00000001        0.00000000        0.00000001
     4160.        0.00332485       -0.00004011        0.00332509       -0.00000001        0.00000000        0.00000001
     4161.        0.00405855       -0.00005358        0.00405891       -0.00000001        0.00000000        0.00000001
     4162.        0.00482133       -0.00007020        0.00482184       -0.00000001        0.00000000        0.00000001
     4163.        0.00560791       -0.00008747        0.00560859       -0.00000001        0.00000000        0.00000001
     4164.        0.00641690       -0.00010422        0.00641774       -0.00000001        0.00000000        0.00000001
     4165.        0.00724668       -0.00012201        0.00724771       -0.00000001        0.00000000        0.00000001
     4166.        0.00809435       -0.00014282        0.00809561       -0.00000002        0.00000000        0.00000002
     4167.        0.00895619       -0.00016781        0.00895776       -0.00000002        0.00000000        0.00000002
     4168.        0.00982844       -0.00019715        0.00983042       -0.00000002        0.00000000        0.00000002
     4169.        0.01070783       -0.00022980        0.01071029       -0.00000002        0.00000000        0.00000002
     4170.        0.01159217       -0.00026387        0.01159517       -0.00000002        0.00000000        0.00000002
     4171.        0.01248129       -0.00029766        0.01248484       -0.00000002        0.00000000        0.00000002
     4172.        0.01337570       -0.00033069        0.01337979       -0.00000002        0.00000000        0.00000002
     4173.        0.01427592       -0.00036374        0.01428055       -0.00000002        0.00000000        0.00000002
     4174.        0.01518175       -0.00039824        0.01518698       -0.00000002        0.00000000        0.00000002
     4175.        0.01609207       -0.00043559        0.01609796       -0.00000002        0.00000000        0.00000002
     4176.        0.01700536       -0.00047682        0.01701204       -0.00000002        0.00000000        0.00000002
     4177.        0.01791980       -0.00052244        0.01792741       -0.00000003        0.00000000        0.00000003
     4178.        0.01883363       -0.00057241        0.01884233       -0.00000003        0.00000000        0.00000003
     4179.        0.01974532       -0.00062619        0.01975524       -0.00000003        0.00000000        0.00000003
     4180.        0.02065348       -0.00068275        0.02066476       -0.00000003        0.00000000        0.00000003
     4181.        0.02155777       -0.00074085        0.02157049       -0.00000003        0.00000000        0.00000003
     4182.        0.02245802       -0.00079930        0.02247223       -0.00000003        0.00000000        0.00000003
     4183.        0.02335486       -0.00085723        0.02337059       -0.00000003        0.00000000        0.00000003
     4184.        0.02424926       -0.00091429        0.02426649       -0.00000003        0.00000000        0.00000003
     4185.        0.02514195       -0.00097070        0.02516068       -0.00000003        0.00000000        0.00000003
     4186.        0.02603365       -0.00102705        0.02605390       -0.00000003        0.00000000        0.00000003
     4187.        0.02692465       -0.00108420        0.02694647       -0.00000003        0.00000000        0.00000003
     4188.        0.02781495       -0.00114304        0.02783843       -0.00000003        0.00000000        0.00000003
     4189.        0.02870408       -0.00120441        0.02872934       -0.00000003        0.00000000        0.00000003
     4190.        0.02959157       -0.00126894        0.02961877       -0.00000003        0.00000000        0.00000003
     4191.        0.03047661       -0.00133708        0.03050593       -0.00000003        0.00000000        0.00000003
     4192.        0.03135845       -0.00140899        0.03139009       -0.00000003        0.00000000        0.00000003
     4193.        0.03223616       -0.00148462        0.03227033       -0.00000003        0.00000000        0.00000003
     4194.        0.03310928       -0.00156368        0.03314619       -0.00000004        0.00000000        0.00000004
     4195.        0.03397696       -0.00164567        0.03401679       -0.00000004        0.00000000        0.00000004
     4196.        0.03483902       -0.00172997        0.03488195       -0.00000004        0.00000000        0.00000004
     4197.        0.03569521       -0.00181586        0.03574137       -0.00000004        0.00000000        0.00000004
     4198.        0.03654559       -0.00190262        0.03659508       -0.00000004        0.00000000        0.00000004
     4199.        0.03739055       -0.00198960        0.03744344       -0.00000004        0.00000000        0.00000004
     4200.        0.03823052       -0.00207626        0.03828686       -0.00000004        0.00000000        0.00000004
     4201.        0.03906620       -0.00216229        0.03912599       -0.00000004        0.00000000        0.00000004
     4202.        0.03989820       -0.00224753        0.03996145       -0.00000004        0.00000000        0.00000004
     4203.        0.04072741       -0.00233205        0.04079412       -0.00000004        0.00000000        0.00000004
     4204.        0.04155412       -0.00241610        0.04162430       -0.00000004        0.00000000        0.00000004
     4205.        0.04237919       -0.00250005        0.04245287       -0.00000004        0.00000000        0.00000004
     4206.        0.04320276       -0.00258438        0.04327999       -0.00000004        0.00000000        0.00000004
     4207.        0.04402512       -0.00266960        0.04410598       -0.00000004        0.00000000        0.00000004
     4208.        0.04484643       -0.00275623        0.04493105       -0.00000004        0.00000000        0.00000004
     4209.        0.04566655       -0.00284474        0.04575507       -0.00000004        0.00000000        0.00000004
     4210.        0.04648535       -0.00293556        0.04657795       -0.00000004        0.00000000        0.00000004
     4211.        0.04730280       -0.00302904        0.04739968       -0.00000004        0.00000000        0.00000004
     4212.        0.04811831       -0.00312541        0.04821971       -0.00000004        0.00000000        0.00000004
     4213.        0.04893186       -0.00322482        0.04903801       -0.00000004        0.00000000        0.00000004
     4214.        0.04974295       -0.00332731        0.04985410       -0.00000004        0.00000000        0.00000004
     4215.        0.05055131       -0.00343285        0.05066774       -0.00000004        0.00000000        0.00000004
     4216.        0.05135658       -0.00354127        0.05147853       -0.00000004        0.00000000        0.00000004
     4217.        0.05215870       -0.00365238        0.05228642       -0.00000004        0.00000000        0.00000004
     4218.        0.05295730       -0.00376586        0.05309103       -0.00000004        0.00000000        0.00000004
     4219.        0.05375258       -0.00388139        0.05389253       -0.00000004        0.00000000        0.00000004
     4220.        0.05454415       -0.00399862        0.05469052       -0.00000004        0.00000000        0.00000004
     4221.        0.05533248       -0.00411713        0.05548544       -0.00000005        0.00000000        0.00000005
     4222.        0.05611744       -0.00423657        0.05627713       -0.00000005        0.00000000        0.00000005
     4223.        0.05689939       -0.00435657        0.05706593       -0.00000005        0.00000000        0.00000005
     4224.        0.05767885       -0.00447685        0.05785233       -0.00000005        0.00000000        0.00000005
     4225.        0.05845596       -0.00459716        0.05863645       -0.00000005        0.00000000        0.00000005
     4226.        0.05923114       -0.00471732        0.05941869       -0.00000005        0.00000000        0.00000005
     4227.        0.06000507       -0.00483722        0.06019973       -0.00000005        0.00000000        0.00000005
     4228.        0.06077820       -0.00495685        0.06097999       -0.00000005        0.00000000        0.00000005
     4229.        0.06155085       -0.00507624        0.06175982       -0.00000005        0.00000000        0.00000005
     4230.        0.06232352       -0.00519552        0.06253970       -0.00000005        0.00000000        0.00000005
     4231.        0.06309681       -0.00531487        0.06332026       -0.00000005        0.00000000        0.00000005
     4232.        0.06387083       -0.00543452        0.06410162       -0.00000005        0.00000000        0.00000005
     4233.        0.06464611       -0.00555474        0.06488431       -0.00000005        0.00000000        0.00000005
     4234.        0.06542288       -0.00567583        0.06566862       -0.00000005        0.00000000        0.00000005
     4235.        0.06620129       -0.00579809        0.06645471       -0.00000005        0.00000000        0.00000005
     4236.        0.06698159       -0.00592185        0.06724286       -0.00000005        0.00000000        0.00000005
     4237.        0.06776393       -0.00604741        0.06803324       -0.00000005        0.00000000        0.00000005
     4238.        0.06854831       -0.00617508        0.06882589       -0.00000005        0.00000000        0.00000005
     4239.        0.06933487       -0.00630511        0.06962096       -0.00000005        0.00000000        0.00000005
     4240.        0.07012333       -0.00643776        0.07041822       -0.00000005        0.00000000        0.00000005
     4241.        0.07091397       -0.00657323        0.07121797       -0.00000005        0.00000000        0.00000005
     4242.        0.07170666       -0.00671170        0.07202008       -0.00000005        0.00000000        0.00000005
     4243.        0.07250111       -0.00685332        0.07282430       -0.00000005        0.00000000        0.00000005
     4244.        0.07329760       -0.00699815        0.07363092       -0.00000005        0.00000000        0.00000005
     4245.        0.07409584       -0.00714630        0.07443966       -0.00000005        0.00000000        0.00000005
     4246.        0.07489569       -0.00729775        0.07525039       -0.00000005        0.00000001        0.00000005
     4247.        0.07569728       -0.00745250        0.07606325       -0.00000005        0.00000001        0.00000005
     4248.        0.07650061       -0.00761051        0.07687823       -0.00000005        0.00000001        0.00000005
     4249.        0.07730537       -0.00777171        0.07769504       -0.00000005        0.00000001        0.00000005
     4250.        0.07811185       -0.00793596        0.07851395       -0.00000005        0.00000001        0.00000005
     4251.        0.07892005       -0.00810317        0.07933496       -0.00000005        0.00000001        0.00000005
     4252.        0.07972996       -0.00827319        0.08015804       -0.00000005        0.00000001        0.00000005
     4253.        0.08054187       -0.00844586        0.08098349       -0.00000005        0.00000001        0.00000005
     4254.        0.08135564       -0.00862104        0.08181113       -0.00000005        0.00000001        0.00000005
     4255.        0.08217186       -0.00879856        0.08264157       -0.00000005        0.00000001        0.00000005
     4256.        0.08299039       -0.00897828        0.08347463       -0.00000005        0.00000001        0.00000005
     4257.        0.08381169       -0.00916004        0.08431077       -0.00000005        0.00000001        0.00000005
     4258.        0.08463625       -0.00934372        0.08515045       -0.00000005        0.00000001        0.00000006
     4259.        0.08546406       -0.00952925        0.08599368       -0.00000006        0.00000001        0.00000006
     4260.        0.08629578       -0.00971650        0.08684107       -0.00000006        0.00000001        0.00000006
     4261.        0.08713159       -0.00990546        0.08769283       -0.00000006        0.00000001        0.00000006
     4262.        0.08797214       -0.01009608        0.08854958       -0.00000006        0.00000001        0.00000006
     4263.        0.08881779       -0.01028840        0.08941170       -0.00000006        0.00000001        0.00000006
     4264.        0.08966906       -0.01048245        0.09027969       -0.00000006        0.00000001        0.00000006
     4265.        0.09052647       -0.01067831        0.09115409       -0.00000006        0.00000001        0.00000006
     4266.        0.09139041       -0.01087612        0.09203530       -0.00000006        0.00000001        0.00000006
     4267.        0.09226124       -0.01107601        0.09292370       -0.00000006        0.00000001        0.00000006
     4268.        0.09313985       -0.01127818        0.09382019       -0.00000006        0.00000001        0.00000006
     4269.        0.09402630       -0.01148283        0.09472487       -0.00000006        0.00000001        0.00000006
     4270.        0.09492150       -0.01169021        0.09563865       -0.00000006        0.00000001        0.00000006
     4271.        0.09582567       -0.01190058        0.09656181       -0.00000006        0.00000001        0.00000006
     4272.        0.09673925       -0.01211425        0.09749481       -0.00000006        0.00000001        0.00000006
     4273.        0.09766298       -0.01233152        0.09843843       -0.00000006        0.00000001        0.00000006
     4274.        0.09859713       -0.01255270        0.09939298       -0.00000006        0.00000001        0.00000006
     4275.        0.09954213       -0.01277817        0.10035894       -0.00000006        0.00000001        0.00000006
     4276.        0.10049858       -0.01300827        0.10133696       -0.00000006        0.00000001        0.00000006
     4277.        0.10146694       -0.01324336        0.10232755       -0.00000006        0.00000001        0.00000006
     4278.        0.10244765       -0.01348382        0.10333119       -0.00000006        0.00000001        0.00000006
     4279.        0.10344117       -0.01373004        0.10434841       -0.00000006        0.00000001        0.00000006
     4280.        0.10444779       -0.01398244        0.10537955       -0.00000006        0.00000001        0.00000006
     4281.        0.10546832       -0.01424135        0.10642548       -0.00000006        0.00000001        0.00000006
     4282.        0.10650305       -0.01450722        0.10748656       -0.00000006        0.00000001        0.00000006
     4283.        0.10755248       -0.01478043        0.10856333       -0.00000006        0.00000001        0.00000006
     4284.        0.10861724       -0.01506142        0.10965651       -0.00000006        0.00000001        0.00000006
     4285.        0.10969783       -0.01535057        0.11076666       -0.00000006        0.00000001        0.00000006
     4286.        0.11079492       -0.01564833        0.11189452       -0.00000006        0.00000001        0.00000006
     4287.        0.11190918       -0.01595513        0.11304084       -0.00000006        0.00000001        0.00000006
     4288.        0.11304113       -0.01627142        0.11420620       -0.00000006        0.00000001        0.00000006
     4289.        0.11419181       -0.01659767        0.11539173       -0.00000006        0.00000001        0.00000006
     4290.        0.11536174       -0.01693439        0.11659804       -0.00000006        0.00000001        0.00000007
     4291.        0.11655198       -0.01728210        0.11782629       -0.00000007        0.00000001        0.00000007
     4292.        0.11776362       -0.01764137        0.11907766       -0.00000007        0.00000001        0.00000007
     4293.        0.11899775       -0.01801288        0.12035335       -0.00000007        0.00000001        0.00000007
     4294.        0.12025584       -0.01839745        0.12165497       -0.00000007        0.00000001        0.00000007
     4295.        0.12153973       -0.01879598        0.12298453       -0.00000007        0.00000001        0.00000007
     4296.        0.12284874       -0.01921492        0.12434237       -0.00000007        0.00000001        0.00000007
     4297.        0.12418639       -0.01965426        0.12573206       -0.00000007        0.00000001        0.00000007
     4298.        0.12554705       -0.02009857        0.12714564       -0.00000007        0.00000001        0.00000007
     4299.        0.12693608       -0.02057944        0.12859347       -0.00000007        0.00000001        0.00000007
     4300.        0.12833759       -0.02106371        0.13005467       -0.00000007        0.00000001        0.00000007
     4301.        0.12978997       -0.02155917        0.13156837       -0.00000007        0.00000001        0.00000007
     4302.        0.13127915       -0.02208962        0.13312463       -0.00000007        0.00000001        0.00000007
     4303.        0.13279121       -0.02264849        0.13470880       -0.00000007        0.00000001        0.00000007
     4304.        0.13432838       -0.02321947        0.13632043       -0.00000007        0.00000001        0.00000007
     4305.        0.13591106       -0.02379774        0.13797880       -0.00000007        0.00000001        0.00000007
     4306.        0.13755234       -0.02439870        0.13969947       -0.00000007        0.00000001        0.00000007
     4307.        0.13924916       -0.02503507        0.14148174       -0.00000007        0.00000001        0.00000007
     4308.        0.14099685       -0.02571062        0.14332183       -0.00000007        0.00000001        0.00000008
     4309.        0.14279319       -0.02642343        0.14521740       -0.00000007        0.00000001        0.00000008
     4310.        0.14464128       -0.02716941        0.14717090       -0.00000008        0.00000001        0.00000008
     4311.        0.14655042       -0.02794460        0.14919090       -0.00000008        0.00000001        0.00000008
     4312.        0.14853547       -0.02874984        0.15129223       -0.00000008        0.00000001        0.00000008
     4313.        0.15061205       -0.02959275        0.15349176       -0.00000008        0.00000002        0.00000008
     4314.        0.15279443       -0.03048516        0.15580592       -0.00000008        0.00000002        0.00000008
     4315.        0.15509511       -0.03144040        0.15824978       -0.00000008        0.00000002        0.00000008
     4316.        0.15752753       -0.03247102        0.16083933       -0.00000008        0.00000002        0.00000008
     4317.        0.16011157       -0.03359070        0.16359722       -0.00000008        0.00000002        0.00000008
     4318.        0.16287843       -0.03481585        0.16655788       -0.00000008        0.00000002        0.00000008
     4319.        0.16588487       -0.03617162        0.16978273       -0.00000008        0.00000002        0.00000009
     4320.        0.16928658       -0.03770355        0.17343443       -0.00000009        0.00000002        0.00000009
     4321.        0.17316486       -0.03991054        0.17770459       -0.00000009        0.00000002        0.00000009
     4322.        0.17603034       -0.04294218        0.18119247       -0.00000009        0.00000002        0.00000009
     4323.        0.18033345       -0.04606496        0.18612397       -0.00000009        0.00000002        0.00000009
     4324.        0.18276198       -0.05087597        0.18971111       -0.00000009        0.00000003        0.00000009
     4325.        0.18483766       -0.05361505        0.19245657       -0.00000009        0.00000003        0.00000010
     4326.        0.18864759       -0.05731703        0.19716276       -0.00000009        0.00000003        0.00000010
     4327.        0.19185983       -0.06297888        0.20193201       -0.00000009        0.00000003        0.00000010
     4328.        0.19301670       -0.06916013        0.20503309       -0.00000009        0.00000003        0.00000010
     4329.        0.19302683       -0.07385798        0.20667452       -0.00000009        0.00000004        0.00000010
     4330.        0.19397120       -0.07751211        0.20888502       -0.00000009        0.00000004        0.00000010
     4331.        0.19597542       -0.08184662        0.21237993       -0.00000010        0.00000004        0.00000010
     4332.        0.19794065       -0.08757765        0.21644941       -0.00000010        0.00000004        0.00000010
     4333.        0.19881457       -0.09443460        0.22010254       -0.00000010        0.00000005        0.00000011
     4334.        0.19802390       -0.10154696        0.22254269       -0.00000010        0.00000005        0.00000011
     4335.        0.19576349       -0.10786596        0.22351378       -0.00000009        0.00000005        0.00000011
     4336.        0.19292663       -0.11281980        0.22349271       -0.00000009        0.00000005        0.00000011
     4337.        0.19045794       -0.11667084        0.22335244       -0.00000009        0.00000006        0.00000011
     4338.        0.18874377       -0.12017021        0.22375230       -0.00000009        0.00000006        0.00000011
     4339.        0.18757674       -0.12398541        0.22484976       -0.00000009        0.00000006        0.00000011
     4340.        0.18646324       -0.12842597        0.22641063       -0.00000009        0.00000006        0.00000011
     4341.        0.18489799       -0.13344907        0.22802614       -0.00000009        0.00000006        0.00000011
     4342.        0.18251788       -0.13876194        0.22927637       -0.00000009        0.00000007        0.00000011
     4343.        0.17917856       -0.14393842        0.22983304       -0.00000008        0.00000007        0.00000011
     4344.        0.17497889       -0.14854607        0.22952897       -0.00000008        0.00000007        0.00000011
     4345.        0.17022458       -0.15227133        0.22839213       -0.00000008        0.00000007        0.00000011
     4346.        0.16532542       -0.15500908        0.22662813       -0.00000008        0.00000007        0.00000011
     4347.        0.16066229       -0.15687132        0.22454617       -0.00000007        0.00000007        0.00000010
     4348.        0.15648331       -0.15812098        0.22246184       -0.00000007        0.00000007        0.00000010
     4349.        0.15286557       -0.15906760        0.22061365       -0.00000007        0.00000007        0.00000010
     4350.        0.14974140       -0.15997919        0.21912514       -0.00000007        0.00000007        0.00000010
     4351.        0.14695312       -0.16103311        0.21800661       -0.00000007        0.00000007        0.00000010
     4352.        0.14431119       -0.16230508        0.21718347       -0.00000007        0.00000007        0.00000010
     4353.        0.14163924       -0.16378218        0.21653239       -0.00000006        0.00000007        0.00000010
     4354.        0.13880059       -0.16538588        0.21591223       -0.00000006        0.00000008        0.00000010
     4355.        0.13571446       -0.16699828        0.21519025       -0.00000006        0.00000008        0.00000010
     4356.        0.13235819       -0.16848866        0.21425947       -0.00000006        0.00000008        0.00000010
     4357.        0.12876508       -0.16973459        0.21304994       -0.00000006        0.00000008        0.00000010
     4358.        0.12501118       -0.17064154        0.21153328       -0.00000006        0.00000008        0.00000009
     4359.        0.12120110       -0.17115439        0.20972251       -0.00000005        0.00000008        0.00000009
     4360.        0.11744824       -0.17126250        0.20766544       -0.00000005        0.00000008        0.00000009
     4361.        0.11385846       -0.17099675        0.20543524       -0.00000005        0.00000008        0.00000009
     4362.        0.11051510       -0.17042036        0.20311742       -0.00000005        0.00000008        0.00000009
     4363.        0.10747212       -0.16961649        0.20079843       -0.00000005        0.00000008        0.00000009
     4364.        0.10475117       -0.16867510        0.19855503       -0.00000005        0.00000007        0.00000009
     4365.        0.10234503       -0.16768126        0.19644722       -0.00000005        0.00000007        0.00000009
     4366.        0.10022337       -0.16670749        0.19451507       -0.00000004        0.00000007        0.00000009
     4367.        0.09834043       -0.16580839        0.19277775       -0.00000004        0.00000007        0.00000008
     4368.        0.09664193       -0.16501965        0.19123584       -0.00000004        0.00000007        0.00000008
     4369.        0.09507229       -0.16435853        0.18987487       -0.00000004        0.00000007        0.00000008
     4370.        0.09357832       -0.16382563        0.18866833       -0.00000004        0.00000007        0.00000008
     4371.        0.09211458       -0.16340912        0.18758368       -0.00000004        0.00000007        0.00000008
     4372.        0.09064370       -0.16308659        0.18658380       -0.00000004        0.00000007        0.00000008
     4373.        0.08913905       -0.16282961        0.18563203       -0.00000004        0.00000007        0.00000008
     4374.        0.08758441       -0.16260664        0.18469420       -0.00000004        0.00000007        0.00000008
     4375.        0.08597390       -0.16238559        0.18374056       -0.00000004        0.00000007        0.00000008
     4376.        0.08431070       -0.16213661        0.18274730       -0.00000004        0.00000007        0.00000008
     4377.        0.08260528       -0.16183422        0.18169741       -0.00000004        0.00000007        0.00000008
     4378.        0.08087432       -0.16145762        0.18058023       -0.00000003        0.00000007        0.00000008
     4379.        0.07913822       -0.16099335        0.17939263       -0.00000003        0.00000007        0.00000008
     4380.        0.07741971       -0.16043441        0.17813762       -0.00000003        0.00000007        0.00000008
     4381.        0.07574101       -0.15978038        0.17682328       -0.00000003        0.00000007        0.00000007
     4382.        0.07412317       -0.15903678        0.17546208       -0.00000003        0.00000007        0.00000007
     4383.        0.07258433       -0.15821394        0.17406934       -0.00000003        0.00000007        0.00000007
     4384.        0.07113828       -0.15732659        0.17266242       -0.00000003        0.00000007        0.00000007
     4385.        0.06979536       -0.15639105        0.17125873       -0.00000003        0.00000007        0.00000007
     4386.        0.06856070       -0.15542549        0.16987540       -0.00000003        0.00000006        0.00000007
     4387.        0.06743519       -0.15444775        0.16852778       -0.00000003        0.00000006        0.00000007
     4388.        0.06641631       -0.15347493        0.16722943       -0.00000003        0.00000006        0.00000007
     4389.        0.06549742       -0.15252281        0.16599133       -0.00000003        0.00000006        0.00000007
     4390.        0.06466987       -0.15160395        0.16482097       -0.00000003        0.00000006        0.00000007
     4391.        0.06392273       -0.15072909        0.16372347       -0.00000003        0.00000006        0.00000007
     4392.        0.06324422       -0.14990614        0.16270121       -0.00000003        0.00000006        0.00000007
     4393.        0.06262148       -0.14914041        0.16175386       -0.00000003        0.00000006        0.00000007
     4394.        0.06204200       -0.14843383        0.16087825       -0.00000003        0.00000006        0.00000007
     4395.        0.06149364       -0.14778712        0.16007030       -0.00000003        0.00000006        0.00000007
     4396.        0.06096462       -0.14719782        0.15932320       -0.00000002        0.00000006        0.00000006
     4397.        0.06044528       -0.14666269        0.15863031       -0.00000002        0.00000006        0.00000006
     4398.        0.05992658       -0.14617599        0.15798296       -0.00000002        0.00000006        0.00000006
     4399.        0.05940091       -0.14573218        0.15737324       -0.00000002        0.00000006        0.00000006
     4400.        0.05886304       -0.14532367        0.15679230       -0.00000002        0.00000006        0.00000006
     4401.        0.05830821       -0.14494329        0.15623189       -0.00000002        0.00000006        0.00000006
     4402.        0.05773432       -0.14458331        0.15568425       -0.00000002        0.00000006        0.00000006
     4403.        0.05714003       -0.14423642        0.15514229       -0.00000002        0.00000006        0.00000006
     4404.        0.05652524       -0.14389500        0.15459908       -0.00000002        0.00000006        0.00000006
     4405.        0.05589184       -0.14355311        0.15404997       -0.00000002        0.00000006        0.00000006
     4406.        0.05524224       -0.14320449        0.15349016       -0.00000002        0.00000006        0.00000006
     4407.        0.05457938       -0.14284434        0.15291636       -0.00000002        0.00000006        0.00000006
     4408.        0.05390776       -0.14246833        0.15232621       -0.00000002        0.00000006        0.00000006
     4409.        0.05323139       -0.14207361        0.15171846       -0.00000002        0.00000006        0.00000006
     4410.        0.05255508       -0.14165805        0.15109282       -0.00000002        0.00000006        0.00000006
     4411.        0.05188370       -0.14122078        0.15045008       -0.00000002        0.00000006        0.00000006
     4412.        0.05122190       -0.14076118        0.14979117       -0.00000002        0.00000006        0.00000006
     4413.        0.05057435       -0.14028041        0.14911861       -0.00000002        0.00000005        0.00000006
     4414.        0.04994477       -0.13977990        0.14843484       -0.00000002        0.00000005        0.00000006
     4415.        0.04933665       -0.13926161        0.14774268       -0.00000002        0.00000005        0.00000006
     4416.        0.04875348       -0.13872826        0.14704568       -0.00000002        0.00000005        0.00000006
     4417.        0.04819726       -0.13818315        0.14634739       -0.00000002        0.00000005        0.00000006
     4418.        0.04767001       -0.13762933        0.14565117       -0.00000002        0.00000005        0.00000006
     4419.        0.04717271       -0.13707066        0.14496079       -0.00000002        0.00000005        0.00000006
     4420.        0.04670584       -0.13651025        0.14427918       -0.00000002        0.00000005        0.00000006
     4421.        0.04626962       -0.13595227        0.14361023       -0.00000002        0.00000005        0.00000006
     4422.        0.04586298       -0.13539939        0.14295596       -0.00000002        0.00000005        0.00000005
     4423.        0.04548508       -0.13485505        0.14231928       -0.00000002        0.00000005        0.00000005
     4424.        0.04513404       -0.13432222        0.14170230       -0.00000002        0.00000005        0.00000005
     4425.        0.04480847       -0.13380337        0.14110684       -0.00000002        0.00000005        0.00000005
     4426.        0.04450540       -0.13330046        0.14053378       -0.00000002        0.00000005        0.00000005
     4427.        0.04422316       -0.13281519        0.13998415       -0.00000002        0.00000005        0.00000005
     4428.        0.04395872       -0.13234929        0.13945861       -0.00000002        0.00000005        0.00000005
     4429.        0.04370957       -0.13190371        0.13895724       -0.00000002        0.00000005        0.00000005
     4430.        0.04347265       -0.13147860        0.13847921       -0.00000002        0.00000005        0.00000005
     4431.        0.04324592       -0.13107465        0.13802454       -0.00000002        0.00000005        0.00000005
     4432.        0.04302627       -0.13069122        0.13759162       -0.00000002        0.00000005        0.00000005
     4433.        0.04281110       -0.13032847        0.13717981       -0.00000002        0.00000005        0.00000005
     4434.        0.04259856       -0.12998522        0.13678740       -0.00000002        0.00000005        0.00000005
     4435.        0.04238602       -0.12966027        0.13641246       -0.00000002        0.00000005        0.00000005
     4436.        0.04217188       -0.12935296        0.13605387       -0.00000002        0.00000005        0.00000005
     4437.        0.04195426       -0.12906154        0.13570940       -0.00000002        0.00000005        0.00000005
     4438.        0.04173180       -0.12878451        0.13537723       -0.00000002        0.00000005        0.00000005
     4439.        0.04150286       -0.12852037        0.13505544       -0.00000002        0.00000005        0.00000005
     4440.        0.04126688       -0.12826678        0.13474169       -0.00000002        0.00000005        0.00000005
     4441.        0.04102275       -0.12802247        0.13443444       -0.00000002        0.00000005        0.00000005
     4442.        0.04077041       -0.12778563        0.13413200       -0.00000002        0.00000005        0.00000005
     4443.        0.04050902       -0.12755386        0.13383186       -0.00000001        0.00000005        0.00000005
     4444.        0.04023908       -0.12732612        0.13353323       -0.00000001        0.00000005        0.00000005
     4445.        0.03996054       -0.12710028        0.13323410       -0.00000001        0.00000005        0.00000005
     4446.        0.03967338       -0.12687500        0.13293322       -0.00000001        0.00000005        0.00000005
     4447.        0.03937891       -0.12664864        0.13262947       -0.00000001        0.00000005        0.00000005
     4448.        0.03907711       -0.12641986        0.13232158       -0.00000001        0.00000005        0.00000005
     4449.        0.03876932       -0.12618727        0.13200867       -0.00000001        0.00000005        0.00000005
     4450.        0.03845635       -0.12595005        0.13169019       -0.00000001        0.00000005        0.00000005
     4451.        0.03813872       -0.12570735        0.13136552       -0.00000001        0.00000005        0.00000005
     4452.        0.03781836       -0.12545805        0.13103416       -0.00000001        0.00000005        0.00000005
     4453.        0.03749555       -0.12520213        0.13069618       -0.00000001        0.00000005        0.00000005
     4454.        0.03717194       -0.12493874        0.13035123       -0.00000001        0.00000004        0.00000005
     4455.        0.03684867       -0.12466757        0.12999933       -0.00000001        0.00000004        0.00000005
     4456.        0.03652685       -0.12438914        0.12964131       -0.00000001        0.00000004        0.00000005
     4457.        0.03620707       -0.12410288        0.12927675       -0.00000001        0.00000004        0.00000005
     4458.        0.03589104       -0.12380932        0.12890661       -0.00000001        0.00000004        0.00000005
     4459.        0.03557878       -0.12350870        0.12853112       -0.00000001        0.00000004        0.00000005
     4460.        0.03527174       -0.12320158        0.12815118       -0.00000001        0.00000004        0.00000005
     4461.        0.03496996       -0.12288877        0.12776756       -0.00000001        0.00000004        0.00000005
     4462.        0.03467262       -0.12257083        0.12738053       -0.00000001        0.00000004        0.00000005
     4463.        0.03437723       -0.12224519        0.12698693       -0.00000001        0.00000004        0.00000004
     4464.        0.03409768       -0.12190419        0.12658311       -0.00000001        0.00000004        0.00000004
     4465.        0.03381677       -0.12156534        0.12618124       -0.00000001        0.00000004        0.00000004
     4466.        0.03355724       -0.12120594        0.12576553       -0.00000001        0.00000004        0.00000004
     4467.        0.03331666       -0.12086149        0.12536945       -0.00000001        0.00000004        0.00000004
     4468.        0.03307259       -0.12051525        0.12497088       -0.00000001        0.00000004        0.00000004
     4469.        0.03283848       -0.12015637        0.12456291       -0.00000001        0.00000004        0.00000004
     4470.        0.03262669       -0.11979252        0.12415615       -0.00000001        0.00000004        0.00000004
     4471.        0.03243422       -0.11943805        0.12376359       -0.00000001        0.00000004        0.00000004
     4472.        0.03224880       -0.11909534        0.12338429       -0.00000001        0.00000004        0.00000004
     4473.        0.03206587       -0.11875609        0.12300907       -0.00000001        0.00000004        0.00000004
     4474.        0.03188921       -0.11841546        0.12263418       -0.00000001        0.00000004        0.00000004
     4475.        0.03172262       -0.11807372        0.12226091       -0.00000001        0.00000004        0.00000004
     4476.        0.03156934       -0.11773380        0.12189287       -0.00000001        0.00000004        0.00000004
     4477.        0.03143034       -0.11739978        0.12153425       -0.00000001        0.00000004        0.00000004
     4478.        0.03130277       -0.11707577        0.12118828       -0.00000001        0.00000004        0.00000004
     4479.        0.03118293       -0.11676302        0.12085519       -0.00000001        0.00000004        0.00000004
     4480.        0.03106678       -0.11646072        0.12053317       -0.00000001        0.00000004        0.00000004
     4481.        0.03095316       -0.11616662        0.12021972       -0.00000001        0.00000004        0.00000004
     4482.        0.03084153       -0.11587842        0.11991250       -0.00000001        0.00000004        0.00000004
     4483.        0.03073305       -0.11559587        0.11961156       -0.00000001        0.00000004        0.00000004
     4484.        0.03062835       -0.11531815        0.11931626       -0.00000001        0.00000004        0.00000004
     4485.        0.03052773       -0.11504587        0.11902728       -0.00000001        0.00000004        0.00000004
     4486.        0.03043183       -0.11477997        0.11874568       -0.00000001        0.00000004        0.00000004
     4487.        0.03033978       -0.11452108        0.11847185       -0.00000001        0.00000004        0.00000004
     4488.        0.03025131       -0.11427044        0.11820692       -0.00000001        0.00000004        0.00000004
     4489.        0.03016495       -0.11402841        0.11795084       -0.00000001        0.00000004        0.00000004
     4490.        0.03007925       -0.11379503        0.11770332       -0.00000001        0.00000004        0.00000004
     4491.        0.02999301       -0.11356978        0.11746351       -0.00000001        0.00000004        0.00000004
     4492.        0.02990475       -0.11335211        0.11723052       -0.00000001        0.00000004        0.00000004
     4493.        0.02981430       -0.11314118        0.11700350       -0.00000001        0.00000004        0.00000004
     4494.        0.02972086       -0.11293554        0.11678084       -0.00000001        0.00000004        0.00000004
     4495.        0.02962432       -0.11273462        0.11656198       -0.00000001        0.00000004        0.00000004
     4496.        0.02952475       -0.11253756        0.11634610       -0.00000001        0.00000004        0.00000004
     4497.        0.02942224       -0.11234350        0.11613238       -0.00000001        0.00000004        0.00000004
     4498.        0.02931705       -0.11215245        0.11592092       -0.00000001        0.00000004        0.00000004
     4499.        0.02920934       -0.11196323        0.11571063       -0.00000001        0.00000004        0.00000004
     4500.        0.02909933       -0.11177647        0.11550216       -0.00000001        0.00000004        0.00000004
     4501.        0.02898711       -0.11159128        0.11529470       -0.00000001        0.00000004        0.00000004
     4502.        0.02887275       -0.11140769        0.11508826       -0.00000001        0.00000004        0.00000004
     4503.        0.02875624       -0.11122600        0.11488318       -0.00000001        0.00000004        0.00000004
     4504.        0.02863754       -0.11104534        0.11467857       -0.00000001        0.00000004        0.00000004
     4505.        0.02851655       -0.11086570        0.11447444       -0.00000001        0.00000004        0.00000004
     4506.        0.02839320       -0.11068712        0.11427078       -0.00000001        0.00000004        0.00000004
     4507.        0.02826737       -0.11050928        0.11406729       -0.00000001        0.00000004        0.00000004
     4508.        0.02813904       -0.11033130        0.11386308       -0.00000001        0.00000004        0.00000004
     4509.        0.02800820       -0.11015348        0.11365848       -0.00000001        0.00000004        0.00000004
     4510.        0.02787491       -0.10997461        0.11345230       -0.00000001        0.00000004        0.00000004
     4511.        0.02773935       -0.10979499        0.11324492       -0.00000001        0.00000004        0.00000004
     4512.        0.02760165       -0.10961370        0.11303546       -0.00000001        0.00000004        0.00000004
     4513.        0.02746216       -0.10943075        0.11282402       -0.00000001        0.00000004        0.00000004
     4514.        0.02732112       -0.10924552        0.11261006       -0.00000001        0.00000004        0.00000004
     4515.        0.02717892       -0.10905800        0.11239368       -0.00000001        0.00000004        0.00000004
     4516.        0.02703594       -0.10886787        0.11217467       -0.00000001        0.00000004        0.00000004
     4517.        0.02689259       -0.10867452        0.11195251       -0.00000001        0.00000003        0.00000004
     4518.        0.02674926       -0.10847856        0.11172789       -0.00000001        0.00000003        0.00000004
     4519.        0.02660638       -0.10827967        0.11150061       -0.00000001        0.00000003        0.00000004
     4520.        0.02646428       -0.10807754        0.11127045       -0.00000001        0.00000003        0.00000004
     4521.        0.02632339       -0.10787278        0.11103809       -0.00000001        0.00000003        0.00000004
     4522.        0.02618407       -0.10766507        0.11080330       -0.00000001        0.00000003        0.00000004
     4523.        0.02604659       -0.10745441        0.11056616       -0.00000001        0.00000003        0.00000004
     4524.        0.02591127       -0.10724142        0.11032731       -0.00000001        0.00000003        0.00000004
     4525.        0.02577837       -0.10702579        0.11008653       -0.00000001        0.00000003        0.00000003
     4526.        0.02564812       -0.10680814        0.10984446       -0.00000001        0.00000003        0.00000003
     4527.        0.02552071       -0.10658847        0.10960113       -0.00000001        0.00000003        0.00000003
     4528.        0.02539633       -0.10636709        0.10935690       -0.00000001        0.00000003        0.00000003
     4529.        0.02527513       -0.10614401        0.10911180       -0.00000001        0.00000003        0.00000003
     4530.        0.02515720       -0.10591955        0.10886614       -0.00000001        0.00000003        0.00000003
     4531.        0.02504264       -0.10569402        0.10862026       -0.00000001        0.00000003        0.00000003
     4532.        0.02493159       -0.10546743        0.10837418       -0.00000001        0.00000003        0.00000003
     4533.        0.02482401       -0.10524010        0.10812822       -0.00000001        0.00000003        0.00000003
     4534.        0.02472003       -0.10501204        0.10788238       -0.00000001        0.00000003        0.00000003
     4535.        0.02461968       -0.10478389        0.10763732       -0.00000001        0.00000003        0.00000003
     4536.        0.02452296       -0.10455533        0.10739271       -0.00000001        0.00000003        0.00000003
     4537.        0.02442990       -0.10432703        0.10714919       -0.00000001        0.00000003        0.00000003
     4538.        0.02434045       -0.10409866        0.10690645       -0.00000001        0.00000003        0.00000003
     4539.        0.02425471       -0.10387055        0.10666481       -0.00000001        0.00000003        0.00000003
     4540.        0.02417255       -0.10364304        0.10642459       -0.00000001        0.00000003        0.00000003
     4541.        0.02409404       -0.10341647        0.10618610       -0.00000001        0.00000003        0.00000003
     4542.        0.02401909       -0.10319051        0.10594904       -0.00000001        0.00000003        0.00000003
     4543.        0.02394769       -0.10296584        0.10571403       -0.00000001        0.00000003        0.00000003
     4544.        0.02387977       -0.10274213        0.10548075       -0.00000001        0.00000003        0.00000003
     4545.        0.02381527       -0.10251973        0.10524953       -0.00000001        0.00000003        0.00000003
     4546.        0.02375415       -0.10229931        0.10502099       -0.00000001        0.00000003        0.00000003
     4547.        0.02369626       -0.10208022        0.10479448       -0.00000001        0.00000003        0.00000003
     4548.        0.02364155       -0.10186313        0.10457065       -0.00000001        0.00000003        0.00000003
     4549.        0.02358992       -0.10164774        0.10434916       -0.00000001        0.00000003        0.00000003
     4550.        0.02354124       -0.10143471        0.10413064       -0.00000001        0.00000003        0.00000003
     4551.        0.02349540       -0.10122374        0.10391477       -0.00000001        0.00000003        0.00000003
     4552.        0.02345225       -0.10101550        0.10370216       -0.00000001        0.00000003        0.00000003
     4553.        0.02341167       -0.10080935        0.10349217       -0.00000001        0.00000003        0.00000003
     4554.        0.02337347       -0.10060596        0.10328542       -0.00000001        0.00000003        0.00000003
     4555.        0.02333758       -0.10040536        0.10308190       -0.00000001        0.00000003        0.00000003
     4556.        0.02330376       -0.10020723        0.10288127       -0.00000001        0.00000003        0.00000003
     4557.        0.02327187       -0.10001226        0.10268414       -0.00000001        0.00000003        0.00000003
     4558.        0.02324172       -0.09982014        0.10249018       -0.00000001        0.00000003        0.00000003
     4559.        0.02321318       -0.09963054        0.10229906       -0.00000001        0.00000003        0.00000003
     4560.        0.02318602       -0.09944417        0.10211138       -0.00000001        0.00000003        0.00000003
     4561.        0.02316013       -0.09926069        0.10192682       -0.00000001        0.00000003        0.00000003
     4562.        0.02313527       -0.09908048        0.10174567       -0.00000001        0.00000003        0.00000003
     4563.        0.02311131       -0.09890287        0.10156727       -0.00000001        0.00000003        0.00000003
     4564.        0.02308803       -0.09872822        0.10139190       -0.00000001        0.00000003        0.00000003
     4565.        0.02306530       -0.09855655        0.10121957       -0.00000001        0.00000003        0.00000003
     4566.        0.02304295       -0.09838788        0.10105025       -0.00000001        0.00000003        0.00000003
     4567.        0.02302082       -0.09822190        0.10088359       -0.00000001        0.00000003        0.00000003
     4568.        0.02299873       -0.09805861        0.10071958       -0.00000001        0.00000003        0.00000003
     4569.        0.02297656       -0.09789805        0.10055819       -0.00000001        0.00000003        0.00000003
     4570.        0.02295414       -0.09774022        0.10039941       -0.00000001        0.00000003        0.00000003
     4571.        0.02293140       -0.09758480        0.10024291       -0.00000001        0.00000003        0.00000003
     4572.        0.02290817       -0.09743147        0.10008834       -0.00000001        0.00000003        0.00000003
     4573.        0.02288431       -0.09728059        0.09993601       -0.00000001        0.00000003        0.00000003
     4574.        0.02285975       -0.09713217        0.09978591       -0.00000001        0.00000003        0.00000003
     4575.        0.02283443       -0.09698555        0.09963738       -0.00000001        0.00000003        0.00000003
     4576.        0.02280816       -0.09684074        0.09949040       -0.00000001        0.00000003        0.00000003
     4577.        0.02278099       -0.09669775        0.09934499       -0.00000001        0.00000003        0.00000003
     4578.        0.02275273       -0.09655659        0.09920112       -0.00000001        0.00000003        0.00000003
     4579.        0.02272341       -0.09641694        0.09905847       -0.00000001        0.00000003        0.00000003
     4580.        0.02269294       -0.09627880        0.09891703       -0.00000001        0.00000003        0.00000003
     4581.        0.02266127       -0.09614151        0.09877613       -0.00000001        0.00000003        0.00000003
     4582.        0.02262844       -0.09600576        0.09863646       -0.00000001        0.00000003        0.00000003
     4583.        0.02259433       -0.09587086        0.09849734       -0.00000001        0.00000003        0.00000003
     4584.        0.02255900       -0.09573683        0.09835878       -0.00000001        0.00000003        0.00000003
     4585.        0.02252243       -0.09560368        0.09822079       -0.00000001        0.00000003        0.00000003
     4586.        0.02248461       -0.09547107        0.09808304       -0.00000001        0.00000003        0.00000003
     4587.        0.02244556       -0.09533900        0.09794554       -0.00000001        0.00000003        0.00000003
     4588.        0.02240529       -0.09520714        0.09780795       -0.00000001        0.00000003        0.00000003
     4589.        0.02236385       -0.09507583        0.09767065       -0.00000001        0.00000003        0.00000003
     4590.        0.02232125       -0.09494439        0.09753295       -0.00000001        0.00000003        0.00000003
     4591.        0.02227755       -0.09481318        0.09739522       -0.00000001        0.00000003        0.00000003
     4592.        0.02223275       -0.09468184        0.09725711       -0.00000001        0.00000003        0.00000003
     4593.        0.02218694       -0.09455038        0.09711866       -0.00000001        0.00000003        0.00000003
     4594.        0.02214020       -0.09441846        0.09697955       -0.00000001        0.00000003        0.00000003
     4595.        0.02209253       -0.09428642        0.09684012       -0.00000001        0.00000003        0.00000003
     4596.        0.02204405       -0.09415392        0.09670006       -0.00000001        0.00000003        0.00000003
     4597.        0.02199477       -0.09402062        0.09655903       -0.00000001        0.00000003        0.00000003
     4598.        0.02194480       -0.09388685        0.09641740       -0.00000001        0.00000003        0.00000003
     4599.        0.02189419       -0.09375264        0.09627519       -0.00000001        0.00000003        0.00000003
     4600.        0.02184306       -0.09361762        0.09613208       -0.00000001        0.00000003        0.00000003
     4601.        0.02179144       -0.09348179        0.09598808       -0.00000001        0.00000003        0.00000003
     4602.        0.02173944       -0.09334516        0.09584322       -0.00000001        0.00000003        0.00000003
     4603.        0.02168712       -0.09320737        0.09569715       -0.00000001        0.00000003        0.00000003
     4604.        0.02163459       -0.09306914        0.09555061       -0.00000001        0.00000003        0.00000003
     4605.        0.02158193       -0.09292975        0.09540292       -0.00000001        0.00000003        0.00000003
     4606.        0.02152920       -0.09278920        0.09525409       -0.00000001        0.00000003        0.00000003
     4607.        0.02147651       -0.09264784        0.09510449       -0.00000001        0.00000003        0.00000003
     4608.        0.02142394       -0.09250534        0.09495379       -0.00000001        0.00000003        0.00000003
     4609.        0.02137160       -0.09236202        0.09480237       -0.00000001        0.00000003        0.00000003
     4610.        0.02131952       -0.09221756        0.09464988       -0.00000001        0.00000003        0.00000003
     4611.        0.02126785       -0.09207193        0.09449635       -0.00000001        0.00000003        0.00000003
     4612.        0.02121659       -0.09192514        0.09434180       -0.00000001        0.00000003        0.00000003
     4613.        0.02116592       -0.09177755        0.09418659       -0.00000001        0.00000003        0.00000003
     4614.        0.02111582       -0.09162916        0.09403074       -0.00000001        0.00000003        0.00000003
     4615.        0.02106646       -0.09147925        0.09387358       -0.00000001        0.00000003        0.00000003
     4616.        0.02101786       -0.09132853        0.09371580       -0.00000001        0.00000003        0.00000003
     4617.        0.02097011       -0.09117702        0.09355744       -0.00000001        0.00000003        0.00000003
     4618.        0.02092327       -0.09102435        0.09339815       -0.00000001        0.00000003        0.00000003
     4619.        0.02087741       -0.09087087        0.09323830       -0.00000001        0.00000003        0.00000003
     4620.        0.02083264       -0.09071660        0.09307793       -0.00000001        0.00000002        0.00000003
     4621.        0.02078898       -0.09056153        0.09291701       -0.00000001        0.00000002        0.00000003
     4622.        0.02074649       -0.09040566        0.09275559       -0.00000001        0.00000002        0.00000003
     4623.        0.02070526       -0.09024899        0.09259367       -0.00000001        0.00000002        0.00000003
     4624.        0.02066533       -0.09009153        0.09243127       -0.00000001        0.00000002        0.00000003
     4625.        0.02062675       -0.08993327        0.09226839       -0.00000001        0.00000002        0.00000003
     4626.        0.02058954       -0.08977458        0.09210540       -0.00000001        0.00000002        0.00000003
     4627.        0.02055381       -0.08961546        0.09194232       -0.00000001        0.00000002        0.00000003
     4628.        0.02051954       -0.08945592        0.09177916       -0.00000001        0.00000002        0.00000003
     4629.        0.02048679       -0.08929559        0.09161556       -0.00000001        0.00000002        0.00000002
     4630.        0.02045560       -0.08913521        0.09145227       -0.00000001        0.00000002        0.00000002
     4631.        0.02042602       -0.08897441        0.09128892       -0.00000001        0.00000002        0.00000002
     4632.        0.02039804       -0.08881319        0.09112553       -0.00000001        0.00000002        0.00000002
     4633.        0.02037172       -0.08865193        0.09096247       -0.00000001        0.00000002        0.00000002
     4634.        0.02034706       -0.08849062        0.09079974       -0.00000001        0.00000002        0.00000002
     4635.        0.02032410       -0.08832928        0.09063736       -0.00000001        0.00000002        0.00000002
     4636.        0.02030279       -0.08816791        0.09047532       -0.00000001        0.00000002        0.00000002
     4637.        0.02028323       -0.08800650        0.09031364       -0.00000001        0.00000002        0.00000002
     4638.        0.02026533       -0.08784544        0.09015267       -0.00000001        0.00000002        0.00000002
     4639.        0.02024920       -0.08768435        0.08999209       -0.00000001        0.00000002        0.00000002
     4640.        0.02023473       -0.08752362        0.08983223       -0.00000001        0.00000002        0.00000002
     4641.        0.02022199       -0.08736325        0.08967311       -0.00000001        0.00000002        0.00000002
     4642.        0.02021096       -0.08720325        0.08951474       -0.00000001        0.00000002        0.00000002
     4643.        0.02020162       -0.08704361        0.08935712       -0.00000001        0.00000002        0.00000002
     4644.        0.02019398       -0.08688472        0.08920062       -0.00000001        0.00000002        0.00000002
     4645.        0.02018796       -0.08672621        0.08904487       -0.00000001        0.00000002        0.00000002
     4646.        0.02018362       -0.08656846        0.08889025       -0.00000001        0.00000002        0.00000002
     4647.        0.02018089       -0.08641148        0.08873676       -0.00000001        0.00000002        0.00000002
     4648.        0.02017973       -0.08625489        0.08858402       -0.00000001        0.00000002        0.00000002
     4649.        0.02018019       -0.08609946        0.08843279       -0.00000001        0.00000002        0.00000002
     4650.        0.02018216       -0.08594482        0.08828268       -0.00000001        0.00000002        0.00000002
     4651.        0.02018565       -0.08579097        0.08813371       -0.00000001        0.00000002        0.00000002
     4652.        0.02019063       -0.08563792        0.08798588       -0.00000001        0.00000002        0.00000002
     4653.        0.02019702       -0.08548643        0.08783991       -0.00000001        0.00000002        0.00000002
     4654.        0.02020483       -0.08533537        0.08769471       -0.00000001        0.00000002        0.00000002
     4655.        0.02021400       -0.08518590        0.08755137       -0.00000001        0.00000002        0.00000002
     4656.        0.02022448       -0.08503725        0.08740917       -0.00000001        0.00000002        0.00000002
     4657.        0.02023622       -0.08488982        0.08726847       -0.00000001        0.00000002        0.00000002
     4658.        0.02024920       -0.08474361        0.08712927       -0.00000001        0.00000002        0.00000002
     4659.        0.02026341       -0.08459863        0.08699157       -0.00000001        0.00000002        0.00000002
     4660.        0.02027869       -0.08445526        0.08685573       -0.00000001        0.00000002        0.00000002
     4661.        0.02029512       -0.08431277        0.08672102       -0.00000001        0.00000002        0.00000002
     4662.        0.02031256       -0.08417152        0.08658779       -0.00000001        0.00000002        0.00000002
     4663.        0.02033100       -0.08403193        0.08645643       -0.00000001        0.00000002        0.00000002
     4664.        0.02035038       -0.08389360        0.08632655       -0.00000001        0.00000002        0.00000002
     4665.        0.02037063       -0.08375655        0.08619815       -0.00000001        0.00000002        0.00000002
     4666.        0.02039173       -0.08362117        0.08607161       -0.00000001        0.00000002        0.00000002
     4667.        0.02041363       -0.08348708        0.08594655       -0.00000001        0.00000002        0.00000002
     4668.        0.02043625       -0.08335430        0.08582295       -0.00000001        0.00000002        0.00000002
     4669.        0.02045954       -0.08322321        0.08570120       -0.00000001        0.00000002        0.00000002
     4670.        0.02048349       -0.08309344        0.08558091       -0.00000001        0.00000002        0.00000002
     4671.        0.02050800       -0.08296499        0.08546209       -0.00000001        0.00000002        0.00000002
     4672.        0.02053300       -0.08283827        0.08534508       -0.00000001        0.00000002        0.00000002
     4673.        0.02055851       -0.08271250        0.08522916       -0.00000001        0.00000002        0.00000002
     4674.        0.02058447       -0.08258847        0.08511507       -0.00000001        0.00000002        0.00000002
     4675.        0.02061074       -0.08246619        0.08500279       -0.00000001        0.00000002        0.00000002
     4676.        0.02063739       -0.08234488        0.08489158       -0.00000001        0.00000002        0.00000002
     4677.        0.02066427       -0.08222533        0.08478218       -0.00000001        0.00000002        0.00000002
     4678.        0.02069139       -0.08210717        0.08467420       -0.00000001        0.00000002        0.00000002
     4679.        0.02071869       -0.08199039        0.08456766       -0.00000001        0.00000002        0.00000002
     4680.        0.02074611       -0.08187462        0.08446215       -0.00000001        0.00000002        0.00000002
     4681.        0.02077365       -0.08176064        0.08435845       -0.00000001        0.00000002        0.00000002
     4682.        0.02080118       -0.08164808        0.08425615       -0.00000001        0.00000002        0.00000002
     4683.        0.02082875       -0.08153654        0.08415488       -0.00000001        0.00000002        0.00000002
     4684.        0.02085628       -0.08142643        0.08405503       -0.00000001        0.00000002        0.00000002
     4685.        0.02088369       -0.08131775        0.08395657       -0.00000001        0.00000002        0.00000002
     4686.        0.02091102       -0.08121012        0.08385913       -0.00000001        0.00000002        0.00000002
     4687.        0.02093814       -0.08110393        0.08376308       -0.00000001        0.00000002        0.00000002
     4688.        0.02096511       -0.08099880        0.08366805       -0.00000001        0.00000002        0.00000002
     4689.        0.02099179       -0.08089474        0.08357401       -0.00000001        0.00000002        0.00000002
     4690.        0.02101828       -0.08079215        0.08348137       -0.00000001        0.00000002        0.00000002
     4691.        0.02104443       -0.08069063        0.08338973       -0.00000001        0.00000002        0.00000002
     4692.        0.02107023       -0.08059020        0.08329907       -0.00000001        0.00000002        0.00000002
     4693.        0.02109570       -0.08049046        0.08320904       -0.00000001        0.00000002        0.00000002
     4694.        0.02112081       -0.08039222        0.08312038       -0.00000001        0.00000002        0.00000002
     4695.        0.02114547       -0.08029468        0.08303232       -0.00000001        0.00000002        0.00000002
     4696.        0.02116972       -0.08019825        0.08294526       -0.00000001        0.00000002        0.00000002
     4697.        0.02119352       -0.08010293        0.08285918       -0.00000001        0.00000002        0.00000002
     4698.        0.02121682       -0.08000833        0.08277371       -0.00000001        0.00000002        0.00000002
     4699.        0.02123968       -0.07991445        0.08268884       -0.00000001        0.00000002        0.00000002
     4700.        0.02126196       -0.07982131        0.08260455       -0.00000001        0.00000002        0.00000002
     4701.        0.02128378       -0.07972929        0.08252127       -0.00000001        0.00000002        0.00000002
     4702.        0.02130503       -0.07963762        0.08243818       -0.00000001        0.00000002        0.00000002
     4703.        0.02132569       -0.07954708        0.08235608       -0.00000001        0.00000002        0.00000002
     4704.        0.02134585       -0.07945690        0.08227420       -0.00000001        0.00000002        0.00000002
     4705.        0.02136539       -0.07936746        0.08219291       -0.00000001        0.00000002        0.00000002
     4706.        0.02138438       -0.07927838        0.08211183       -0.00000001        0.00000002        0.00000002
     4707.        0.02140278       -0.07919005        0.08203136       -0.00000001        0.00000002        0.00000002
     4708.        0.02142059       -0.07910249        0.08195148       -0.00000001        0.00000002        0.00000002
     4709.        0.02143781       -0.07901489        0.08187144       -0.00000001        0.00000002        0.00000002
     4710.        0.02145444       -0.07892805        0.08179199       -0.00000001        0.00000002        0.00000002
     4711.        0.02147050       -0.07884159        0.08171278       -0.00000001        0.00000002        0.00000002
     4712.        0.02148593       -0.07875550        0.08163378       -0.00000001        0.00000002        0.00000002
     4713.        0.02150080       -0.07866978        0.08155501       -0.00000001        0.00000002        0.00000002
     4714.        0.02151507       -0.07858403        0.08147606       -0.00000001        0.00000002        0.00000002
     4715.        0.02152882       -0.07849908        0.08139776       -0.00000001        0.00000002        0.00000002
     4716.        0.02154196       -0.07841409        0.08131928       -0.00000001        0.00000002        0.00000002
     4717.        0.02155453       -0.07832909        0.08124065       -0.00000001        0.00000002        0.00000002
     4718.        0.02156658       -0.07824447        0.08116227       -0.00000001        0.00000002        0.00000002
     4719.        0.02157809       -0.07815984        0.08108375       -0.00000001        0.00000002        0.00000002
     4720.        0.02158908       -0.07807560        0.08100547       -0.00000001        0.00000002        0.00000002
     4721.        0.02159953       -0.07799134        0.08092706       -0.00000001        0.00000002        0.00000002
     4722.        0.02160949       -0.07790707        0.08084851       -0.00000001        0.00000002        0.00000002
     4723.        0.02161899       -0.07782279        0.08076985       -0.00000001        0.00000002        0.00000002
     4724.        0.02162804       -0.07773851        0.08069106       -0.00000001        0.00000002        0.00000002
     4725.        0.02163660       -0.07765379        0.08061175       -0.00000001        0.00000002        0.00000002
     4726.        0.02164478       -0.07756949        0.08053274       -0.00000001        0.00000002        0.00000002
     4727.        0.02165250       -0.07748518        0.08045362       -0.00000001        0.00000002        0.00000002
     4728.        0.02165988       -0.07740046        0.08037401       -0.00000001        0.00000002        0.00000002
     4729.        0.02166689       -0.07731573        0.08029431       -0.00000001        0.00000002        0.00000002
     4730.        0.02167351       -0.07723100        0.08021452       -0.00000001        0.00000002        0.00000002
     4731.        0.02167984       -0.07714586        0.08013426       -0.00000001        0.00000002        0.00000002
     4732.        0.02168587       -0.07706030        0.08005353       -0.00000001        0.00000002        0.00000002
     4733.        0.02169161       -0.07697517        0.07997313       -0.00000001        0.00000002        0.00000002
     4734.        0.02169708       -0.07688920        0.07989188       -0.00000001        0.00000002        0.00000002
     4735.        0.02170234       -0.07680323        0.07981058       -0.00000001        0.00000002        0.00000002
     4736.        0.02170739       -0.07671728        0.07972924       -0.00000001        0.00000002        0.00000002
     4737.        0.02171225       -0.07663049        0.07964706       -0.00000001        0.00000002        0.00000002
     4738.        0.02171694       -0.07654371        0.07956485       -0.00000001        0.00000002        0.00000002
     4739.        0.02172154       -0.07645694        0.07948264       -0.00000001        0.00000002        0.00000002
     4740.        0.02172601       -0.07636934        0.07939960       -0.00000001        0.00000002        0.00000002
     4741.        0.02173038       -0.07628176        0.07931655       -0.00000001        0.00000002        0.00000002
     4742.        0.02173470       -0.07619376        0.07923311       -0.00000001        0.00000002        0.00000002
     4743.        0.02173901       -0.07610578        0.07914969       -0.00000001        0.00000002        0.00000002
     4744.        0.02174327       -0.07601696        0.07906547       -0.00000001        0.00000002        0.00000002
     4745.        0.02174761       -0.07592816        0.07898129       -0.00000001        0.00000002        0.00000002
     4746.        0.02175195       -0.07583853        0.07889633       -0.00000001        0.00000002        0.00000002
     4747.        0.02175635       -0.07574892        0.07881141       -0.00000001        0.00000002        0.00000002
     4748.        0.02176088       -0.07565933        0.07872655       -0.00000001        0.00000002        0.00000002
     4749.        0.02176549       -0.07556890        0.07864093       -0.00000001        0.00000002        0.00000002
