     4151.       -0.00000145       -0.00100016        0.00100016        0.00000000       -0.00000000        0.00000000
     4152.       -0.00000067       -0.00045623        0.00045623        0.00000000       -0.00000000        0.00000000
     4153.       -0.00000013       -0.00008620        0.00008620        0.00000000       -0.00000000        0.00000000
     4154.        0.00008468       -0.00000015        0.00008468       -0.00000000        0.00000000        0.00000000
     4155.        0.00043235       -0.00000089        0.00043235       -0.00000000        0.00000000        0.00000000
     4156.        0.00091386       -0.00000211        0.00091387       -0.00000000        0.00000000        0.00000000
     4157.        0.00148836       -0.00000453        0.00148837       -0.00000001        0.00000000        0.00000001
     4158.        0.00213195       -0.00000870        0.00213197       -0.00000001        0.00000000        0.00000001
     4159.        0.00283132       -0.00001232        0.00283134       -0.00000001        0.00000000        0.00000001
     4160.        0.00357787       -0.00001746        0.00357791       -0.00000001        0.00000000        0.00000001
     4161.        0.00436227       -0.00002599        0.00436235       -0.00000001        0.00000000        0.00000001
     4162.        0.00517575       -0.00003765        0.00517589       -0.00000001        0.00000000        0.00000001
     4163.        0.00601244       -0.00004957        0.00601265       -0.00000001        0.00000000        0.00000001
     4164.        0.00687083       -0.00006039        0.00687110       -0.00000001        0.00000000        0.00000001
     4165.        0.00774930       -0.00007190        0.00774963       -0.00000002        0.00000000        0.00000002
     4166.        0.00864450       -0.00008635        0.00864494       -0.00000002        0.00000000        0.00000002
     4167.        0.00955236       -0.00010509        0.00955294       -0.00000002        0.00000000        0.00000002
     4168.        0.01046867       -0.00012831        0.01046945       -0.00000002        0.00000000        0.00000002
     4169.        0.01138960       -0.00015483        0.01139065       -0.00000002        0.00000000        0.00000002
     4170.        0.01231290       -0.00018251        0.01231426       -0.00000002        0.00000000        0.00000002
     4171.        0.01323818       -0.00020941        0.01323984       -0.00000002        0.00000000        0.00000002
     4172.        0.01416620       -0.00023497        0.01416815       -0.00000002        0.00000000        0.00000002
     4173.        0.01509744       -0.00026007        0.01509968       -0.00000002        0.00000000        0.00000002
     4174.        0.01603168       -0.00028628        0.01603423       -0.00000002        0.00000000        0.00000002
     4175.        0.01696780       -0.00031515        0.01697073       -0.00000002        0.00000000        0.00000002
     4176.        0.01790395       -0.00034781        0.01790733       -0.00000003        0.00000000        0.00000003
     4177.        0.01883822       -0.00038482        0.01884215       -0.00000003        0.00000000        0.00000003
     4178.        0.01976869       -0.00042613        0.01977328       -0.00000003        0.00000000        0.00000003
     4179.        0.02069345       -0.00047110        0.02069881       -0.00000003        0.00000000        0.00000003
     4180.        0.02161128       -0.00051860        0.02161750       -0.00000003        0.00000000        0.00000003
     4181.        0.02252147       -0.00056725        0.02252861       -0.00000003        0.00000000        0.00000003
     4182.        0.02342409       -0.00061574        0.02343218       -0.00000003        0.00000000        0.00000003
     4183.        0.02431983       -0.00066311        0.02432887       -0.00000003        0.00000000        0.00000003
     4184.        0.02520953       -0.00070898        0.02521949       -0.00000003        0.00000000        0.00000003
     4185.        0.02609408       -0.00075354        0.02610495       -0.00000003        0.00000000        0.00000003
     4186.        0.02697435       -0.00079746        0.02698613       -0.00000003        0.00000000        0.00000003
     4187.        0.02785047       -0.00084161        0.02786318       -0.00000003        0.00000000        0.00000003
     4188.        0.02872253       -0.00088695        0.02873622       -0.00000003        0.00000000        0.00000003
     4189.        0.02959008       -0.00093436        0.02960483       -0.00000003        0.00000000        0.00000003
     4190.        0.03045241       -0.00098449        0.03046832       -0.00000003        0.00000000        0.00000003
     4191.        0.03130888       -0.00103777        0.03132608       -0.00000003        0.00000000        0.00000003
     4192.        0.03215852       -0.00109437        0.03217714       -0.00000003        0.00000000        0.00000004
     4193.        0.03300061       -0.00115421        0.03302079       -0.00000004        0.00000000        0.00000004
     4194.        0.03383434       -0.00121694        0.03385622       -0.00000004        0.00000000        0.00000004
     4195.        0.03465898       -0.00128205        0.03468268       -0.00000004        0.00000000        0.00000004
     4196.        0.03547439       -0.00134885        0.03550003       -0.00000004        0.00000000        0.00000004
     4197.        0.03628027       -0.00141659        0.03630792       -0.00000004        0.00000000        0.00000004
     4198.        0.03707682       -0.00148449        0.03710653       -0.00000004        0.00000000        0.00000004
     4199.        0.03786429       -0.00155190        0.03789608       -0.00000004        0.00000000        0.00000004
     4200.        0.03864315       -0.00161823        0.03867702       -0.00000004        0.00000000        0.00000004
     4201.        0.03941425       -0.00168317        0.03945017       -0.00000004        0.00000000        0.00000004
     4202.        0.04017807       -0.00174654        0.04021601       -0.00000004        0.00000000        0.00000004
     4203.        0.04093545       -0.00180842        0.04097537       -0.00000004        0.00000000        0.00000004
     4204.        0.04168706       -0.00186903        0.04172894       -0.00000004        0.00000000        0.00000004
     4205.        0.04243331       -0.00192875        0.04247712       -0.00000004        0.00000000        0.00000004
     4206.        0.04317462       -0.00198803        0.04322037       -0.00000004        0.00000000        0.00000004
     4207.        0.04391124       -0.00204737        0.04395894       -0.00000004        0.00000000        0.00000004
     4208.        0.04464318       -0.00210728        0.04469289       -0.00000004        0.00000000        0.00000004
     4209.        0.04537051       -0.00216820        0.04542229       -0.00000004        0.00000000        0.00000004
     4210.        0.04609305       -0.00223054        0.04614699       -0.00000004        0.00000000        0.00000004
     4211.        0.04681053       -0.00229460        0.04686673       -0.00000004        0.00000000        0.00000004
     4212.        0.04752276       -0.00236060        0.04758136       -0.00000004        0.00000000        0.00000004
     4213.        0.04822937       -0.00242865        0.04829048       -0.00000004        0.00000000        0.00000004
     4214.        0.04893005       -0.00249877        0.04899381       -0.00000004        0.00000000        0.00000004
     4215.        0.04962463       -0.00257089        0.04969118       -0.00000004        0.00000000        0.00000004
     4216.        0.05031272       -0.00264484        0.05038219       -0.00000004        0.00000000        0.00000004
     4217.        0.05099400       -0.00272039        0.05106651       -0.00000004        0.00000000        0.00000004
     4218.        0.05166866       -0.00279725        0.05174433       -0.00000004        0.00000000        0.00000004
     4219.        0.05233630       -0.00287503        0.05241521       -0.00000004        0.00000000        0.00000004
     4220.        0.05299711       -0.00295341        0.05307934       -0.00000004        0.00000000        0.00000004
     4221.        0.05365116       -0.00303201        0.05373677       -0.00000004        0.00000000        0.00000004
     4222.        0.05429868       -0.00311043        0.05438769       -0.00000004        0.00000000        0.00000004
     4223.        0.05493977       -0.00318833        0.05503220       -0.00000004        0.00000000        0.00000004
     4224.        0.05557479       -0.00326544        0.05567064       -0.00000004        0.00000000        0.00000004
     4225.        0.05620424       -0.00334148        0.05630348       -0.00000004        0.00000000        0.00000004
     4226.        0.05682841       -0.00341631        0.05693100       -0.00000004        0.00000000        0.00000004
     4227.        0.05744781       -0.00348980        0.05755371       -0.00000004        0.00000000        0.00000004
     4228.        0.05806290       -0.00356191        0.05817205       -0.00000004        0.00000000        0.00000004
     4229.        0.05867409       -0.00363266        0.05878644       -0.00000005        0.00000000        0.00000005
     4230.        0.05928173       -0.00370216        0.05939722       -0.00000005        0.00000000        0.00000005
     4231.        0.05988615       -0.00377054        0.06000473       -0.00000005        0.00000000        0.00000005
     4232.        0.06048795       -0.00383799        0.06060959       -0.00000005        0.00000000        0.00000005
     4233.        0.06108725       -0.00390472        0.06121192       -0.00000005        0.00000000        0.00000005
     4234.        0.06168426       -0.00397097        0.06181195       -0.00000005        0.00000000        0.00000005
     4235.        0.06227923       -0.00403700        0.06240994       -0.00000005        0.00000000        0.00000005
     4236.        0.06287242       -0.00410306        0.06300616       -0.00000005        0.00000000        0.00000005
     4237.        0.06346379       -0.00416937        0.06360060       -0.00000005        0.00000000        0.00000005
     4238.        0.06405346       -0.00423617        0.06419339       -0.00000005        0.00000000        0.00000005
     4239.        0.06464156       -0.00430364        0.06478467       -0.00000005        0.00000000        0.00000005
     4240.        0.06522793       -0.00437196        0.06537428       -0.00000005        0.00000000        0.00000005
     4241.        0.06581255       -0.00444127        0.06596224       -0.00000005        0.00000000        0.00000005
     4242.        0.06639554       -0.00451168        0.06654865       -0.00000005        0.00000000        0.00000005
     4243.        0.06697674       -0.00458324        0.06713337       -0.00000005        0.00000000        0.00000005
     4244.        0.06755613       -0.00465602        0.06771639       -0.00000005        0.00000000        0.00000005
     4245.        0.06813370       -0.00473000        0.06829769       -0.00000005        0.00000000        0.00000005
     4246.        0.06870956       -0.00480515        0.06887738       -0.00000005        0.00000000        0.00000005
     4247.        0.06928341       -0.00488139        0.06945516       -0.00000005        0.00000000        0.00000005
     4248.        0.06985551       -0.00495866        0.07003129       -0.00000005        0.00000000        0.00000005
     4249.        0.07042571       -0.00503681        0.07060559       -0.00000005        0.00000000        0.00000005
     4250.        0.07099427       -0.00511572        0.07117835       -0.00000005        0.00000000        0.00000005
     4251.        0.07156133       -0.00519523        0.07174967       -0.00000005        0.00000000        0.00000005
     4252.        0.07212673       -0.00527515        0.07231938       -0.00000005        0.00000000        0.00000005
     4253.        0.07269104       -0.00535532        0.07288805       -0.00000005        0.00000000        0.00000005
     4254.        0.07325427       -0.00543552        0.07345565       -0.00000005        0.00000000        0.00000005
     4255.        0.07381671       -0.00551561        0.07402249       -0.00000005        0.00000000        0.00000005
     4256.        0.07437882       -0.00559537        0.07458898       -0.00000005        0.00000000        0.00000005
     4257.        0.07494074       -0.00567463        0.07515528       -0.00000005        0.00000000        0.00000005
     4258.        0.07550327       -0.00575321        0.07572215       -0.00000005        0.00000000        0.00000005
     4259.        0.07606658       -0.00583098        0.07628974       -0.00000005        0.00000000        0.00000005
     4260.        0.07663146       -0.00590781        0.07685885       -0.00000005        0.00000000        0.00000005
     4261.        0.07719842       -0.00598356        0.07742996       -0.00000005        0.00000000        0.00000005
     4262.        0.07776813       -0.00605818        0.07800374       -0.00000005        0.00000000        0.00000005
     4263.        0.07834141       -0.00613158        0.07858100       -0.00000005        0.00000000        0.00000005
     4264.        0.07891914       -0.00620373        0.07916259       -0.00000005        0.00000000        0.00000005
     4265.        0.07950232       -0.00627463        0.07974955       -0.00000005        0.00000000        0.00000005
     4266.        0.08009186       -0.00634432        0.08034275       -0.00000005        0.00000000        0.00000005
     4267.        0.08068929       -0.00641286        0.08094373       -0.00000005        0.00000000        0.00000005
     4268.        0.08129587       -0.00648035        0.08155374       -0.00000005        0.00000000        0.00000005
     4269.        0.08191318       -0.00654700        0.08217440       -0.00000005        0.00000000        0.00000005
     4270.        0.08254334       -0.00661300        0.08280782       -0.00000005        0.00000000        0.00000005
     4271.        0.08318865       -0.00667874        0.08345632       -0.00000005        0.00000000        0.00000005
     4272.        0.08385180       -0.00674468        0.08412262       -0.00000005        0.00000000        0.00000005
     4273.        0.08453635       -0.00681147        0.08481032       -0.00000005        0.00000000        0.00000005
     4274.        0.08524639       -0.00688009        0.08552358       -0.00000005        0.00000000        0.00000005
     4275.        0.08598761       -0.00695196        0.08626818       -0.00000005        0.00000000        0.00000005
     4276.        0.08676681       -0.00702919        0.08705107       -0.00000005        0.00000000        0.00000005
     4277.        0.08759324       -0.00711503        0.08788174       -0.00000005        0.00000000        0.00000005
     4278.        0.08847921       -0.00721464        0.08877286       -0.00000005        0.00000000        0.00000005
     4279.        0.08944129       -0.00733632        0.08974166       -0.00000005        0.00000000        0.00000005
     4280.        0.09050233       -0.00749409        0.09081208       -0.00000005        0.00000000        0.00000005
     4281.        0.09169450       -0.00771234        0.09201827       -0.00000005        0.00000000        0.00000005
     4282.        0.09306323       -0.00803543        0.09340949       -0.00000005        0.00000000        0.00000005
     4283.        0.09466994       -0.00854783        0.09505506       -0.00000005        0.00000000        0.00000005
     4284.        0.09658941       -0.00941816        0.09704750       -0.00000006        0.00000001        0.00000006
     4285.        0.09886295       -0.01099382        0.09947235       -0.00000006        0.00000001        0.00000006
     4286.        0.10127321       -0.01396212        0.10223113       -0.00000006        0.00000001        0.00000006
     4287.        0.10254347       -0.01925771        0.10433610       -0.00000006        0.00000001        0.00000006
     4288.        0.09945506       -0.02587360        0.10276552       -0.00000006        0.00000001        0.00000006
     4289.        0.09191134       -0.02803901        0.09609308       -0.00000005        0.00000002        0.00000005
     4290.        0.08654949       -0.02468113        0.08999984       -0.00000005        0.00000001        0.00000005
     4291.        0.08504695       -0.02061671        0.08751018       -0.00000005        0.00000001        0.00000005
     4292.        0.08538492       -0.01768853        0.08719787       -0.00000005        0.00000001        0.00000005
     4293.        0.08631925       -0.01577311        0.08774853       -0.00000005        0.00000001        0.00000005
     4294.        0.08739523       -0.01451508        0.08859240       -0.00000005        0.00000001        0.00000005
     4295.        0.08847073       -0.01366282        0.08951951       -0.00000005        0.00000001        0.00000005
     4296.        0.08956723       -0.01309985        0.09052014       -0.00000005        0.00000001        0.00000005
     4297.        0.09061783       -0.01271521        0.09150556       -0.00000005        0.00000001        0.00000005
     4298.        0.09149646       -0.01249086        0.09234514       -0.00000005        0.00000001        0.00000005
     4299.        0.09244766       -0.01236168        0.09327047       -0.00000005        0.00000001        0.00000005
     4300.        0.09325254       -0.01236328        0.09406853       -0.00000005        0.00000001        0.00000005
     4301.        0.09400730       -0.01230391        0.09480907       -0.00000005        0.00000001        0.00000005
     4302.        0.09480060       -0.01227847        0.09559244       -0.00000005        0.00000001        0.00000005
     4303.        0.09558319       -0.01232265        0.09637424       -0.00000005        0.00000001        0.00000005
     4304.        0.09631540       -0.01241004        0.09711161       -0.00000005        0.00000001        0.00000005
     4305.        0.09700309       -0.01249129        0.09780405       -0.00000005        0.00000001        0.00000005
     4306.        0.09768743       -0.01255298        0.09849067       -0.00000005        0.00000001        0.00000005
     4307.        0.09838891       -0.01261502        0.09919434       -0.00000005        0.00000001        0.00000005
     4308.        0.09910465       -0.01269388        0.09991429       -0.00000005        0.00000001        0.00000005
     4309.        0.09982577       -0.01279460        0.10064236       -0.00000005        0.00000001        0.00000005
     4310.        0.10054443       -0.01291460        0.10137046       -0.00000005        0.00000001        0.00000005
     4311.        0.10125693       -0.01304673        0.10209399       -0.00000005        0.00000001        0.00000005
     4312.        0.10196493       -0.01318257        0.10281355       -0.00000005        0.00000001        0.00000005
     4313.        0.10267535       -0.01331626        0.10353526       -0.00000005        0.00000001        0.00000005
     4314.        0.10339716       -0.01344692        0.10426788       -0.00000005        0.00000001        0.00000005
     4315.        0.10413730       -0.01357740        0.10501868       -0.00000005        0.00000001        0.00000005
     4316.        0.10490046       -0.01371202        0.10579284       -0.00000005        0.00000001        0.00000005
     4317.        0.10568999       -0.01385457        0.10659420       -0.00000005        0.00000001        0.00000005
     4318.        0.10650991       -0.01400782        0.10742709       -0.00000005        0.00000001        0.00000005
     4319.        0.10736741       -0.01417373        0.10829892       -0.00000005        0.00000001        0.00000005
     4320.        0.10828512       -0.01435259        0.10923216       -0.00000005        0.00000001        0.00000005
     4321.        0.10928893       -0.01461346        0.11026162       -0.00000005        0.00000001        0.00000006
     4322.        0.11016455       -0.01502651        0.11118464       -0.00000006        0.00000001        0.00000006
     4323.        0.11124434       -0.01538360        0.11230297       -0.00000006        0.00000001        0.00000006
     4324.        0.11212461       -0.01603854        0.11326589       -0.00000006        0.00000001        0.00000006
     4325.        0.11286743       -0.01640948        0.11405406       -0.00000006        0.00000001        0.00000006
     4326.        0.11388664       -0.01681856        0.11512180       -0.00000006        0.00000001        0.00000006
     4327.        0.11491986       -0.01749074        0.11624328       -0.00000006        0.00000001        0.00000006
     4328.        0.11573196       -0.01830933        0.11717132       -0.00000006        0.00000001        0.00000006
     4329.        0.11633965       -0.01899430        0.11788002       -0.00000006        0.00000001        0.00000006
     4330.        0.11701484       -0.01949037        0.11862693       -0.00000006        0.00000001        0.00000006
     4331.        0.11786896       -0.01999528        0.11955293       -0.00000006        0.00000001        0.00000006
     4332.        0.11881711       -0.02065251        0.12059864       -0.00000006        0.00000001        0.00000006
     4333.        0.11973395       -0.02149137        0.12164743       -0.00000006        0.00000001        0.00000006
     4334.        0.12051521       -0.02246037        0.12259031       -0.00000006        0.00000001        0.00000006
     4335.        0.12111542       -0.02345230        0.12336513       -0.00000006        0.00000001        0.00000006
     4336.        0.12157684       -0.02435728        0.12399276       -0.00000006        0.00000001        0.00000006
     4337.        0.12200453       -0.02513104        0.12456595       -0.00000006        0.00000001        0.00000006
     4338.        0.12249268       -0.02581358        0.12518306       -0.00000006        0.00000001        0.00000006
     4339.        0.12307794       -0.02648591        0.12589552       -0.00000006        0.00000001        0.00000006
     4340.        0.12374084       -0.02722028        0.12669941       -0.00000006        0.00000001        0.00000006
     4341.        0.12443263       -0.02805818        0.12755682       -0.00000006        0.00000001        0.00000006
     4342.        0.12509669       -0.02900923        0.12841619       -0.00000006        0.00000001        0.00000006
     4343.        0.12568302       -0.03005601        0.12922687       -0.00000006        0.00000001        0.00000006
     4344.        0.12615599       -0.03116096        0.12994745       -0.00000006        0.00000001        0.00000006
     4345.        0.12650261       -0.03227470        0.13055484       -0.00000006        0.00000002        0.00000006
     4346.        0.12673489       -0.03334812        0.13104896       -0.00000006        0.00000002        0.00000006
     4347.        0.12688623       -0.03434516        0.13145229       -0.00000006        0.00000002        0.00000006
     4348.        0.12700187       -0.03525166        0.13180347       -0.00000006        0.00000002        0.00000006
     4349.        0.12712435       -0.03607678        0.13214437       -0.00000006        0.00000002        0.00000006
     4350.        0.12728447       -0.03684658        0.13251040       -0.00000006        0.00000002        0.00000006
     4351.        0.12749548       -0.03759464        0.13292274       -0.00000006        0.00000002        0.00000006
     4352.        0.12775477       -0.03835317        0.13338758       -0.00000006        0.00000002        0.00000006
     4353.        0.12804803       -0.03914794        0.13389869       -0.00000006        0.00000002        0.00000006
     4354.        0.12835332       -0.03999486        0.13444018       -0.00000006        0.00000002        0.00000006
     4355.        0.12864665       -0.04089963        0.13499163       -0.00000006        0.00000002        0.00000006
     4356.        0.12890467       -0.04185871        0.13553068       -0.00000006        0.00000002        0.00000006
     4357.        0.12910799       -0.04286139        0.13603665       -0.00000006        0.00000002        0.00000006
     4358.        0.12924213       -0.04389105        0.13649158       -0.00000006        0.00000002        0.00000006
     4359.        0.12930006       -0.04492708        0.13688297       -0.00000006        0.00000002        0.00000006
     4360.        0.12928164       -0.04594886        0.13720437       -0.00000006        0.00000002        0.00000006
     4361.        0.12919412       -0.04693691        0.13745615       -0.00000006        0.00000002        0.00000006
     4362.        0.12905072       -0.04787581        0.13764513       -0.00000006        0.00000002        0.00000006
     4363.        0.12886774       -0.04875587        0.13778254       -0.00000006        0.00000002        0.00000006
     4364.        0.12866393       -0.04957338        0.13788374       -0.00000006        0.00000002        0.00000006
     4365.        0.12845663       -0.05033099        0.13796491       -0.00000006        0.00000002        0.00000006
     4366.        0.12826090       -0.05103708        0.13804217       -0.00000006        0.00000002        0.00000006
     4367.        0.12808713       -0.05170238        0.13812838       -0.00000006        0.00000002        0.00000006
     4368.        0.12794172       -0.05234028        0.13823382       -0.00000006        0.00000002        0.00000006
     4369.        0.12782607       -0.05296431        0.13836446       -0.00000006        0.00000002        0.00000006
     4370.        0.12773792       -0.05358631        0.13852245       -0.00000006        0.00000002        0.00000006
     4371.        0.12767199       -0.05421638        0.13870672       -0.00000006        0.00000002        0.00000006
     4372.        0.12762014       -0.05486221        0.13891279       -0.00000006        0.00000002        0.00000006
     4373.        0.12757417       -0.05552829        0.13913504       -0.00000006        0.00000002        0.00000006
     4374.        0.12752484       -0.05621639        0.13936595       -0.00000005        0.00000002        0.00000006
     4375.        0.12746307       -0.05692573        0.13959718       -0.00000005        0.00000002        0.00000006
     4376.        0.12738108       -0.05765316        0.13982070       -0.00000005        0.00000002        0.00000006
     4377.        0.12727265       -0.05839388        0.14002919       -0.00000005        0.00000002        0.00000006
     4378.        0.12713291       -0.05914163        0.14021594       -0.00000005        0.00000003        0.00000006
     4379.        0.12695883       -0.05988961        0.14037560       -0.00000005        0.00000003        0.00000006
     4380.        0.12674946       -0.06062999        0.14050416       -0.00000005        0.00000003        0.00000006
     4381.        0.12650575       -0.06135560        0.14059948       -0.00000005        0.00000003        0.00000006
     4382.        0.12623057       -0.06205966        0.14066115       -0.00000005        0.00000003        0.00000006
     4383.        0.12592800       -0.06273651        0.14069019       -0.00000005        0.00000003        0.00000006
     4384.        0.12560359       -0.06338164        0.14068935       -0.00000005        0.00000003        0.00000006
     4385.        0.12526342       -0.06399216        0.14066244       -0.00000005        0.00000003        0.00000006
     4386.        0.12491413       -0.06456637        0.14061421       -0.00000005        0.00000003        0.00000006
     4387.        0.12456217       -0.06510493        0.14055030       -0.00000005        0.00000003        0.00000006
     4388.        0.12421382       -0.06560877        0.14047628       -0.00000005        0.00000003        0.00000006
     4389.        0.12387445       -0.06608150        0.14039816       -0.00000005        0.00000003        0.00000006
     4390.        0.12354851       -0.06652649        0.14032109       -0.00000005        0.00000003        0.00000006
     4391.        0.12323929       -0.06694840        0.14024982       -0.00000005        0.00000003        0.00000006
     4392.        0.12294938       -0.06735190        0.14018855       -0.00000005        0.00000003        0.00000006
     4393.        0.12267967       -0.06774247        0.14014045       -0.00000005        0.00000003        0.00000006
     4394.        0.12243010       -0.06812488        0.14010756       -0.00000005        0.00000003        0.00000006
     4395.        0.12219986       -0.06850348        0.14009116       -0.00000005        0.00000003        0.00000006
     4396.        0.12198691       -0.06888240        0.14009137       -0.00000005        0.00000003        0.00000006
     4397.        0.12178943       -0.06926534        0.14010836       -0.00000005        0.00000003        0.00000006
     4398.        0.12160411       -0.06965454        0.14014033       -0.00000005        0.00000003        0.00000006
     4399.        0.12142783       -0.07005249        0.14018584       -0.00000005        0.00000003        0.00000006
     4400.        0.12125723       -0.07046001        0.14024239       -0.00000005        0.00000003        0.00000006
     4401.        0.12108913       -0.07087815        0.14030784       -0.00000005        0.00000003        0.00000006
     4402.        0.12092034       -0.07130671        0.14037940       -0.00000005        0.00000003        0.00000006
     4403.        0.12074789       -0.07174478        0.14045415       -0.00000005        0.00000003        0.00000006
     4404.        0.12056878       -0.07219115        0.14052898       -0.00000005        0.00000003        0.00000006
     4405.        0.12038072       -0.07264463        0.14060142       -0.00000005        0.00000003        0.00000006
     4406.        0.12018193       -0.07310299        0.14066891       -0.00000005        0.00000003        0.00000006
     4407.        0.11997083       -0.07356424        0.14072916       -0.00000005        0.00000003        0.00000006
     4408.        0.11974661       -0.07402562        0.14078013       -0.00000005        0.00000003        0.00000006
     4409.        0.11950870       -0.07448485        0.14082018       -0.00000005        0.00000003        0.00000006
     4410.        0.11925704       -0.07493962        0.14084810       -0.00000005        0.00000003        0.00000006
     4411.        0.11899180       -0.07538735        0.14086271       -0.00000005        0.00000003        0.00000006
     4412.        0.11871420       -0.07582621        0.14086403       -0.00000005        0.00000003        0.00000006
     4413.        0.11842519       -0.07625383        0.14085159       -0.00000005        0.00000003        0.00000006
     4414.        0.11812626       -0.07666885        0.14082587       -0.00000005        0.00000003        0.00000006
     4415.        0.11781916       -0.07706964        0.14078737       -0.00000005        0.00000003        0.00000005
     4416.        0.11750591       -0.07745533        0.14073723       -0.00000005        0.00000003        0.00000005
     4417.        0.11718831       -0.07782505        0.14067637       -0.00000005        0.00000003        0.00000005
     4418.        0.11686867       -0.07817868        0.14060652       -0.00000005        0.00000003        0.00000005
     4419.        0.11654908       -0.07851612        0.14052924       -0.00000005        0.00000003        0.00000005
     4420.        0.11623136       -0.07883803        0.14044630       -0.00000004        0.00000003        0.00000005
     4421.        0.11591763       -0.07914482        0.14035954       -0.00000004        0.00000003        0.00000005
     4422.        0.11560925       -0.07943744        0.14027047       -0.00000004        0.00000003        0.00000005
     4423.        0.11530783       -0.07971736        0.14018115       -0.00000004        0.00000003        0.00000005
     4424.        0.11501502       -0.07998554        0.14009333       -0.00000004        0.00000003        0.00000005
     4425.        0.11473115       -0.08024399        0.14000834       -0.00000004        0.00000003        0.00000005
     4426.        0.11445761       -0.08049398        0.13992793       -0.00000004        0.00000003        0.00000005
     4427.        0.11419450       -0.08073754        0.13985325       -0.00000004        0.00000003        0.00000005
     4428.        0.11394215       -0.08097595        0.13978526       -0.00000004        0.00000003        0.00000005
     4429.        0.11370041       -0.08121103        0.13972478       -0.00000004        0.00000003        0.00000005
     4430.        0.11346935       -0.08144435        0.13967274       -0.00000004        0.00000003        0.00000005
     4431.        0.11324826       -0.08167749        0.13962944       -0.00000004        0.00000003        0.00000005
     4432.        0.11303644       -0.08191177        0.13959504       -0.00000004        0.00000003        0.00000005
     4433.        0.11283315       -0.08214827        0.13956954       -0.00000004        0.00000003        0.00000005
     4434.        0.11263739       -0.08238834        0.13955294       -0.00000004        0.00000003        0.00000005
     4435.        0.11244818       -0.08263280        0.13954488       -0.00000004        0.00000003        0.00000005
     4436.        0.11226448       -0.08288222        0.13954489       -0.00000004        0.00000003        0.00000005
     4437.        0.11208501       -0.08313716        0.13955227       -0.00000004        0.00000003        0.00000005
     4438.        0.11190846       -0.08339820        0.13956634       -0.00000004        0.00000003        0.00000005
     4439.        0.11173379       -0.08366537        0.13958630       -0.00000004        0.00000003        0.00000005
     4440.        0.11155995       -0.08393871        0.13961135       -0.00000004        0.00000003        0.00000005
     4441.        0.11138532       -0.08421852        0.13964043       -0.00000004        0.00000003        0.00000005
     4442.        0.11120939       -0.08450404        0.13967269       -0.00000004        0.00000003        0.00000005
     4443.        0.11103106       -0.08479502        0.13970716       -0.00000004        0.00000003        0.00000005
     4444.        0.11084898       -0.08509122        0.13974266       -0.00000004        0.00000003        0.00000005
     4445.        0.11066259       -0.08539185        0.13977832       -0.00000004        0.00000003        0.00000005
     4446.        0.11047106       -0.08569667        0.13981336       -0.00000004        0.00000003        0.00000005
     4447.        0.11027383       -0.08600433        0.13984657       -0.00000004        0.00000003        0.00000005
     4448.        0.11007061       -0.08631429        0.13987743       -0.00000004        0.00000003        0.00000005
     4449.        0.10986054       -0.08662602        0.13990499       -0.00000004        0.00000003        0.00000005
     4450.        0.10964360       -0.08693842        0.13992858       -0.00000004        0.00000003        0.00000005
     4451.        0.10941976       -0.08725066        0.13994771       -0.00000004        0.00000003        0.00000005
     4452.        0.10918901       -0.08756219        0.13996205       -0.00000004        0.00000003        0.00000005
     4453.        0.10895103       -0.08787189        0.13997070       -0.00000004        0.00000003        0.00000005
     4454.        0.10870608       -0.08817947        0.13997368       -0.00000004        0.00000003        0.00000005
     4455.        0.10845497       -0.08848408        0.13997111       -0.00000004        0.00000003        0.00000005
     4456.        0.10819711       -0.08878486        0.13996202       -0.00000004        0.00000003        0.00000005
     4457.        0.10793389       -0.08908180        0.13994746       -0.00000004        0.00000003        0.00000005
     4458.        0.10766500       -0.08937459        0.13992701       -0.00000004        0.00000003        0.00000005
     4459.        0.10739127       -0.08966291        0.13990112       -0.00000004        0.00000003        0.00000005
     4460.        0.10711325       -0.08994703        0.13987036       -0.00000004        0.00000003        0.00000005
     4461.        0.10683178       -0.09022748        0.13983572       -0.00000004        0.00000003        0.00000005
     4462.        0.10654713       -0.09050791        0.13979976       -0.00000004        0.00000003        0.00000005
     4463.        0.10625054       -0.09079256        0.13975860       -0.00000004        0.00000003        0.00000005
     4464.        0.10593288       -0.09104916        0.13968437       -0.00000004        0.00000003        0.00000005
     4465.        0.10561903       -0.09132437        0.13962636       -0.00000004        0.00000003        0.00000005
     4466.        0.10527291       -0.09155631        0.13951683       -0.00000004        0.00000003        0.00000005
     4467.        0.10496787       -0.09177209        0.13942873       -0.00000004        0.00000003        0.00000005
     4468.        0.10465304       -0.09200958        0.13934856       -0.00000004        0.00000003        0.00000005
     4469.        0.10431067       -0.09223258        0.13923924       -0.00000004        0.00000003        0.00000005
     4470.        0.10396440       -0.09241751        0.13910282       -0.00000004        0.00000003        0.00000005
     4471.        0.10364464       -0.09257938        0.13897177       -0.00000004        0.00000003        0.00000005
     4472.        0.10334639       -0.09274740        0.13886164       -0.00000004        0.00000003        0.00000005
     4473.        0.10304759       -0.09292591        0.13875890       -0.00000004        0.00000003        0.00000005
     4474.        0.10273815       -0.09310315        0.13864821       -0.00000004        0.00000003        0.00000005
     4475.        0.10241948       -0.09326726        0.13852267       -0.00000004        0.00000003        0.00000005
     4476.        0.10210051       -0.09341149        0.13838432       -0.00000004        0.00000003        0.00000005
     4477.        0.10179201       -0.09353632        0.13824130       -0.00000004        0.00000003        0.00000005
     4478.        0.10150159       -0.09364980        0.13810452       -0.00000003        0.00000003        0.00000005
     4479.        0.10122880       -0.09376234        0.13798060       -0.00000003        0.00000003        0.00000005
     4480.        0.10096820       -0.09388037        0.13786987       -0.00000003        0.00000003        0.00000005
     4481.        0.10071226       -0.09400479        0.13776741       -0.00000003        0.00000003        0.00000005
     4482.        0.10045663       -0.09413302        0.13766829       -0.00000003        0.00000003        0.00000005
     4483.        0.10019927       -0.09426154        0.13756864       -0.00000003        0.00000003        0.00000005
     4484.        0.09994018       -0.09438625        0.13746564       -0.00000003        0.00000003        0.00000005
     4485.        0.09968172       -0.09450448        0.13735917       -0.00000003        0.00000003        0.00000005
     4486.        0.09942656       -0.09461590        0.13725090       -0.00000003        0.00000003        0.00000005
     4487.        0.09917769       -0.09472077        0.13714313       -0.00000003        0.00000003        0.00000005
     4488.        0.09893781       -0.09482114        0.13703919       -0.00000003        0.00000003        0.00000005
     4489.        0.09870789       -0.09491965        0.13694155       -0.00000003        0.00000003        0.00000005
     4490.        0.09848737       -0.09502016        0.13685245       -0.00000003        0.00000003        0.00000005
     4491.        0.09827485       -0.09512447        0.13677212       -0.00000003        0.00000003        0.00000005
     4492.        0.09806768       -0.09523439        0.13669989       -0.00000003        0.00000003        0.00000005
     4493.        0.09786382       -0.09535056        0.13663475       -0.00000003        0.00000003        0.00000005
     4494.        0.09766090       -0.09547239        0.13657463       -0.00000003        0.00000003        0.00000005
     4495.        0.09745713       -0.09559875        0.13651744       -0.00000003        0.00000003        0.00000005
     4496.        0.09725162       -0.09572813        0.13646154       -0.00000003        0.00000003        0.00000005
     4497.        0.09704347       -0.09585967        0.13640569       -0.00000003        0.00000003        0.00000005
     4498.        0.09683297       -0.09599157        0.13634884       -0.00000003        0.00000003        0.00000005
     4499.        0.09662073       -0.09612322        0.13629101       -0.00000003        0.00000003        0.00000005
     4500.        0.09640674       -0.09625342        0.13623135       -0.00000003        0.00000003        0.00000005
     4501.        0.09619253       -0.09638217        0.13617094       -0.00000003        0.00000003        0.00000004
     4502.        0.09597810       -0.09650915        0.13610955       -0.00000003        0.00000003        0.00000004
     4503.        0.09576406       -0.09663496        0.13604804       -0.00000003        0.00000003        0.00000004
     4504.        0.09555134       -0.09675961        0.13598706       -0.00000003        0.00000003        0.00000004
     4505.        0.09533996       -0.09688399        0.13592724       -0.00000003        0.00000003        0.00000004
     4506.        0.09512993       -0.09700874        0.13586905       -0.00000003        0.00000003        0.00000004
     4507.        0.09492066       -0.09713414        0.13581227       -0.00000003        0.00000003        0.00000004
     4508.        0.09471155       -0.09726052        0.13575672       -0.00000003        0.00000003        0.00000004
     4509.        0.09450230       -0.09738851        0.13570263       -0.00000003        0.00000003        0.00000004
     4510.        0.09429230       -0.09751779        0.13564938       -0.00000003        0.00000003        0.00000004
     4511.        0.09408063       -0.09764838        0.13559635       -0.00000003        0.00000003        0.00000004
     4512.        0.09386668       -0.09777997        0.13554289       -0.00000003        0.00000003        0.00000004
     4513.        0.09365013       -0.09791166        0.13548815       -0.00000003        0.00000003        0.00000004
     4514.        0.09343036       -0.09804344        0.13543171       -0.00000003        0.00000003        0.00000004
     4515.        0.09320737       -0.09817407        0.13537267       -0.00000003        0.00000003        0.00000004
     4516.        0.09298114       -0.09830323        0.13531082       -0.00000003        0.00000003        0.00000004
     4517.        0.09275167       -0.09843031        0.13524569       -0.00000003        0.00000003        0.00000004
     4518.        0.09251926       -0.09855466        0.13517705       -0.00000003        0.00000003        0.00000004
     4519.        0.09228422       -0.09867565        0.13510463       -0.00000003        0.00000003        0.00000004
     4520.        0.09204654       -0.09879296        0.13502820       -0.00000003        0.00000003        0.00000004
     4521.        0.09180716       -0.09890594        0.13494791       -0.00000003        0.00000003        0.00000004
     4522.        0.09156609       -0.09901456        0.13486375       -0.00000003        0.00000003        0.00000004
     4523.        0.09132457       -0.09911882        0.13477655       -0.00000003        0.00000003        0.00000004
     4524.        0.09108230       -0.09921806        0.13468559       -0.00000003        0.00000003        0.00000004
     4525.        0.09084023       -0.09931321        0.13459220       -0.00000003        0.00000003        0.00000004
     4526.        0.09059837       -0.09940330        0.13449565       -0.00000003        0.00000003        0.00000004
     4527.        0.09035768       -0.09948926        0.13439725       -0.00000003        0.00000003        0.00000004
     4528.        0.09011817       -0.09957106        0.13429699       -0.00000003        0.00000003        0.00000004
     4529.        0.08988049       -0.09964870        0.13419525       -0.00000003        0.00000003        0.00000004
     4530.        0.08964402       -0.09972279        0.13409208       -0.00000003        0.00000003        0.00000004
     4531.        0.08940974       -0.09979331        0.13398808       -0.00000003        0.00000003        0.00000004
     4532.        0.08917766       -0.09986057        0.13388349       -0.00000003        0.00000003        0.00000004
     4533.        0.08894747       -0.09992489        0.13377831       -0.00000003        0.00000003        0.00000004
     4534.        0.08871952       -0.09998655        0.13367298       -0.00000003        0.00000003        0.00000004
     4535.        0.08849383       -0.10004524        0.13356724       -0.00000003        0.00000003        0.00000004
     4536.        0.08827041       -0.10010159        0.13346158       -0.00000003        0.00000003        0.00000004
     4537.        0.08804896       -0.10015558        0.13335576       -0.00000003        0.00000003        0.00000004
     4538.        0.08782982       -0.10020753        0.13325024       -0.00000003        0.00000003        0.00000004
     4539.        0.08761268       -0.10025712        0.13314455       -0.00000003        0.00000003        0.00000004
     4540.        0.08739789       -0.10030465        0.13303915       -0.00000003        0.00000003        0.00000004
     4541.        0.08718514       -0.10035012        0.13293380       -0.00000003        0.00000003        0.00000004
     4542.        0.08697477       -0.10039385        0.13282897       -0.00000003        0.00000003        0.00000004
     4543.        0.08676647       -0.10043550        0.13272419       -0.00000003        0.00000003        0.00000004
     4544.        0.08656026       -0.10047507        0.13261945       -0.00000003        0.00000003        0.00000004
     4545.        0.08635649       -0.10051321        0.13251546       -0.00000003        0.00000003        0.00000004
     4546.        0.08615549       -0.10054925        0.13241193       -0.00000003        0.00000003        0.00000004
     4547.        0.08595663       -0.10058385        0.13230893       -0.00000003        0.00000003        0.00000004
     4548.        0.08576026       -0.10061667        0.13220642       -0.00000003        0.00000003        0.00000004
     4549.        0.08556640       -0.10064772        0.13210440       -0.00000003        0.00000003        0.00000004
     4550.        0.08537572       -0.10067763        0.13200378       -0.00000003        0.00000003        0.00000004
     4551.        0.08518725       -0.10070607        0.13190368       -0.00000003        0.00000003        0.00000004
     4552.        0.08500199       -0.10073339        0.13180499       -0.00000003        0.00000003        0.00000004
     4553.        0.08481965       -0.10075989        0.13170774       -0.00000003        0.00000003        0.00000004
     4554.        0.08464024       -0.10078526        0.13161169       -0.00000003        0.00000003        0.00000004
     4555.        0.08446377       -0.10081014        0.13151735       -0.00000003        0.00000003        0.00000004
     4556.        0.08429028       -0.10083421        0.13142446       -0.00000003        0.00000003        0.00000004
     4557.        0.08412010       -0.10085814        0.13133375       -0.00000003        0.00000003        0.00000004
     4558.        0.08395259       -0.10088192        0.13124481       -0.00000003        0.00000003        0.00000004
     4559.        0.08378845       -0.10090555        0.13115805       -0.00000003        0.00000003        0.00000004
     4560.        0.08362702       -0.10092971        0.13107358       -0.00000003        0.00000003        0.00000004
     4561.        0.08346832       -0.10095407        0.13099116       -0.00000003        0.00000003        0.00000004
     4562.        0.08331270       -0.10097929        0.13091151       -0.00000002        0.00000003        0.00000004
     4563.        0.08315951       -0.10100506        0.13083396       -0.00000002        0.00000003        0.00000004
     4564.        0.08300911       -0.10103204        0.13075926       -0.00000002        0.00000003        0.00000004
     4565.        0.08286117       -0.10105992        0.13068695       -0.00000002        0.00000003        0.00000004
     4566.        0.08271537       -0.10108902        0.13061709       -0.00000002        0.00000003        0.00000004
     4567.        0.08257174       -0.10111970        0.13054994       -0.00000002        0.00000003        0.00000004
     4568.        0.08243028       -0.10115163        0.13048526       -0.00000002        0.00000003        0.00000004
     4569.        0.08229033       -0.10118516        0.13042291       -0.00000002        0.00000003        0.00000004
     4570.        0.08215225       -0.10122063        0.13036337       -0.00000002        0.00000003        0.00000004
     4571.        0.08201537       -0.10125772        0.13030597       -0.00000002        0.00000003        0.00000004
     4572.        0.08187969       -0.10129643        0.13025072       -0.00000002        0.00000003        0.00000004
     4573.        0.08174523       -0.10133712        0.13019791       -0.00000002        0.00000003        0.00000004
     4574.        0.08161132       -0.10137946        0.13014685       -0.00000002        0.00000003        0.00000004
     4575.        0.08147830       -0.10142379        0.13009803       -0.00000002        0.00000003        0.00000004
     4576.        0.08134551       -0.10146978        0.13005079       -0.00000002        0.00000003        0.00000004
     4577.        0.08121328       -0.10151746        0.13000535       -0.00000002        0.00000003        0.00000004
     4578.        0.08108095       -0.10156716        0.12996156       -0.00000002        0.00000003        0.00000004
     4579.        0.08094885       -0.10161821        0.12991912       -0.00000002        0.00000003        0.00000004
     4580.        0.08081631       -0.10167063        0.12987761       -0.00000002        0.00000003        0.00000004
     4581.        0.08068332       -0.10172511        0.12983757       -0.00000002        0.00000003        0.00000004
     4582.        0.08054990       -0.10178062        0.12979823       -0.00000002        0.00000003        0.00000004
     4583.        0.08041604       -0.10183717        0.12975958       -0.00000002        0.00000003        0.00000004
     4584.        0.08028140       -0.10189511        0.12972169       -0.00000002        0.00000003        0.00000004
     4585.        0.08014598       -0.10195446        0.12968458       -0.00000002        0.00000003        0.00000004
     4586.        0.08000943       -0.10201418        0.12964722       -0.00000002        0.00000003        0.00000004
     4587.        0.07987211       -0.10207497        0.12961039       -0.00000002        0.00000003        0.00000004
     4588.        0.07973366       -0.10213648        0.12957360       -0.00000002        0.00000003        0.00000004
     4589.        0.07959374       -0.10219873        0.12953665       -0.00000002        0.00000003        0.00000004
     4590.        0.07945303       -0.10226102        0.12949942       -0.00000002        0.00000003        0.00000004
     4591.        0.07931120       -0.10232370        0.12946199       -0.00000002        0.00000003        0.00000004
     4592.        0.07916790       -0.10238677        0.12942414       -0.00000002        0.00000003        0.00000004
     4593.        0.07902346       -0.10244989        0.12938581       -0.00000002        0.00000003        0.00000004
     4594.        0.07887789       -0.10251272        0.12934674       -0.00000002        0.00000003        0.00000004
     4595.        0.07873085       -0.10257559        0.12930699       -0.00000002        0.00000003        0.00000004
     4596.        0.07858266       -0.10263782        0.12926623       -0.00000002        0.00000003        0.00000004
     4597.        0.07843335       -0.10270010        0.12922500       -0.00000002        0.00000003        0.00000004
     4598.        0.07828255       -0.10276138        0.12918227       -0.00000002        0.00000003        0.00000004
     4599.        0.07813096       -0.10282237        0.12913902       -0.00000002        0.00000003        0.00000004
     4600.        0.07797789       -0.10288270        0.12909454       -0.00000002        0.00000003        0.00000004
     4601.        0.07782403       -0.10294203        0.12904898       -0.00000002        0.00000003        0.00000004
     4602.        0.07766868       -0.10300035        0.12900192       -0.00000002        0.00000003        0.00000004
     4603.        0.07751290       -0.10305766        0.12895398       -0.00000002        0.00000003        0.00000004
     4604.        0.07735562       -0.10311431        0.12890482       -0.00000002        0.00000003        0.00000004
     4605.        0.07719756       -0.10316959        0.12885429       -0.00000002        0.00000003        0.00000004
     4606.        0.07703908       -0.10322350        0.12880260       -0.00000002        0.00000003        0.00000004
     4607.        0.07687946       -0.10327603        0.12874932       -0.00000002        0.00000003        0.00000004
     4608.        0.07671905       -0.10332753        0.12869496       -0.00000002        0.00000003        0.00000004
     4609.        0.07655822       -0.10337765        0.12863942       -0.00000002        0.00000003        0.00000004
     4610.        0.07639661       -0.10342603        0.12858221       -0.00000002        0.00000003        0.00000004
     4611.        0.07623458       -0.10347301        0.12852383       -0.00000002        0.00000003        0.00000004
     4612.        0.07607214       -0.10351859        0.12846427       -0.00000002        0.00000003        0.00000004
     4613.        0.07590927       -0.10356241        0.12840323       -0.00000002        0.00000003        0.00000004
     4614.        0.07574636       -0.10360482        0.12834122       -0.00000002        0.00000003        0.00000004
     4615.        0.07558303       -0.10364582        0.12827802       -0.00000002        0.00000003        0.00000004
     4616.        0.07541929       -0.10368469        0.12821305       -0.00000002        0.00000003        0.00000004
     4617.        0.07525587       -0.10372214        0.12814729       -0.00000002        0.00000003        0.00000004
     4618.        0.07509205       -0.10375780        0.12808004       -0.00000002        0.00000003        0.00000004
     4619.        0.07492856       -0.10379203        0.12801200       -0.00000002        0.00000003        0.00000004
     4620.        0.07476539       -0.10382410        0.12794259       -0.00000002        0.00000003        0.00000004
     4621.        0.07460183       -0.10385473        0.12787196       -0.00000002        0.00000003        0.00000004
     4622.        0.07443897       -0.10388355        0.12780044       -0.00000002        0.00000003        0.00000004
     4623.        0.07427646       -0.10391093        0.12772812       -0.00000002        0.00000003        0.00000004
     4624.        0.07411430       -0.10393612        0.12765440       -0.00000002        0.00000003        0.00000003
     4625.        0.07395249       -0.10395985        0.12757987       -0.00000002        0.00000003        0.00000003
     4626.        0.07379104       -0.10398213        0.12750451       -0.00000002        0.00000003        0.00000003
     4627.        0.07363032       -0.10400257        0.12742825       -0.00000002        0.00000003        0.00000003
     4628.        0.07347034       -0.10402117        0.12735107       -0.00000002        0.00000003        0.00000003
     4629.        0.07331110       -0.10403830        0.12727327       -0.00000002        0.00000003        0.00000003
     4630.        0.07315261       -0.10405358        0.12719454       -0.00000002        0.00000003        0.00000003
     4631.        0.07299525       -0.10406737        0.12711540       -0.00000002        0.00000003        0.00000003
     4632.        0.07283828       -0.10407967        0.12703541       -0.00000002        0.00000003        0.00000003
     4633.        0.07268282       -0.10409049        0.12695520       -0.00000002        0.00000003        0.00000003
     4634.        0.07252814       -0.10409943        0.12687405       -0.00000002        0.00000003        0.00000003
     4635.        0.07237425       -0.10410725        0.12679255       -0.00000002        0.00000003        0.00000003
     4636.        0.07222188       -0.10411356        0.12671083       -0.00000002        0.00000003        0.00000003
     4637.        0.07207031       -0.10411836        0.12662845       -0.00000002        0.00000003        0.00000003
     4638.        0.07192030       -0.10412202        0.12654614       -0.00000002        0.00000003        0.00000003
     4639.        0.07177147       -0.10412417        0.12646338       -0.00000002        0.00000003        0.00000003
     4640.        0.07162420       -0.10412480        0.12638038       -0.00000002        0.00000003        0.00000003
     4641.        0.07147777       -0.10412465        0.12629732       -0.00000002        0.00000003        0.00000003
     4642.        0.07133329       -0.10412297        0.12621423       -0.00000002        0.00000003        0.00000003
     4643.        0.07118966       -0.10412014        0.12613077       -0.00000002        0.00000003        0.00000003
     4644.        0.07104800       -0.10411653        0.12604789       -0.00000002        0.00000003        0.00000003
     4645.        0.07090758       -0.10411176        0.12596485       -0.00000002        0.00000003        0.00000003
     4646.        0.07076878       -0.10410583        0.12588187       -0.00000002        0.00000003        0.00000003
     4647.        0.07063161       -0.10409911        0.12579924       -0.00000002        0.00000003        0.00000003
     4648.        0.07049608       -0.10409160        0.12571698       -0.00000002        0.00000003        0.00000003
     4649.        0.07036219       -0.10408330        0.12563507       -0.00000002        0.00000003        0.00000003
     4650.        0.07022996       -0.10407421        0.12555353       -0.00000002        0.00000003        0.00000003
     4651.        0.07009940       -0.10406433        0.12547235       -0.00000002        0.00000003        0.00000003
     4652.        0.06997013       -0.10405366        0.12539132       -0.00000002        0.00000003        0.00000003
     4653.        0.06984292       -0.10404295        0.12531149       -0.00000002        0.00000003        0.00000003
     4654.        0.06971741       -0.10403145        0.12523202       -0.00000002        0.00000003        0.00000003
     4655.        0.06959359       -0.10401954        0.12515323       -0.00000002        0.00000003        0.00000003
     4656.        0.06947149       -0.10400721        0.12507513       -0.00000002        0.00000003        0.00000003
     4657.        0.06935112       -0.10399447        0.12499770       -0.00000002        0.00000003        0.00000003
     4658.        0.06923208       -0.10398131        0.12492075       -0.00000002        0.00000003        0.00000003
     4659.        0.06911517       -0.10396851        0.12484534       -0.00000002        0.00000003        0.00000003
     4660.        0.06900001       -0.10395530        0.12477061       -0.00000002        0.00000003        0.00000003
     4661.        0.06888622       -0.10394206        0.12469669       -0.00000002        0.00000003        0.00000003
     4662.        0.06877458       -0.10392842        0.12462367       -0.00000002        0.00000003        0.00000003
     4663.        0.06866433       -0.10391552        0.12455210       -0.00000002        0.00000003        0.00000003
     4664.        0.06855548       -0.10390221        0.12448102       -0.00000002        0.00000003        0.00000003
     4665.        0.06844842       -0.10388927        0.12441128       -0.00000002        0.00000003        0.00000003
     4666.        0.06834316       -0.10387632        0.12434258       -0.00000002        0.00000003        0.00000003
     4667.        0.06823933       -0.10386412        0.12427535       -0.00000002        0.00000003        0.00000003
     4668.        0.06813731       -0.10385191        0.12420915       -0.00000002        0.00000003        0.00000003
     4669.        0.06803635       -0.10384008        0.12414390       -0.00000002        0.00000003        0.00000003
     4670.        0.06793722       -0.10382864        0.12408002       -0.00000002        0.00000003        0.00000003
     4671.        0.06783954       -0.10381796        0.12401763       -0.00000002        0.00000003        0.00000003
     4672.        0.06774333       -0.10380767        0.12395641       -0.00000002        0.00000003        0.00000003
     4673.        0.06764820       -0.10379778        0.12389616       -0.00000002        0.00000003        0.00000003
     4674.        0.06755454       -0.10378867        0.12383741       -0.00000002        0.00000003        0.00000003
     4675.        0.06746237       -0.10378035        0.12378018       -0.00000002        0.00000003        0.00000003
     4676.        0.06737131       -0.10377244        0.12372393       -0.00000002        0.00000003        0.00000003
     4677.        0.06728135       -0.10376571        0.12366933       -0.00000002        0.00000003        0.00000003
     4678.        0.06719289       -0.10375940        0.12361593       -0.00000002        0.00000003        0.00000003
     4679.        0.06710556       -0.10375389        0.12356385       -0.00000002        0.00000003        0.00000003
     4680.        0.06701896       -0.10374959        0.12351323       -0.00000002        0.00000003        0.00000003
     4681.        0.06693349       -0.10374571        0.12346362       -0.00000002        0.00000003        0.00000003
     4682.        0.06684916       -0.10374305        0.12341568       -0.00000002        0.00000003        0.00000003
     4683.        0.06676558       -0.10374121        0.12336888       -0.00000002        0.00000003        0.00000003
     4684.        0.06668315       -0.10374021        0.12332345       -0.00000002        0.00000003        0.00000003
     4685.        0.06660109       -0.10374043        0.12327929       -0.00000002        0.00000003        0.00000003
     4686.        0.06652018       -0.10374150        0.12323650       -0.00000002        0.00000003        0.00000003
     4687.        0.06644005       -0.10374342        0.12319487       -0.00000002        0.00000003        0.00000003
     4688.        0.06636029       -0.10374658        0.12315454       -0.00000002        0.00000003        0.00000003
     4689.        0.06628132       -0.10375060        0.12311539       -0.00000002        0.00000003        0.00000003
     4690.        0.06620273       -0.10375548        0.12307722       -0.00000002        0.00000003        0.00000003
     4691.        0.06612492       -0.10376163        0.12304056       -0.00000002        0.00000003        0.00000003
     4692.        0.06604711       -0.10376904        0.12300502       -0.00000002        0.00000003        0.00000003
     4693.        0.06597009       -0.10377733        0.12297068       -0.00000002        0.00000003        0.00000003
     4694.        0.06589308       -0.10378651        0.12293712       -0.00000002        0.00000003        0.00000003
     4695.        0.06581686       -0.10379657        0.12290479       -0.00000002        0.00000003        0.00000003
     4696.        0.06574025       -0.10380792        0.12287337       -0.00000002        0.00000003        0.00000003
     4697.        0.06566445       -0.10382056        0.12284352       -0.00000002        0.00000003        0.00000003
     4698.        0.06558826       -0.10383371        0.12281392       -0.00000002        0.00000003        0.00000003
     4699.        0.06551248       -0.10384817        0.12278570       -0.00000002        0.00000003        0.00000003
     4700.        0.06543671       -0.10386354        0.12275829       -0.00000002        0.00000003        0.00000003
     4701.        0.06536056       -0.10387982        0.12273150       -0.00000002        0.00000003        0.00000003
     4702.        0.06528482       -0.10389703        0.12270575       -0.00000002        0.00000003        0.00000003
     4703.        0.06520870       -0.10391515        0.12268062       -0.00000002        0.00000003        0.00000003
     4704.        0.06513260       -0.10393421        0.12265633       -0.00000002        0.00000003        0.00000003
     4705.        0.06505612       -0.10395421        0.12263268       -0.00000002        0.00000003        0.00000003
     4706.        0.06497925       -0.10397514        0.12260967       -0.00000002        0.00000003        0.00000003
     4707.        0.06490241       -0.10399661        0.12258718       -0.00000002        0.00000003        0.00000003
     4708.        0.06482518       -0.10401902        0.12256533       -0.00000002        0.00000003        0.00000003
     4709.        0.06474757       -0.10404239        0.12254414       -0.00000002        0.00000003        0.00000003
     4710.        0.06466958       -0.10406631        0.12252327       -0.00000002        0.00000003        0.00000003
     4711.        0.06459080       -0.10409119        0.12250285       -0.00000002        0.00000003        0.00000003
     4712.        0.06451205       -0.10411621        0.12248261       -0.00000002        0.00000003        0.00000003
     4713.        0.06443251       -0.10414221        0.12246284       -0.00000002        0.00000003        0.00000003
     4714.        0.06435259       -0.10416876        0.12244340       -0.00000002        0.00000003        0.00000003
     4715.        0.06427229       -0.10419589        0.12242430       -0.00000002        0.00000003        0.00000003
     4716.        0.06419120       -0.10422358        0.12240533       -0.00000002        0.00000003        0.00000003
     4717.        0.06410931       -0.10425184        0.12238648       -0.00000002        0.00000003        0.00000003
     4718.        0.06402705       -0.10428068        0.12236798       -0.00000002        0.00000003        0.00000003
     4719.        0.06394399       -0.10430968        0.12234927       -0.00000002        0.00000003        0.00000003
     4720.        0.06386055       -0.10433886        0.12233056       -0.00000002        0.00000003        0.00000003
     4721.        0.06377590       -0.10436862        0.12231179       -0.00000002        0.00000003        0.00000003
     4722.        0.06369087       -0.10439855        0.12229302       -0.00000002        0.00000003        0.00000003
     4723.        0.06360545       -0.10442906        0.12227462       -0.00000002        0.00000003        0.00000003
     4724.        0.06351883       -0.10445935        0.12225546       -0.00000002        0.00000003        0.00000003
     4725.        0.06343182       -0.10448981        0.12223631       -0.00000002        0.00000003        0.00000003
     4726.        0.06334359       -0.10452086        0.12221711       -0.00000002        0.00000003        0.00000003
     4727.        0.06325498       -0.10455127        0.12219722       -0.00000002        0.00000003        0.00000003
     4728.        0.06316557       -0.10458228        0.12217750       -0.00000002        0.00000003        0.00000003
     4729.        0.06307535       -0.10461305        0.12215724       -0.00000002        0.00000003        0.00000003
     4730.        0.06298433       -0.10464401        0.12213679       -0.00000002        0.00000003        0.00000003
     4731.        0.06289250       -0.10467474        0.12211580       -0.00000002        0.00000003        0.00000003
     4732.        0.06280029       -0.10470524        0.12209449       -0.00000002        0.00000003        0.00000003
     4733.        0.06270685       -0.10473552        0.12207243       -0.00000002        0.00000003        0.00000003
     4734.        0.06261302       -0.10476556        0.12205004       -0.00000001        0.00000003        0.00000003
     4735.        0.06251838       -0.10479579        0.12202748       -0.00000001        0.00000003        0.00000003
     4736.        0.06242293       -0.10482538        0.12200403       -0.00000001        0.00000003        0.00000003
     4737.        0.06232666       -0.10485432        0.12197968       -0.00000001        0.00000002        0.00000003
     4738.        0.06223001       -0.10488345        0.12195537       -0.00000001        0.00000002        0.00000003
     4739.        0.06213254       -0.10491193        0.12193017       -0.00000001        0.00000002        0.00000003
     4740.        0.06203426       -0.10494019        0.12190444       -0.00000001        0.00000002        0.00000003
     4741.        0.06193558       -0.10496779        0.12187803       -0.00000001        0.00000002        0.00000003
     4742.        0.06183608       -0.10499475        0.12185072       -0.00000001        0.00000002        0.00000003
     4743.        0.06173577       -0.10502105        0.12182252       -0.00000001        0.00000002        0.00000003
     4744.        0.06163507       -0.10504712        0.12179400       -0.00000001        0.00000002        0.00000003
     4745.        0.06153396       -0.10507253        0.12176480       -0.00000001        0.00000002        0.00000003
     4746.        0.06143204       -0.10509730        0.12173470       -0.00000001        0.00000002        0.00000003
     4747.        0.06132973       -0.10512140        0.12170392       -0.00000001        0.00000002        0.00000003
     4748.        0.06122701       -0.10514485        0.12167246       -0.00000001        0.00000002        0.00000003
     4749.        0.06112348       -0.10516764        0.12164009       -0.00000001        0.00000002        0.00000003
