     4151.        0.00000000       -0.00000000        0.00000000        0.00000000        0.00000000        0.00000000
     4152.        0.00000000       -0.00000000        0.00000000        0.00000000        0.00000000        0.00000000
     4153.        0.00000000       -0.00000000        0.00000000        0.00000000        0.00000000        0.00000000
     4154.        0.00000000       -0.00000000        0.00000000        0.00000000        0.00000000        0.00000000
     4155.        0.00000000       -0.00000000        0.00000000        0.00000000        0.00000000        0.00000000
     4156.        0.00000000       -0.00000000        0.00000000        0.00000000        0.00000000        0.00000000
     4157.        0.00000000       -0.00000000        0.00000000        0.00000000        0.00000000        0.00000000
     4158.        0.00000000       -0.00000000        0.00000000        0.00000000        0.00000000        0.00000000
     4159.        0.00000000       -0.00000000        0.00000000        0.00000000        0.00000000        0.00000000
     4160.        0.00000000       -0.00000000        0.00000000        0.00000000        0.00000000        0.00000000
     4161.        0.00000000       -0.00000000        0.00000000        0.00000000        0.00000000        0.00000000
     4162.        0.00000000       -0.00000000        0.00000000        0.00000000        0.00000000        0.00000000
     4163.        0.00000000       -0.00000000        0.00000000        0.00000000        0.00000000        0.00000000
     4164.        0.00000000       -0.00000000        0.00000000        0.00000000        0.00000000        0.00000000
     4165.        0.00000000       -0.00000000        0.00000000        0.00000000        0.00000000        0.00000000
     4166.        0.00000000       -0.00000000        0.00000000        0.00000000        0.00000000        0.00000000
     4167.        0.00000000       -0.00000000        0.00000000        0.00000000        0.00000000        0.00000000
     4168.        0.00000000       -0.00000000        0.00000000        0.00000000        0.00000000        0.00000000
     4169.        0.00000000       -0.00000000        0.00000000        0.00000000        0.00000000        0.00000000
     4170.        0.00000000       -0.00000000        0.00000000        0.00000000        0.00000000        0.00000000
     4171.        0.00000000       -0.00000000        0.00000000        0.00000000        0.00000000        0.00000000
     4172.        0.00000000       -0.00000000        0.00000000        0.00000000        0.00000000        0.00000000
     4173.        0.00000000       -0.00000000        0.00000000        0.00000000        0.00000000        0.00000000
     4174.        0.00000000       -0.00000000        0.00000000        0.00000000        0.00000000        0.00000000
     4175.        0.00000000       -0.00000000        0.00000000        0.00000000        0.00000000        0.00000000
     4176.        0.00000000       -0.00000000        0.00000000        0.00000000        0.00000000        0.00000000
     4177.        0.00000000       -0.00000000        0.00000000        0.00000000        0.00000000        0.00000000
     4178.        0.00000000       -0.00000000        0.00000000        0.00000000        0.00000000        0.00000000
     4179.        0.00000000       -0.00000000        0.00000000        0.00000000        0.00000000        0.00000000
     4180.        0.00000000       -0.00000000        0.00000000        0.00000000        0.00000000        0.00000000
     4181.        0.00000000       -0.00000000        0.00000000        0.00000000        0.00000000        0.00000000
     4182.        0.00000000       -0.00000000        0.00000000        0.00000000        0.00000000        0.00000000
     4183.        0.00000000       -0.00000000        0.00000000        0.00000000        0.00000000        0.00000000
     4184.        0.00000000       -0.00000000        0.00000000        0.00000000        0.00000000        0.00000000
     4185.        0.00000000       -0.00000000        0.00000000        0.00000000        0.00000000        0.00000000
     4186.        0.00000000       -0.00000000        0.00000000        0.00000000        0.00000000        0.00000000
     4187.        0.00000000       -0.00000000        0.00000000        0.00000000        0.00000000        0.00000000
     4188.        0.00000000       -0.00000000        0.00000000        0.00000000        0.00000000        0.00000000
     4189.        0.00000000       -0.00000000        0.00000000        0.00000000        0.00000000        0.00000000
     4190.        0.00000000       -0.00000000        0.00000000        0.00000000        0.00000000        0.00000000
     4191.        0.00000000       -0.00000000        0.00000000        0.00000000        0.00000000        0.00000000
     4192.        0.00000000       -0.00000000        0.00000000        0.00000000        0.00000000        0.00000000
     4193.        0.00000000       -0.00000000        0.00000000        0.00000000        0.00000000        0.00000000
     4194.        0.00000000       -0.00000000        0.00000000        0.00000000        0.00000000        0.00000000
     4195.        0.00000000       -0.00000000        0.00000000        0.00000000        0.00000000        0.00000000
     4196.        0.00000000       -0.00000000        0.00000000        0.00000000        0.00000000        0.00000000
     4197.        0.00000000       -0.00000000        0.00000000        0.00000000        0.00000000        0.00000000
     4198.        0.00000000       -0.00000000        0.00000000        0.00000000        0.00000000        0.00000000
     4199.        0.00000000       -0.00000000        0.00000000        0.00000000        0.00000000        0.00000000
     4200.        0.00000000       -0.00000000        0.00000000        0.00000000        0.00000000        0.00000000
     4201.        0.00000000       -0.00000000        0.00000000        0.00000000        0.00000000        0.00000000
     4202.        0.00000000       -0.00000000        0.00000000        0.00000000        0.00000000        0.00000000
     4203.        0.00000000       -0.00000000        0.00000000        0.00000000        0.00000000        0.00000000
     4204.        0.00000000       -0.00000000        0.00000000        0.00000000        0.00000000        0.00000000
     4205.        0.00000000       -0.00000000        0.00000000        0.00000000        0.00000000        0.00000000
     4206.        0.00000000       -0.00000000        0.00000000        0.00000000        0.00000000        0.00000000
     4207.        0.00000000       -0.00000000        0.00000000        0.00000000        0.00000000        0.00000000
     4208.        0.00000000       -0.00000000        0.00000000        0.00000000        0.00000000        0.00000000
     4209.        0.00000000       -0.00000000        0.00000000        0.00000000        0.00000000        0.00000000
     4210.        0.00000000       -0.00000000        0.00000000        0.00000000        0.00000000        0.00000000
     4211.        0.00000000       -0.00000000        0.00000000        0.00000000        0.00000000        0.00000000
     4212.        0.00000000       -0.00000000        0.00000000        0.00000000        0.00000000        0.00000000
     4213.        0.00000000       -0.00000000        0.00000000        0.00000000        0.00000000        0.00000000
     4214.        0.00000000       -0.00000000        0.00000000        0.00000000        0.00000000        0.00000000
     4215.        0.00000000       -0.00000000        0.00000000        0.00000000        0.00000000        0.00000000
     4216.        0.00000000       -0.00000000        0.00000000        0.00000000        0.00000000        0.00000000
     4217.        0.00000000       -0.00000000        0.00000000        0.00000000        0.00000000        0.00000000
     4218.        0.00000000       -0.00000000        0.00000000        0.00000000        0.00000000        0.00000000
     4219.        0.00000000       -0.00000000        0.00000000        0.00000000        0.00000000        0.00000000
     4220.        0.00000000       -0.00000000        0.00000000        0.00000000        0.00000000        0.00000000
     4221.        0.00000000       -0.00000000        0.00000000        0.00000000        0.00000000        0.00000000
     4222.        0.00000000       -0.00000000        0.00000000        0.00000000        0.00000000        0.00000000
     4223.        0.00000000       -0.00000000        0.00000000        0.00000000        0.00000000        0.00000000
     4224.        0.00000000       -0.00000000        0.00000000        0.00000000        0.00000000        0.00000000
     4225.        0.00000000       -0.00000000        0.00000000        0.00000000        0.00000000        0.00000000
     4226.        0.00000000       -0.00000000        0.00000000        0.00000000        0.00000000        0.00000000
     4227.        0.00000000       -0.00000000        0.00000000        0.00000000        0.00000000        0.00000000
     4228.        0.00000000       -0.00000000        0.00000000        0.00000000        0.00000000        0.00000000
     4229.        0.00000000       -0.00000000        0.00000000        0.00000000        0.00000000        0.00000000
     4230.        0.00000000       -0.00000000        0.00000000        0.00000000        0.00000000        0.00000000
     4231.        0.00000000       -0.00000000        0.00000000        0.00000000        0.00000000        0.00000000
     4232.        0.00000000       -0.00000000        0.00000000        0.00000000        0.00000000        0.00000000
     4233.        0.00000000       -0.00000000        0.00000000        0.00000000        0.00000000        0.00000000
     4234.        0.00000000       -0.00000000        0.00000000        0.00000000        0.00000000        0.00000000
     4235.        0.00000000       -0.00000000        0.00000000        0.00000000        0.00000000        0.00000000
     4236.        0.00000000       -0.00000000        0.00000000        0.00000000        0.00000000        0.00000000
     4237.        0.00000000       -0.00000000        0.00000000        0.00000000        0.00000000        0.00000000
     4238.        0.00000000       -0.00000000        0.00000000        0.00000000        0.00000000        0.00000000
     4239.        0.00000000       -0.00000000        0.00000000        0.00000000        0.00000000        0.00000000
     4240.        0.00000000       -0.00000000        0.00000000        0.00000000        0.00000000        0.00000000
     4241.        0.00000000       -0.00000000        0.00000000        0.00000000        0.00000000        0.00000000
     4242.        0.00000000       -0.00000000        0.00000000        0.00000000        0.00000000        0.00000000
     4243.        0.00000000       -0.00000000        0.00000000        0.00000000        0.00000000        0.00000000
     4244.        0.00000000       -0.00000000        0.00000000        0.00000000        0.00000000        0.00000000
     4245.        0.00000000       -0.00000000        0.00000000        0.00000000        0.00000000        0.00000000
     4246.        0.00000000       -0.00000000        0.00000000        0.00000000        0.00000000        0.00000000
     4247.        0.00000000       -0.00000000        0.00000000        0.00000000        0.00000000        0.00000000
     4248.        0.00000000       -0.00000000        0.00000000        0.00000000        0.00000000        0.00000000
     4249.        0.00000000       -0.00000000        0.00000000        0.00000000        0.00000000        0.00000000
     4250.        0.00000000       -0.00000000        0.00000000        0.00000000        0.00000000        0.00000000
     4251.        0.00000000       -0.00000000        0.00000000        0.00000000        0.00000000        0.00000000
     4252.        0.00000000       -0.00000000        0.00000000        0.00000000        0.00000000        0.00000000
     4253.        0.00000000       -0.00000000        0.00000000        0.00000000        0.00000000        0.00000000
     4254.        0.00000000       -0.00000000        0.00000000        0.00000000        0.00000000        0.00000000
     4255.        0.00000000       -0.00000000        0.00000000        0.00000000        0.00000000        0.00000000
     4256.        0.00000000       -0.00000000        0.00000000        0.00000000        0.00000000        0.00000000
     4257.        0.00000000       -0.00000000        0.00000000        0.00000000        0.00000000        0.00000000
     4258.        0.00000000       -0.00000000        0.00000000        0.00000000        0.00000000        0.00000000
     4259.        0.00000000       -0.00000000        0.00000000        0.00000000        0.00000000        0.00000000
     4260.        0.00000000       -0.00000000        0.00000000        0.00000000        0.00000000        0.00000000
     4261.        0.00000000       -0.00000000        0.00000000        0.00000000        0.00000000        0.00000000
     4262.        0.00000000       -0.00000000        0.00000000        0.00000000        0.00000000        0.00000000
     4263.        0.00000000       -0.00000000        0.00000000        0.00000000        0.00000000        0.00000000
     4264.        0.00000000       -0.00000000        0.00000000        0.00000000        0.00000000        0.00000000
     4265.        0.00000000       -0.00000000        0.00000000        0.00000000        0.00000000        0.00000000
     4266.        0.00000000       -0.00000000        0.00000000        0.00000000        0.00000000        0.00000000
     4267.        0.00000000       -0.00000000        0.00000000        0.00000000        0.00000000        0.00000000
     4268.        0.00000000       -0.00000000        0.00000000        0.00000000        0.00000000        0.00000000
     4269.        0.00000000       -0.00000000        0.00000000        0.00000000        0.00000000        0.00000000
     4270.        0.00000000       -0.00000000        0.00000000        0.00000000        0.00000000        0.00000000
     4271.        0.00000000       -0.00000000        0.00000000        0.00000000        0.00000000        0.00000000
     4272.        0.00000000       -0.00000000        0.00000000        0.00000000        0.00000000        0.00000000
     4273.        0.00000000       -0.00000000        0.00000000        0.00000000        0.00000000        0.00000000
     4274.        0.00000000       -0.00000000        0.00000000        0.00000000        0.00000000        0.00000000
     4275.        0.00000000       -0.00000000        0.00000000        0.00000000        0.00000000        0.00000000
     4276.        0.00000000       -0.00000000        0.00000000        0.00000000        0.00000000        0.00000000
     4277.        0.00000000       -0.00000000        0.00000000        0.00000000        0.00000000        0.00000000
     4278.        0.00000000       -0.00000000        0.00000000        0.00000000        0.00000000        0.00000000
     4279.        0.00000000       -0.00000000        0.00000000        0.00000000        0.00000000        0.00000000
     4280.        0.00000000       -0.00000000        0.00000000        0.00000000        0.00000000        0.00000000
     4281.        0.00000000       -0.00000000        0.00000000        0.00000000        0.00000000        0.00000000
     4282.        0.00000000       -0.00000000        0.00000000        0.00000000        0.00000000        0.00000000
     4283.        0.00000000       -0.00000000        0.00000000        0.00000000        0.00000000        0.00000000
     4284.        0.00000000       -0.00000000        0.00000000        0.00000000        0.00000000        0.00000000
     4285.        0.00000000       -0.00000000        0.00000000        0.00000000        0.00000000        0.00000000
     4286.        0.00000000       -0.00000000        0.00000000        0.00000000        0.00000000        0.00000000
     4287.        0.00000000       -0.00000000        0.00000000        0.00000000        0.00000000        0.00000000
     4288.        0.00000000       -0.00000000        0.00000000        0.00000000        0.00000000        0.00000000
     4289.        0.00000000       -0.00000000        0.00000000        0.00000000        0.00000000        0.00000000
     4290.        0.00000000       -0.00000000        0.00000000        0.00000000        0.00000000        0.00000000
     4291.        0.00000000       -0.00000000        0.00000000        0.00000000        0.00000000        0.00000000
     4292.        0.00000000       -0.00000000        0.00000000        0.00000000        0.00000000        0.00000000
     4293.        0.00000000       -0.00000000        0.00000000        0.00000000        0.00000000        0.00000000
     4294.        0.00000000       -0.00000000        0.00000000        0.00000000        0.00000000        0.00000000
     4295.        0.00000000       -0.00000000        0.00000000        0.00000000        0.00000000        0.00000000
     4296.        0.00000000       -0.00000000        0.00000000        0.00000000        0.00000000        0.00000000
     4297.        0.00000000       -0.00000000        0.00000000        0.00000000        0.00000000        0.00000000
     4298.        0.00000000       -0.00000000        0.00000000        0.00000000        0.00000000        0.00000000
     4299.        0.00000000       -0.00000000        0.00000000        0.00000000        0.00000000        0.00000000
     4300.        0.00000000       -0.00000000        0.00000000        0.00000000        0.00000000        0.00000000
     4301.        0.00000000       -0.00000000        0.00000000        0.00000000        0.00000000        0.00000000
     4302.        0.00000000       -0.00000000        0.00000000        0.00000000        0.00000000        0.00000000
     4303.        0.00000000       -0.00000000        0.00000000        0.00000000        0.00000000        0.00000000
     4304.        0.00000000       -0.00000000        0.00000000        0.00000000        0.00000000        0.00000000
     4305.        0.00000000       -0.00000000        0.00000000        0.00000000        0.00000000        0.00000000
     4306.        0.00000000       -0.00000000        0.00000000        0.00000000        0.00000000        0.00000000
     4307.        0.00000000       -0.00000000        0.00000000        0.00000000        0.00000000        0.00000000
     4308.        0.00000000       -0.00000000        0.00000000        0.00000000        0.00000000        0.00000000
     4309.        0.00000000       -0.00000000        0.00000000        0.00000000        0.00000000        0.00000000
     4310.        0.00000000       -0.00000000        0.00000000        0.00000000        0.00000000        0.00000000
     4311.        0.00000000       -0.00000000        0.00000000        0.00000000        0.00000000        0.00000000
     4312.        0.00000000       -0.00000000        0.00000000        0.00000000        0.00000000        0.00000000
     4313.        0.00000000       -0.00000000        0.00000000        0.00000000        0.00000000        0.00000000
     4314.        0.00000000       -0.00000000        0.00000000        0.00000000        0.00000000        0.00000000
     4315.        0.00000000       -0.00000000        0.00000000        0.00000000        0.00000000        0.00000000
     4316.        0.00000000       -0.00000000        0.00000000        0.00000000        0.00000000        0.00000000
     4317.        0.00000000       -0.00000000        0.00000000        0.00000000        0.00000000        0.00000000
     4318.        0.00000000       -0.00000000        0.00000000        0.00000000        0.00000000        0.00000000
     4319.        0.00000000       -0.00000000        0.00000000        0.00000000        0.00000000        0.00000000
     4320.        0.00000000       -0.00000000        0.00000000        0.00000000        0.00000000        0.00000000
     4321.        0.00000000       -0.00000000        0.00000000        0.00000000        0.00000000        0.00000000
     4322.        0.00000000       -0.00000000        0.00000000        0.00000000        0.00000000        0.00000000
     4323.        0.00000000       -0.00000000        0.00000000        0.00000000        0.00000000        0.00000000
     4324.        0.00000000       -0.00000000        0.00000000        0.00000000        0.00000000        0.00000000
     4325.        0.00000000       -0.00000000        0.00000000        0.00000000        0.00000000        0.00000000
     4326.        0.00000000       -0.00000000        0.00000000        0.00000000        0.00000000        0.00000000
     4327.        0.00000000       -0.00000000        0.00000000        0.00000000        0.00000000        0.00000000
     4328.        0.00000000       -0.00000000        0.00000000        0.00000000        0.00000000        0.00000000
     4329.        0.00000000       -0.00000000        0.00000000        0.00000000        0.00000000        0.00000000
     4330.        0.00000000       -0.00000000        0.00000000        0.00000000        0.00000000        0.00000000
     4331.        0.00000000       -0.00000000        0.00000000        0.00000000        0.00000000        0.00000000
     4332.        0.00000000       -0.00000000        0.00000000        0.00000000        0.00000000        0.00000000
     4333.        0.00000000       -0.00000000        0.00000000        0.00000000        0.00000000        0.00000000
     4334.        0.00000000       -0.00000000        0.00000000        0.00000000        0.00000000        0.00000000
     4335.        0.00000000       -0.00000000        0.00000000        0.00000000        0.00000000        0.00000000
     4336.        0.00000000       -0.00000000        0.00000000        0.00000000        0.00000000        0.00000000
     4337.        0.00000000       -0.00000000        0.00000000        0.00000000        0.00000000        0.00000000
     4338.        0.00000000       -0.00000000        0.00000000        0.00000000        0.00000000        0.00000000
     4339.        0.00000000       -0.00000000        0.00000000        0.00000000        0.00000000        0.00000000
     4340.        0.00000000       -0.00000000        0.00000000        0.00000000        0.00000000        0.00000000
     4341.        0.00000000       -0.00000000        0.00000000        0.00000000        0.00000000        0.00000000
     4342.        0.00000000       -0.00000000        0.00000000        0.00000000        0.00000000        0.00000000
     4343.        0.00000000       -0.00000000        0.00000000        0.00000000        0.00000000        0.00000000
     4344.        0.00000000       -0.00000000        0.00000000        0.00000000        0.00000000        0.00000000
     4345.        0.00000000       -0.00000000        0.00000000        0.00000000        0.00000000        0.00000000
     4346.        0.00000000       -0.00000000        0.00000000        0.00000000        0.00000000        0.00000000
     4347.        0.00000000       -0.00000000        0.00000000        0.00000000        0.00000000        0.00000000
     4348.        0.00000000       -0.00000000        0.00000000        0.00000000        0.00000000        0.00000000
     4349.        0.00000000       -0.00000000        0.00000000        0.00000000        0.00000000        0.00000000
     4350.        0.00000000       -0.00000000        0.00000000        0.00000000        0.00000000        0.00000000
     4351.        0.00000000       -0.00000000        0.00000000        0.00000000        0.00000000        0.00000000
     4352.        0.00000000       -0.00000000        0.00000000        0.00000000        0.00000000        0.00000000
     4353.        0.00000000       -0.00000000        0.00000000        0.00000000        0.00000000        0.00000000
     4354.        0.00000000       -0.00000000        0.00000000        0.00000000        0.00000000        0.00000000
     4355.        0.00000000       -0.00000000        0.00000000        0.00000000        0.00000000        0.00000000
     4356.        0.00000000       -0.00000000        0.00000000        0.00000000        0.00000000        0.00000000
     4357.        0.00000000       -0.00000000        0.00000000        0.00000000        0.00000000        0.00000000
     4358.        0.00000000       -0.00000000        0.00000000        0.00000000        0.00000000        0.00000000
     4359.        0.00000000       -0.00000000        0.00000000        0.00000000        0.00000000        0.00000000
     4360.        0.00000000       -0.00000000        0.00000000        0.00000000        0.00000000        0.00000000
     4361.        0.00000000       -0.00000000        0.00000000        0.00000000        0.00000000        0.00000000
     4362.        0.00000000       -0.00000000        0.00000000        0.00000000        0.00000000        0.00000000
     4363.        0.00000000       -0.00000000        0.00000000        0.00000000        0.00000000        0.00000000
     4364.        0.00000000       -0.00000000        0.00000000        0.00000000        0.00000000        0.00000000
     4365.        0.00000000       -0.00000000        0.00000000        0.00000000        0.00000000        0.00000000
     4366.        0.00000000       -0.00000000        0.00000000        0.00000000        0.00000000        0.00000000
     4367.        0.00000000       -0.00000000        0.00000000        0.00000000        0.00000000        0.00000000
     4368.        0.00000000       -0.00000000        0.00000000        0.00000000        0.00000000        0.00000000
     4369.        0.00000000       -0.00000000        0.00000000        0.00000000        0.00000000        0.00000000
     4370.        0.00000000       -0.00000000        0.00000000        0.00000000        0.00000000        0.00000000
     4371.        0.00000000       -0.00000000        0.00000000        0.00000000        0.00000000        0.00000000
     4372.        0.00000000       -0.00000000        0.00000000        0.00000000        0.00000000        0.00000000
     4373.        0.00000000       -0.00000000        0.00000000        0.00000000        0.00000000        0.00000000
     4374.        0.00000000       -0.00000000        0.00000000        0.00000000        0.00000000        0.00000000
     4375.        0.00000000       -0.00000000        0.00000000        0.00000000        0.00000000        0.00000000
     4376.        0.00000000       -0.00000000        0.00000000        0.00000000        0.00000000        0.00000000
     4377.        0.00000000       -0.00000000        0.00000000        0.00000000        0.00000000        0.00000000
     4378.        0.00000000       -0.00000000        0.00000000        0.00000000        0.00000000        0.00000000
     4379.        0.00000000       -0.00000000        0.00000000        0.00000000        0.00000000        0.00000000
     4380.        0.00000000       -0.00000000        0.00000000        0.00000000        0.00000000        0.00000000
     4381.        0.00000000       -0.00000000        0.00000000        0.00000000        0.00000000        0.00000000
     4382.        0.00000000       -0.00000000        0.00000000        0.00000000        0.00000000        0.00000000
     4383.        0.00000000       -0.00000000        0.00000000        0.00000000        0.00000000        0.00000000
     4384.        0.00000000       -0.00000000        0.00000000        0.00000000        0.00000000        0.00000000
     4385.        0.00000000       -0.00000000        0.00000000        0.00000000        0.00000000        0.00000000
     4386.        0.00000000       -0.00000000        0.00000000        0.00000000        0.00000000        0.00000000
     4387.        0.00000000       -0.00000000        0.00000000        0.00000000        0.00000000        0.00000000
     4388.        0.00000000       -0.00000000        0.00000000        0.00000000        0.00000000        0.00000000
     4389.        0.00000000       -0.00000000        0.00000000        0.00000000        0.00000000        0.00000000
     4390.        0.00000000       -0.00000000        0.00000000        0.00000000        0.00000000        0.00000000
     4391.        0.00000000       -0.00000000        0.00000000        0.00000000        0.00000000        0.00000000
     4392.        0.00000000       -0.00000000        0.00000000        0.00000000        0.00000000        0.00000000
     4393.        0.00000000       -0.00000000        0.00000000        0.00000000        0.00000000        0.00000000
     4394.        0.00000000       -0.00000000        0.00000000        0.00000000        0.00000000        0.00000000
     4395.        0.00000000       -0.00000000        0.00000000        0.00000000        0.00000000        0.00000000
     4396.        0.00000000       -0.00000000        0.00000000        0.00000000        0.00000000        0.00000000
     4397.        0.00000000       -0.00000000        0.00000000        0.00000000        0.00000000        0.00000000
     4398.        0.00000000       -0.00000000        0.00000000        0.00000000        0.00000000        0.00000000
     4399.        0.00000000       -0.00000000        0.00000000        0.00000000        0.00000000        0.00000000
     4400.        0.00000000       -0.00000000        0.00000000        0.00000000        0.00000000        0.00000000
     4401.        0.00000000       -0.00000000        0.00000000        0.00000000        0.00000000        0.00000000
     4402.        0.00000000       -0.00000000        0.00000000        0.00000000        0.00000000        0.00000000
     4403.        0.00000000       -0.00000000        0.00000000        0.00000000        0.00000000        0.00000000
     4404.        0.00000000       -0.00000000        0.00000000        0.00000000        0.00000000        0.00000000
     4405.        0.00000000       -0.00000000        0.00000000        0.00000000        0.00000000        0.00000000
     4406.        0.00000000       -0.00000000        0.00000000        0.00000000        0.00000000        0.00000000
     4407.        0.00000000       -0.00000000        0.00000000        0.00000000        0.00000000        0.00000000
     4408.        0.00000000       -0.00000000        0.00000000        0.00000000        0.00000000        0.00000000
     4409.        0.00000000       -0.00000000        0.00000000        0.00000000        0.00000000        0.00000000
     4410.        0.00000000       -0.00000000        0.00000000        0.00000000        0.00000000        0.00000000
     4411.        0.00000000       -0.00000000        0.00000000        0.00000000        0.00000000        0.00000000
     4412.        0.00000000       -0.00000000        0.00000000        0.00000000        0.00000000        0.00000000
     4413.        0.00000000       -0.00000000        0.00000000        0.00000000        0.00000000        0.00000000
     4414.        0.00000000       -0.00000000        0.00000000        0.00000000        0.00000000        0.00000000
     4415.        0.00000000       -0.00000000        0.00000000        0.00000000        0.00000000        0.00000000
     4416.        0.00000000       -0.00000000        0.00000000        0.00000000        0.00000000        0.00000000
     4417.        0.00000000       -0.00000000        0.00000000        0.00000000        0.00000000        0.00000000
     4418.        0.00000000       -0.00000000        0.00000000        0.00000000        0.00000000        0.00000000
     4419.        0.00000000       -0.00000000        0.00000000        0.00000000        0.00000000        0.00000000
     4420.        0.00000000       -0.00000000        0.00000000        0.00000000        0.00000000        0.00000000
     4421.        0.00000000       -0.00000000        0.00000000        0.00000000        0.00000000        0.00000000
     4422.        0.00000000       -0.00000000        0.00000000        0.00000000        0.00000000        0.00000000
     4423.        0.00000000       -0.00000000        0.00000000        0.00000000        0.00000000        0.00000000
     4424.        0.00000000       -0.00000000        0.00000000        0.00000000        0.00000000        0.00000000
     4425.        0.00000000       -0.00000000        0.00000000        0.00000000        0.00000000        0.00000000
     4426.        0.00000000       -0.00000000        0.00000000        0.00000000        0.00000000        0.00000000
     4427.        0.00000000       -0.00000000        0.00000000        0.00000000        0.00000000        0.00000000
     4428.        0.00000000       -0.00000000        0.00000000        0.00000000        0.00000000        0.00000000
     4429.        0.00000000       -0.00000000        0.00000000        0.00000000        0.00000000        0.00000000
     4430.        0.00000000       -0.00000000        0.00000000        0.00000000        0.00000000        0.00000000
     4431.        0.00000000       -0.00000000        0.00000000        0.00000000        0.00000000        0.00000000
     4432.        0.00000000       -0.00000000        0.00000000        0.00000000        0.00000000        0.00000000
     4433.        0.00000000       -0.00000000        0.00000000        0.00000000        0.00000000        0.00000000
     4434.        0.00000000       -0.00000000        0.00000000        0.00000000        0.00000000        0.00000000
     4435.        0.00000000       -0.00000000        0.00000000        0.00000000        0.00000000        0.00000000
     4436.        0.00000000       -0.00000000        0.00000000        0.00000000        0.00000000        0.00000000
     4437.        0.00000000       -0.00000000        0.00000000        0.00000000        0.00000000        0.00000000
     4438.        0.00000000       -0.00000000        0.00000000        0.00000000        0.00000000        0.00000000
     4439.        0.00000000       -0.00000000        0.00000000        0.00000000        0.00000000        0.00000000
     4440.        0.00000000       -0.00000000        0.00000000        0.00000000        0.00000000        0.00000000
     4441.        0.00000000       -0.00000000        0.00000000        0.00000000        0.00000000        0.00000000
     4442.        0.00000000       -0.00000000        0.00000000        0.00000000        0.00000000        0.00000000
     4443.        0.00000000       -0.00000000        0.00000000        0.00000000        0.00000000        0.00000000
     4444.        0.00000000       -0.00000000        0.00000000        0.00000000        0.00000000        0.00000000
     4445.        0.00000000       -0.00000000        0.00000000        0.00000000        0.00000000        0.00000000
     4446.        0.00000000       -0.00000000        0.00000000        0.00000000        0.00000000        0.00000000
     4447.        0.00000000       -0.00000000        0.00000000        0.00000000        0.00000000        0.00000000
     4448.        0.00000000       -0.00000000        0.00000000        0.00000000        0.00000000        0.00000000
     4449.        0.00000000       -0.00000000        0.00000000        0.00000000        0.00000000        0.00000000
     4450.        0.00000000       -0.00000000        0.00000000        0.00000000        0.00000000        0.00000000
     4451.        0.00000000       -0.00000000        0.00000000        0.00000000        0.00000000        0.00000000
     4452.        0.00000000       -0.00000000        0.00000000        0.00000000        0.00000000        0.00000000
     4453.        0.00000000       -0.00000000        0.00000000        0.00000000        0.00000000        0.00000000
     4454.        0.00000000       -0.00000000        0.00000000        0.00000000        0.00000000        0.00000000
     4455.        0.00000000       -0.00000000        0.00000000        0.00000000        0.00000000        0.00000000
     4456.        0.00000000       -0.00000000        0.00000000        0.00000000        0.00000000        0.00000000
     4457.        0.00000000       -0.00000000        0.00000000        0.00000000        0.00000000        0.00000000
     4458.        0.00000000       -0.00000000        0.00000000        0.00000000        0.00000000        0.00000000
     4459.        0.00000000       -0.00000000        0.00000000        0.00000000        0.00000000        0.00000000
     4460.        0.00000000       -0.00000000        0.00000000        0.00000000        0.00000000        0.00000000
     4461.        0.00000000       -0.00000000        0.00000000        0.00000000        0.00000000        0.00000000
     4462.        0.00000000       -0.00000000        0.00000000        0.00000000        0.00000000        0.00000000
     4463.        0.00000000       -0.00000000        0.00000000        0.00000000        0.00000000        0.00000000
     4464.        0.00000000       -0.00000000        0.00000000        0.00000000        0.00000000        0.00000000
     4465.        0.00000000       -0.00000000        0.00000000        0.00000000        0.00000000        0.00000000
     4466.        0.00000000       -0.00000000        0.00000000        0.00000000        0.00000000        0.00000000
     4467.        0.00000000       -0.00000000        0.00000000        0.00000000        0.00000000        0.00000000
     4468.        0.00000000       -0.00000000        0.00000000        0.00000000        0.00000000        0.00000000
     4469.        0.00000000       -0.00000000        0.00000000        0.00000000        0.00000000        0.00000000
     4470.        0.00000000       -0.00000000        0.00000000        0.00000000        0.00000000        0.00000000
     4471.        0.00000000       -0.00000000        0.00000000        0.00000000        0.00000000        0.00000000
     4472.        0.00000000       -0.00000000        0.00000000        0.00000000        0.00000000        0.00000000
     4473.        0.00000000       -0.00000000        0.00000000        0.00000000        0.00000000        0.00000000
     4474.        0.00000000       -0.00000000        0.00000000        0.00000000        0.00000000        0.00000000
     4475.        0.00000000       -0.00000000        0.00000000        0.00000000        0.00000000        0.00000000
     4476.        0.00000000       -0.00000000        0.00000000        0.00000000        0.00000000        0.00000000
     4477.        0.00000000       -0.00000000        0.00000000        0.00000000        0.00000000        0.00000000
     4478.        0.00000000       -0.00000000        0.00000000        0.00000000        0.00000000        0.00000000
     4479.        0.00000000       -0.00000000        0.00000000        0.00000000        0.00000000        0.00000000
     4480.        0.00000000       -0.00000000        0.00000000        0.00000000        0.00000000        0.00000000
     4481.        0.00000000       -0.00000000        0.00000000        0.00000000        0.00000000        0.00000000
     4482.        0.00000000       -0.00000000        0.00000000        0.00000000        0.00000000        0.00000000
     4483.        0.00000000       -0.00000000        0.00000000        0.00000000        0.00000000        0.00000000
     4484.        0.00000000       -0.00000000        0.00000000        0.00000000        0.00000000        0.00000000
     4485.        0.00000000       -0.00000000        0.00000000        0.00000000        0.00000000        0.00000000
     4486.        0.00000000       -0.00000000        0.00000000        0.00000000        0.00000000        0.00000000
     4487.        0.00000000       -0.00000000        0.00000000        0.00000000        0.00000000        0.00000000
     4488.        0.00000000       -0.00000000        0.00000000        0.00000000        0.00000000        0.00000000
     4489.        0.00000000       -0.00000000        0.00000000        0.00000000        0.00000000        0.00000000
     4490.        0.00000000       -0.00000000        0.00000000        0.00000000        0.00000000        0.00000000
     4491.        0.00000000       -0.00000000        0.00000000        0.00000000        0.00000000        0.00000000
     4492.        0.00000000       -0.00000000        0.00000000        0.00000000        0.00000000        0.00000000
     4493.        0.00000000       -0.00000000        0.00000000        0.00000000        0.00000000        0.00000000
     4494.        0.00000000       -0.00000000        0.00000000        0.00000000        0.00000000        0.00000000
     4495.        0.00000000       -0.00000000        0.00000000        0.00000000        0.00000000        0.00000000
     4496.        0.00000000       -0.00000000        0.00000000        0.00000000        0.00000000        0.00000000
     4497.        0.00000000       -0.00000000        0.00000000        0.00000000        0.00000000        0.00000000
     4498.        0.00000000       -0.00000000        0.00000000        0.00000000        0.00000000        0.00000000
     4499.        0.00000000       -0.00000000        0.00000000        0.00000000        0.00000000        0.00000000
     4500.        0.00000000       -0.00000000        0.00000000        0.00000000        0.00000000        0.00000000
     4501.        0.00000000       -0.00000000        0.00000000        0.00000000        0.00000000        0.00000000
     4502.        0.00000000       -0.00000000        0.00000000        0.00000000        0.00000000        0.00000000
     4503.        0.00000000       -0.00000000        0.00000000        0.00000000        0.00000000        0.00000000
     4504.        0.00000000       -0.00000000        0.00000000        0.00000000        0.00000000        0.00000000
     4505.        0.00000000       -0.00000000        0.00000000        0.00000000        0.00000000        0.00000000
     4506.        0.00000000       -0.00000000        0.00000000        0.00000000        0.00000000        0.00000000
     4507.        0.00000000       -0.00000000        0.00000000        0.00000000        0.00000000        0.00000000
     4508.        0.00000000       -0.00000000        0.00000000        0.00000000        0.00000000        0.00000000
     4509.        0.00000000       -0.00000000        0.00000000        0.00000000        0.00000000        0.00000000
     4510.        0.00000000       -0.00000000        0.00000000        0.00000000        0.00000000        0.00000000
     4511.        0.00000000       -0.00000000        0.00000000        0.00000000        0.00000000        0.00000000
     4512.        0.00000000       -0.00000000        0.00000000        0.00000000        0.00000000        0.00000000
     4513.        0.00000000       -0.00000000        0.00000000        0.00000000        0.00000000        0.00000000
     4514.        0.00000000       -0.00000000        0.00000000        0.00000000        0.00000000        0.00000000
     4515.        0.00000000       -0.00000000        0.00000000        0.00000000        0.00000000        0.00000000
     4516.        0.00000000       -0.00000000        0.00000000        0.00000000        0.00000000        0.00000000
     4517.        0.00000000       -0.00000000        0.00000000        0.00000000        0.00000000        0.00000000
     4518.        0.00000000       -0.00000000        0.00000000        0.00000000        0.00000000        0.00000000
     4519.        0.00000000       -0.00000000        0.00000000        0.00000000        0.00000000        0.00000000
     4520.        0.00000000       -0.00000000        0.00000000        0.00000000        0.00000000        0.00000000
     4521.        0.00000000       -0.00000000        0.00000000        0.00000000        0.00000000        0.00000000
     4522.        0.00000000       -0.00000000        0.00000000        0.00000000        0.00000000        0.00000000
     4523.        0.00000000       -0.00000000        0.00000000        0.00000000        0.00000000        0.00000000
     4524.        0.00000000       -0.00000000        0.00000000        0.00000000        0.00000000        0.00000000
     4525.        0.00000000       -0.00000000        0.00000000        0.00000000        0.00000000        0.00000000
     4526.        0.00000000       -0.00000000        0.00000000        0.00000000        0.00000000        0.00000000
     4527.        0.00000000       -0.00000000        0.00000000        0.00000000        0.00000000        0.00000000
     4528.        0.00000000       -0.00000000        0.00000000        0.00000000        0.00000000        0.00000000
     4529.        0.00000000       -0.00000000        0.00000000        0.00000000        0.00000000        0.00000000
     4530.        0.00000000       -0.00000000        0.00000000        0.00000000        0.00000000        0.00000000
     4531.        0.00000000       -0.00000000        0.00000000        0.00000000        0.00000000        0.00000000
     4532.        0.00000000       -0.00000000        0.00000000        0.00000000        0.00000000        0.00000000
     4533.        0.00000000       -0.00000000        0.00000000        0.00000000        0.00000000        0.00000000
     4534.        0.00000000       -0.00000000        0.00000000        0.00000000        0.00000000        0.00000000
     4535.        0.00000000       -0.00000000        0.00000000        0.00000000        0.00000000        0.00000000
     4536.        0.00000000       -0.00000000        0.00000000        0.00000000        0.00000000        0.00000000
     4537.        0.00000000       -0.00000000        0.00000000        0.00000000        0.00000000        0.00000000
     4538.        0.00000000       -0.00000000        0.00000000        0.00000000        0.00000000        0.00000000
     4539.        0.00000000       -0.00000000        0.00000000        0.00000000        0.00000000        0.00000000
     4540.        0.00000000       -0.00000000        0.00000000        0.00000000        0.00000000        0.00000000
     4541.        0.00000000       -0.00000000        0.00000000        0.00000000        0.00000000        0.00000000
     4542.        0.00000000       -0.00000000        0.00000000        0.00000000        0.00000000        0.00000000
     4543.        0.00000000       -0.00000000        0.00000000        0.00000000        0.00000000        0.00000000
     4544.        0.00000000       -0.00000000        0.00000000        0.00000000        0.00000000        0.00000000
     4545.        0.00000000       -0.00000000        0.00000000        0.00000000        0.00000000        0.00000000
     4546.        0.00000000       -0.00000000        0.00000000        0.00000000        0.00000000        0.00000000
     4547.        0.00000000       -0.00000000        0.00000000        0.00000000        0.00000000        0.00000000
     4548.        0.00000000       -0.00000000        0.00000000        0.00000000        0.00000000        0.00000000
     4549.        0.00000000       -0.00000000        0.00000000        0.00000000        0.00000000        0.00000000
     4550.        0.00000000       -0.00000000        0.00000000        0.00000000        0.00000000        0.00000000
     4551.        0.00000000       -0.00000000        0.00000000        0.00000000        0.00000000        0.00000000
     4552.        0.00000000       -0.00000000        0.00000000        0.00000000        0.00000000        0.00000000
     4553.        0.00000000       -0.00000000        0.00000000        0.00000000        0.00000000        0.00000000
     4554.        0.00000000       -0.00000000        0.00000000        0.00000000        0.00000000        0.00000000
     4555.        0.00000000       -0.00000000        0.00000000        0.00000000        0.00000000        0.00000000
     4556.        0.00000000       -0.00000000        0.00000000        0.00000000        0.00000000        0.00000000
     4557.        0.00000000       -0.00000000        0.00000000        0.00000000        0.00000000        0.00000000
     4558.        0.00000000       -0.00000000        0.00000000        0.00000000        0.00000000        0.00000000
     4559.        0.00000000       -0.00000000        0.00000000        0.00000000        0.00000000        0.00000000
     4560.        0.00000000       -0.00000000        0.00000000        0.00000000        0.00000000        0.00000000
     4561.        0.00000000       -0.00000000        0.00000000        0.00000000        0.00000000        0.00000000
     4562.        0.00000000       -0.00000000        0.00000000        0.00000000        0.00000000        0.00000000
     4563.        0.00000000       -0.00000000        0.00000000        0.00000000        0.00000000        0.00000000
     4564.        0.00000000       -0.00000000        0.00000000        0.00000000        0.00000000        0.00000000
     4565.        0.00000000       -0.00000000        0.00000000        0.00000000        0.00000000        0.00000000
     4566.        0.00000000       -0.00000000        0.00000000        0.00000000        0.00000000        0.00000000
     4567.        0.00000000       -0.00000000        0.00000000        0.00000000        0.00000000        0.00000000
     4568.        0.00000000       -0.00000000        0.00000000        0.00000000        0.00000000        0.00000000
     4569.        0.00000000       -0.00000000        0.00000000        0.00000000        0.00000000        0.00000000
     4570.        0.00000000       -0.00000000        0.00000000        0.00000000        0.00000000        0.00000000
     4571.        0.00000000       -0.00000000        0.00000000        0.00000000        0.00000000        0.00000000
     4572.        0.00000000       -0.00000000        0.00000000        0.00000000        0.00000000        0.00000000
     4573.        0.00000000       -0.00000000        0.00000000        0.00000000        0.00000000        0.00000000
     4574.        0.00000000       -0.00000000        0.00000000        0.00000000        0.00000000        0.00000000
     4575.        0.00000000       -0.00000000        0.00000000        0.00000000        0.00000000        0.00000000
     4576.        0.00000000       -0.00000000        0.00000000        0.00000000        0.00000000        0.00000000
     4577.        0.00000000       -0.00000000        0.00000000        0.00000000        0.00000000        0.00000000
     4578.        0.00000000       -0.00000000        0.00000000        0.00000000        0.00000000        0.00000000
     4579.        0.00000000       -0.00000000        0.00000000        0.00000000        0.00000000        0.00000000
     4580.        0.00000000       -0.00000000        0.00000000        0.00000000        0.00000000        0.00000000
     4581.        0.00000000       -0.00000000        0.00000000        0.00000000        0.00000000        0.00000000
     4582.        0.00000000       -0.00000000        0.00000000        0.00000000        0.00000000        0.00000000
     4583.        0.00000000       -0.00000000        0.00000000        0.00000000        0.00000000        0.00000000
     4584.        0.00000000       -0.00000000        0.00000000        0.00000000        0.00000000        0.00000000
     4585.        0.00000000       -0.00000000        0.00000000        0.00000000        0.00000000        0.00000000
     4586.        0.00000000       -0.00000000        0.00000000        0.00000000        0.00000000        0.00000000
     4587.        0.00000000       -0.00000000        0.00000000        0.00000000        0.00000000        0.00000000
     4588.        0.00000000       -0.00000000        0.00000000        0.00000000        0.00000000        0.00000000
     4589.        0.00000000       -0.00000000        0.00000000        0.00000000        0.00000000        0.00000000
     4590.        0.00000000       -0.00000000        0.00000000        0.00000000        0.00000000        0.00000000
     4591.        0.00000000       -0.00000000        0.00000000        0.00000000        0.00000000        0.00000000
     4592.        0.00000000       -0.00000000        0.00000000        0.00000000        0.00000000        0.00000000
     4593.        0.00000000       -0.00000000        0.00000000        0.00000000        0.00000000        0.00000000
     4594.        0.00000000       -0.00000000        0.00000000        0.00000000        0.00000000        0.00000000
     4595.        0.00000000       -0.00000000        0.00000000        0.00000000        0.00000000        0.00000000
     4596.        0.00000000       -0.00000000        0.00000000        0.00000000        0.00000000        0.00000000
     4597.        0.00000000       -0.00000000        0.00000000        0.00000000        0.00000000        0.00000000
     4598.        0.00000000       -0.00000000        0.00000000        0.00000000        0.00000000        0.00000000
     4599.        0.00000000       -0.00000000        0.00000000        0.00000000        0.00000000        0.00000000
     4600.        0.00000000       -0.00000000        0.00000000        0.00000000        0.00000000        0.00000000
     4601.        0.00000000       -0.00000000        0.00000000        0.00000000        0.00000000        0.00000000
     4602.        0.00000000       -0.00000000        0.00000000        0.00000000        0.00000000        0.00000000
     4603.        0.00000000       -0.00000000        0.00000000        0.00000000        0.00000000        0.00000000
     4604.        0.00000000       -0.00000000        0.00000000        0.00000000        0.00000000        0.00000000
     4605.        0.00000000       -0.00000000        0.00000000        0.00000000        0.00000000        0.00000000
     4606.        0.00000000       -0.00000000        0.00000000        0.00000000        0.00000000        0.00000000
     4607.        0.00000000       -0.00000000        0.00000000        0.00000000        0.00000000        0.00000000
     4608.        0.00000000       -0.00000000        0.00000000        0.00000000        0.00000000        0.00000000
     4609.        0.00000000       -0.00000000        0.00000000        0.00000000        0.00000000        0.00000000
     4610.        0.00000000       -0.00000000        0.00000000        0.00000000        0.00000000        0.00000000
     4611.        0.00000000       -0.00000000        0.00000000        0.00000000        0.00000000        0.00000000
     4612.        0.00000000       -0.00000000        0.00000000        0.00000000        0.00000000        0.00000000
     4613.        0.00000000       -0.00000000        0.00000000        0.00000000        0.00000000        0.00000000
     4614.        0.00000000       -0.00000000        0.00000000        0.00000000        0.00000000        0.00000000
     4615.        0.00000000       -0.00000000        0.00000000        0.00000000        0.00000000        0.00000000
     4616.        0.00000000       -0.00000000        0.00000000        0.00000000        0.00000000        0.00000000
     4617.        0.00000000       -0.00000000        0.00000000        0.00000000        0.00000000        0.00000000
     4618.        0.00000000       -0.00000000        0.00000000        0.00000000        0.00000000        0.00000000
     4619.        0.00000000       -0.00000000        0.00000000        0.00000000        0.00000000        0.00000000
     4620.        0.00000000       -0.00000000        0.00000000        0.00000000        0.00000000        0.00000000
     4621.        0.00000000       -0.00000000        0.00000000        0.00000000        0.00000000        0.00000000
     4622.        0.00000000       -0.00000000        0.00000000        0.00000000        0.00000000        0.00000000
     4623.        0.00000000       -0.00000000        0.00000000        0.00000000        0.00000000        0.00000000
     4624.        0.00000000       -0.00000000        0.00000000        0.00000000        0.00000000        0.00000000
     4625.        0.00000000       -0.00000000        0.00000000        0.00000000        0.00000000        0.00000000
     4626.        0.00000000       -0.00000000        0.00000000        0.00000000        0.00000000        0.00000000
     4627.        0.00000000       -0.00000000        0.00000000        0.00000000        0.00000000        0.00000000
     4628.        0.00000000       -0.00000000        0.00000000        0.00000000        0.00000000        0.00000000
     4629.        0.00000000       -0.00000000        0.00000000        0.00000000        0.00000000        0.00000000
     4630.        0.00000000       -0.00000000        0.00000000        0.00000000        0.00000000        0.00000000
     4631.        0.00000000       -0.00000000        0.00000000        0.00000000        0.00000000        0.00000000
     4632.        0.00000000       -0.00000000        0.00000000        0.00000000        0.00000000        0.00000000
     4633.        0.00000000       -0.00000000        0.00000000        0.00000000        0.00000000        0.00000000
     4634.        0.00000000       -0.00000000        0.00000000        0.00000000        0.00000000        0.00000000
     4635.        0.00000000       -0.00000000        0.00000000        0.00000000        0.00000000        0.00000000
     4636.        0.00000000       -0.00000000        0.00000000        0.00000000        0.00000000        0.00000000
     4637.        0.00000000       -0.00000000        0.00000000        0.00000000        0.00000000        0.00000000
     4638.        0.00000000       -0.00000000        0.00000000        0.00000000        0.00000000        0.00000000
     4639.        0.00000000       -0.00000000        0.00000000        0.00000000        0.00000000        0.00000000
     4640.        0.00000000       -0.00000000        0.00000000        0.00000000        0.00000000        0.00000000
     4641.        0.00000000       -0.00000000        0.00000000        0.00000000        0.00000000        0.00000000
     4642.        0.00000000       -0.00000000        0.00000000        0.00000000        0.00000000        0.00000000
     4643.        0.00000000       -0.00000000        0.00000000        0.00000000        0.00000000        0.00000000
     4644.        0.00000000       -0.00000000        0.00000000        0.00000000        0.00000000        0.00000000
     4645.        0.00000000       -0.00000000        0.00000000        0.00000000        0.00000000        0.00000000
     4646.        0.00000000       -0.00000000        0.00000000        0.00000000        0.00000000        0.00000000
     4647.        0.00000000       -0.00000000        0.00000000        0.00000000        0.00000000        0.00000000
     4648.        0.00000000       -0.00000000        0.00000000        0.00000000        0.00000000        0.00000000
     4649.        0.00000000       -0.00000000        0.00000000        0.00000000        0.00000000        0.00000000
     4650.        0.00000000       -0.00000000        0.00000000        0.00000000        0.00000000        0.00000000
     4651.        0.00000000       -0.00000000        0.00000000        0.00000000        0.00000000        0.00000000
     4652.        0.00000000       -0.00000000        0.00000000        0.00000000        0.00000000        0.00000000
     4653.        0.00000000       -0.00000000        0.00000000        0.00000000        0.00000000        0.00000000
     4654.        0.00000000       -0.00000000        0.00000000        0.00000000        0.00000000        0.00000000
     4655.        0.00000000       -0.00000000        0.00000000        0.00000000        0.00000000        0.00000000
     4656.        0.00000000       -0.00000000        0.00000000        0.00000000        0.00000000        0.00000000
     4657.        0.00000000       -0.00000000        0.00000000        0.00000000        0.00000000        0.00000000
     4658.        0.00000000       -0.00000000        0.00000000        0.00000000        0.00000000        0.00000000
     4659.        0.00000000       -0.00000000        0.00000000        0.00000000        0.00000000        0.00000000
     4660.        0.00000000       -0.00000000        0.00000000        0.00000000        0.00000000        0.00000000
     4661.        0.00000000       -0.00000000        0.00000000        0.00000000        0.00000000        0.00000000
     4662.        0.00000000       -0.00000000        0.00000000        0.00000000        0.00000000        0.00000000
     4663.        0.00000000       -0.00000000        0.00000000        0.00000000        0.00000000        0.00000000
     4664.        0.00000000       -0.00000000        0.00000000        0.00000000        0.00000000        0.00000000
     4665.        0.00000000       -0.00000000        0.00000000        0.00000000        0.00000000        0.00000000
     4666.        0.00000000       -0.00000000        0.00000000        0.00000000        0.00000000        0.00000000
     4667.        0.00000000       -0.00000000        0.00000000        0.00000000        0.00000000        0.00000000
     4668.        0.00000000       -0.00000000        0.00000000        0.00000000        0.00000000        0.00000000
     4669.        0.00000000       -0.00000000        0.00000000        0.00000000        0.00000000        0.00000000
     4670.        0.00000000       -0.00000000        0.00000000        0.00000000        0.00000000        0.00000000
     4671.        0.00000000       -0.00000000        0.00000000        0.00000000        0.00000000        0.00000000
     4672.        0.00000000       -0.00000000        0.00000000        0.00000000        0.00000000        0.00000000
     4673.        0.00000000       -0.00000000        0.00000000        0.00000000        0.00000000        0.00000000
     4674.        0.00000000       -0.00000000        0.00000000        0.00000000        0.00000000        0.00000000
     4675.        0.00000000       -0.00000000        0.00000000        0.00000000        0.00000000        0.00000000
     4676.        0.00000000       -0.00000000        0.00000000        0.00000000        0.00000000        0.00000000
     4677.        0.00000000       -0.00000000        0.00000000        0.00000000        0.00000000        0.00000000
     4678.        0.00000000       -0.00000000        0.00000000        0.00000000        0.00000000        0.00000000
     4679.        0.00000000       -0.00000000        0.00000000        0.00000000        0.00000000        0.00000000
     4680.        0.00000000       -0.00000000        0.00000000        0.00000000        0.00000000        0.00000000
     4681.        0.00000000       -0.00000000        0.00000000        0.00000000        0.00000000        0.00000000
     4682.        0.00000000       -0.00000000        0.00000000        0.00000000        0.00000000        0.00000000
     4683.        0.00000000       -0.00000000        0.00000000        0.00000000        0.00000000        0.00000000
     4684.        0.00000000       -0.00000000        0.00000000        0.00000000        0.00000000        0.00000000
     4685.        0.00000000       -0.00000000        0.00000000        0.00000000        0.00000000        0.00000000
     4686.        0.00000000       -0.00000000        0.00000000        0.00000000        0.00000000        0.00000000
     4687.        0.00000000       -0.00000000        0.00000000        0.00000000        0.00000000        0.00000000
     4688.        0.00000000       -0.00000000        0.00000000        0.00000000        0.00000000        0.00000000
     4689.        0.00000000       -0.00000000        0.00000000        0.00000000        0.00000000        0.00000000
     4690.        0.00000000       -0.00000000        0.00000000        0.00000000        0.00000000        0.00000000
     4691.        0.00000000       -0.00000000        0.00000000        0.00000000        0.00000000        0.00000000
     4692.        0.00000000       -0.00000000        0.00000000        0.00000000        0.00000000        0.00000000
     4693.        0.00000000       -0.00000000        0.00000000        0.00000000        0.00000000        0.00000000
     4694.        0.00000000       -0.00000000        0.00000000        0.00000000        0.00000000        0.00000000
     4695.        0.00000000       -0.00000000        0.00000000        0.00000000        0.00000000        0.00000000
     4696.        0.00000000       -0.00000000        0.00000000        0.00000000        0.00000000        0.00000000
     4697.        0.00000000       -0.00000000        0.00000000        0.00000000        0.00000000        0.00000000
     4698.        0.00000000       -0.00000000        0.00000000        0.00000000        0.00000000        0.00000000
     4699.        0.00000000       -0.00000000        0.00000000        0.00000000        0.00000000        0.00000000
     4700.        0.00000000       -0.00000000        0.00000000        0.00000000        0.00000000        0.00000000
     4701.        0.00000000       -0.00000000        0.00000000        0.00000000        0.00000000        0.00000000
     4702.        0.00000000       -0.00000000        0.00000000        0.00000000        0.00000000        0.00000000
     4703.        0.00000000       -0.00000000        0.00000000        0.00000000        0.00000000        0.00000000
     4704.        0.00000000       -0.00000000        0.00000000        0.00000000        0.00000000        0.00000000
     4705.        0.00000000       -0.00000000        0.00000000        0.00000000        0.00000000        0.00000000
     4706.        0.00000000       -0.00000000        0.00000000        0.00000000        0.00000000        0.00000000
     4707.        0.00000000       -0.00000000        0.00000000        0.00000000        0.00000000        0.00000000
     4708.        0.00000000       -0.00000000        0.00000000        0.00000000        0.00000000        0.00000000
     4709.        0.00000000       -0.00000000        0.00000000        0.00000000        0.00000000        0.00000000
     4710.        0.00000000       -0.00000000        0.00000000        0.00000000        0.00000000        0.00000000
     4711.        0.00000000       -0.00000000        0.00000000        0.00000000        0.00000000        0.00000000
     4712.        0.00000000       -0.00000000        0.00000000        0.00000000        0.00000000        0.00000000
     4713.        0.00000000       -0.00000000        0.00000000        0.00000000        0.00000000        0.00000000
     4714.        0.00000000       -0.00000000        0.00000000        0.00000000        0.00000000        0.00000000
     4715.        0.00000000       -0.00000000        0.00000000        0.00000000        0.00000000        0.00000000
     4716.        0.00000000       -0.00000000        0.00000000        0.00000000        0.00000000        0.00000000
     4717.        0.00000000       -0.00000000        0.00000000        0.00000000        0.00000000        0.00000000
     4718.        0.00000000       -0.00000000        0.00000000        0.00000000        0.00000000        0.00000000
     4719.        0.00000000       -0.00000000        0.00000000        0.00000000        0.00000000        0.00000000
     4720.        0.00000000       -0.00000000        0.00000000        0.00000000        0.00000000        0.00000000
     4721.        0.00000000       -0.00000000        0.00000000        0.00000000        0.00000000        0.00000000
     4722.        0.00000000       -0.00000000        0.00000000        0.00000000        0.00000000        0.00000000
     4723.        0.00000000       -0.00000000        0.00000000        0.00000000        0.00000000        0.00000000
     4724.        0.00000000       -0.00000000        0.00000000        0.00000000        0.00000000        0.00000000
     4725.        0.00000000       -0.00000000        0.00000000        0.00000000        0.00000000        0.00000000
     4726.        0.00000000       -0.00000000        0.00000000        0.00000000        0.00000000        0.00000000
     4727.        0.00000000       -0.00000000        0.00000000        0.00000000        0.00000000        0.00000000
     4728.        0.00000000       -0.00000000        0.00000000        0.00000000        0.00000000        0.00000000
     4729.        0.00000000       -0.00000000        0.00000000        0.00000000        0.00000000        0.00000000
     4730.        0.00000000       -0.00000000        0.00000000        0.00000000        0.00000000        0.00000000
     4731.        0.00000000       -0.00000000        0.00000000        0.00000000        0.00000000        0.00000000
     4732.        0.00000000       -0.00000000        0.00000000        0.00000000        0.00000000        0.00000000
     4733.        0.00000000       -0.00000000        0.00000000        0.00000000        0.00000000        0.00000000
     4734.        0.00000000       -0.00000000        0.00000000        0.00000000        0.00000000        0.00000000
     4735.        0.00000000       -0.00000000        0.00000000        0.00000000        0.00000000        0.00000000
     4736.        0.00000000       -0.00000000        0.00000000        0.00000000        0.00000000        0.00000000
     4737.        0.00000000       -0.00000000        0.00000000        0.00000000        0.00000000        0.00000000
     4738.        0.00000000       -0.00000000        0.00000000        0.00000000        0.00000000        0.00000000
     4739.        0.00000000       -0.00000000        0.00000000        0.00000000        0.00000000        0.00000000
     4740.        0.00000000       -0.00000000        0.00000000        0.00000000        0.00000000        0.00000000
     4741.        0.00000000       -0.00000000        0.00000000        0.00000000        0.00000000        0.00000000
     4742.        0.00000000       -0.00000000        0.00000000        0.00000000        0.00000000        0.00000000
     4743.        0.00000000       -0.00000000        0.00000000        0.00000000        0.00000000        0.00000000
     4744.        0.00000000       -0.00000000        0.00000000        0.00000000        0.00000000        0.00000000
     4745.        0.00000000       -0.00000000        0.00000000        0.00000000        0.00000000        0.00000000
     4746.        0.00000000       -0.00000000        0.00000000        0.00000000        0.00000000        0.00000000
     4747.        0.00000000       -0.00000000        0.00000000        0.00000000        0.00000000        0.00000000
     4748.        0.00000000       -0.00000000        0.00000000        0.00000000        0.00000000        0.00000000
     4749.        0.00000000       -0.00000000        0.00000000        0.00000000        0.00000000        0.00000000
