     4151.        0.00685425        0.10363765        0.10386407       -0.00000045        0.00000003        0.00000045
     4152.        0.00549107        0.08086312        0.08104934       -0.00000045        0.00000003        0.00000045
     4153.        0.00328623        0.04754553        0.04765896       -0.00000046        0.00000003        0.00000046
     4154.        0.04660918       -0.01034776        0.04774403       -0.00000045        0.00000010        0.00000046
     4155.        0.08370014       -0.01604107        0.08522341       -0.00000047        0.00000009        0.00000048
     4156.        0.10268663       -0.01700790        0.10408560       -0.00000044        0.00000007        0.00000045
     4157.        0.12237611       -0.02547769        0.12500010       -0.00000045        0.00000009        0.00000046
     4158.        0.13067274       -0.03142939        0.13439930       -0.00000042        0.00000010        0.00000043
     4159.        0.14199538       -0.03163641        0.14547697       -0.00000041        0.00000009        0.00000042
     4160.        0.15478493       -0.03541473        0.15878469       -0.00000041        0.00000009        0.00000042
     4161.        0.16427870       -0.04199283        0.16956087       -0.00000041        0.00000010        0.00000042
     4162.        0.16938765       -0.04755985        0.17593782       -0.00000040        0.00000011        0.00000041
     4163.        0.17333388       -0.04968721        0.18031487       -0.00000038        0.00000011        0.00000040
     4164.        0.17893686       -0.05029576        0.18587109       -0.00000038        0.00000011        0.00000039
     4165.        0.18579885       -0.05168423        0.19285350       -0.00000037        0.00000010        0.00000039
     4166.        0.19257258       -0.05449735        0.20013535       -0.00000037        0.00000010        0.00000039
     4167.        0.19823931       -0.05838473        0.20665818       -0.00000037        0.00000011        0.00000038
     4168.        0.20232153       -0.06253996        0.21176697       -0.00000036        0.00000011        0.00000038
     4169.        0.20498636       -0.06606838        0.21537047       -0.00000035        0.00000011        0.00000037
     4170.        0.20694409       -0.06844282        0.21796852       -0.00000035        0.00000011        0.00000036
     4171.        0.20899852       -0.06975649        0.22033236       -0.00000034        0.00000011        0.00000036
     4172.        0.21160444       -0.07052130        0.22304639       -0.00000033        0.00000011        0.00000035
     4173.        0.21478591       -0.07128593        0.22630659       -0.00000033        0.00000011        0.00000035
     4174.        0.21830651       -0.07240595        0.23000077       -0.00000033        0.00000011        0.00000034
     4175.        0.22185924       -0.07401754        0.23388056       -0.00000032        0.00000011        0.00000034
     4176.        0.22516653       -0.07608907        0.23767523       -0.00000032        0.00000011        0.00000034
     4177.        0.22803215       -0.07848066        0.24115944       -0.00000032        0.00000011        0.00000034
     4178.        0.23035321       -0.08099334        0.24417724       -0.00000032        0.00000011        0.00000033
     4179.        0.23213488       -0.08341330        0.24666653       -0.00000031        0.00000011        0.00000033
     4180.        0.23347413       -0.08556187        0.24865840       -0.00000031        0.00000011        0.00000033
     4181.        0.23453579       -0.08732780        0.25026623       -0.00000030        0.00000011        0.00000032
     4182.        0.23550330       -0.08869094        0.25165033       -0.00000030        0.00000011        0.00000032
     4183.        0.23653622       -0.08971109        0.25297720       -0.00000029        0.00000011        0.00000032
     4184.        0.23774140       -0.09049804        0.25438331       -0.00000029        0.00000011        0.00000031
     4185.        0.23916092       -0.09118095        0.25595295       -0.00000029        0.00000011        0.00000031
     4186.        0.24078319       -0.09187603        0.25771642       -0.00000029        0.00000011        0.00000031
     4187.        0.24255934       -0.09267335        0.25966013       -0.00000028        0.00000011        0.00000030
     4188.        0.24441903       -0.09362796        0.26173815       -0.00000028        0.00000011        0.00000030
     4189.        0.24628974       -0.09476305        0.26389141       -0.00000028        0.00000011        0.00000030
     4190.        0.24809991       -0.09607359        0.26605206       -0.00000028        0.00000011        0.00000030
     4191.        0.24979406       -0.09753437        0.26816045       -0.00000028        0.00000011        0.00000030
     4192.        0.25132798       -0.09910240        0.27016114       -0.00000027        0.00000011        0.00000029
     4193.        0.25267816       -0.10072905        0.27201580       -0.00000027        0.00000011        0.00000029
     4194.        0.25383868       -0.10236176        0.27370058       -0.00000027        0.00000011        0.00000029
     4195.        0.25482052       -0.10394895        0.27520698       -0.00000027        0.00000011        0.00000029
     4196.        0.25564972       -0.10544894        0.27654341       -0.00000026        0.00000011        0.00000029
     4197.        0.25636336       -0.10683185        0.27773227       -0.00000026        0.00000011        0.00000028
     4198.        0.25700416       -0.10807840        0.27880474       -0.00000026        0.00000011        0.00000028
     4199.        0.25761669       -0.10918767        0.27980047       -0.00000026        0.00000011        0.00000028
     4200.        0.25824218       -0.11017112        0.28076093       -0.00000025        0.00000011        0.00000028
     4201.        0.25891423       -0.11104706        0.28172332       -0.00000025        0.00000011        0.00000028
     4202.        0.25965609       -0.11184512        0.28272003       -0.00000025        0.00000011        0.00000027
     4203.        0.26048222       -0.11259632        0.28377618       -0.00000025        0.00000011        0.00000027
     4204.        0.26139776       -0.11333306        0.28490906       -0.00000025        0.00000011        0.00000027
     4205.        0.26239696       -0.11408262        0.28612412       -0.00000025        0.00000011        0.00000027
     4206.        0.26347025       -0.11487012        0.28742254       -0.00000024        0.00000011        0.00000027
     4207.        0.26460298       -0.11571392        0.28879828       -0.00000024        0.00000011        0.00000027
     4208.        0.26577411       -0.11662861        0.29023803       -0.00000024        0.00000011        0.00000026
     4209.        0.26696604       -0.11762027        0.29172828       -0.00000024        0.00000011        0.00000026
     4210.        0.26815801       -0.11869170        0.29325149       -0.00000024        0.00000011        0.00000026
     4211.        0.26933289       -0.11984000        0.29479117       -0.00000024        0.00000011        0.00000026
     4212.        0.27047509       -0.12105747        0.29633036       -0.00000024        0.00000011        0.00000026
     4213.        0.27157065       -0.12233482        0.29785302       -0.00000024        0.00000011        0.00000026
     4214.        0.27261086       -0.12366003        0.29934677       -0.00000023        0.00000011        0.00000026
     4215.        0.27358904       -0.12501939        0.30080029       -0.00000023        0.00000011        0.00000026
     4216.        0.27450412       -0.12639748        0.30220661       -0.00000023        0.00000011        0.00000026
     4217.        0.27535498       -0.12778186        0.30355983       -0.00000023        0.00000011        0.00000026
     4218.        0.27614765       -0.12915847        0.30485970       -0.00000023        0.00000011        0.00000025
     4219.        0.27688834       -0.13051399        0.30610627       -0.00000023        0.00000011        0.00000025
     4220.        0.27758585       -0.13184197        0.30730475       -0.00000023        0.00000011        0.00000025
     4221.        0.27825171       -0.13313335        0.30846150       -0.00000023        0.00000011        0.00000025
     4222.        0.27889899       -0.13438495        0.30958676       -0.00000023        0.00000011        0.00000025
     4223.        0.27953865       -0.13559481        0.31068925       -0.00000022        0.00000011        0.00000025
     4224.        0.28018441       -0.13676468        0.31178179       -0.00000022        0.00000011        0.00000025
     4225.        0.28084529       -0.13789640        0.31287297       -0.00000022        0.00000011        0.00000025
     4226.        0.28153430       -0.13899700        0.31397727       -0.00000022        0.00000011        0.00000025
     4227.        0.28225836       -0.14007372        0.31510384       -0.00000022        0.00000011        0.00000025
     4228.        0.28302579       -0.14113531        0.31626377       -0.00000022        0.00000011        0.00000024
     4229.        0.28383856       -0.14219208        0.31746325       -0.00000022        0.00000011        0.00000024
     4230.        0.28470252       -0.14325072        0.31871036       -0.00000022        0.00000011        0.00000024
     4231.        0.28561701       -0.14432466        0.32001044       -0.00000022        0.00000011        0.00000024
     4232.        0.28658260       -0.14541972        0.32136658       -0.00000022        0.00000011        0.00000024
     4233.        0.28759445       -0.14654721        0.32277957       -0.00000021        0.00000011        0.00000024
     4234.        0.28865289       -0.14771331        0.32425255       -0.00000021        0.00000011        0.00000024
     4235.        0.28975143       -0.14892572        0.32578330       -0.00000021        0.00000011        0.00000024
     4236.        0.29088470       -0.15018816        0.32736890       -0.00000021        0.00000011        0.00000024
     4237.        0.29204989       -0.15150583        0.32900936       -0.00000021        0.00000011        0.00000024
     4238.        0.29323716       -0.15288123        0.33069730       -0.00000021        0.00000011        0.00000024
     4239.        0.29444471       -0.15431826        0.33243318       -0.00000021        0.00000011        0.00000024
     4240.        0.29566648       -0.15581533        0.33421114       -0.00000021        0.00000011        0.00000024
     4241.        0.29689621       -0.15737352        0.33602647       -0.00000021        0.00000011        0.00000024
     4242.        0.29812888       -0.15899254        0.33787491       -0.00000021        0.00000011        0.00000024
     4243.        0.29936217       -0.16067059        0.33975395       -0.00000021        0.00000011        0.00000024
     4244.        0.30059227       -0.16240439        0.34165904       -0.00000021        0.00000011        0.00000024
     4245.        0.30181812       -0.16419340        0.34358936       -0.00000021        0.00000011        0.00000024
     4246.        0.30303573       -0.16603272        0.34553946       -0.00000021        0.00000011        0.00000024
     4247.        0.30424684       -0.16792167        0.34751090       -0.00000021        0.00000012        0.00000024
     4248.        0.30545028       -0.16985660        0.34950127       -0.00000021        0.00000012        0.00000024
     4249.        0.30664778       -0.17183375        0.35151060       -0.00000021        0.00000012        0.00000024
     4250.        0.30784261       -0.17385073        0.35354088       -0.00000021        0.00000012        0.00000024
     4251.        0.30903658       -0.17590809        0.35559424       -0.00000021        0.00000012        0.00000024
     4252.        0.31023453       -0.17800185        0.35767321       -0.00000021        0.00000012        0.00000024
     4253.        0.31143838       -0.18013396        0.35978064       -0.00000021        0.00000012        0.00000024
     4254.        0.31265614       -0.18230188        0.36192242       -0.00000021        0.00000012        0.00000024
     4255.        0.31389140       -0.18450905        0.36410356       -0.00000021        0.00000012        0.00000024
     4256.        0.31515239       -0.18675595        0.36633156       -0.00000021        0.00000012        0.00000024
     4257.        0.31644289       -0.18904764        0.36861241       -0.00000021        0.00000012        0.00000024
     4258.        0.31777137       -0.19138619        0.37095460       -0.00000021        0.00000012        0.00000024
     4259.        0.31914489       -0.19377836        0.37336780       -0.00000021        0.00000012        0.00000024
     4260.        0.32056907       -0.19623259        0.37586136       -0.00000021        0.00000013        0.00000024
     4261.        0.32205119       -0.19875277        0.37844370       -0.00000021        0.00000013        0.00000024
     4262.        0.32359864       -0.20135072        0.38112752       -0.00000021        0.00000013        0.00000024
     4263.        0.32521890       -0.20403531        0.38392413       -0.00000021        0.00000013        0.00000024
     4264.        0.32691643       -0.20682032        0.38684492       -0.00000021        0.00000013        0.00000024
     4265.        0.32870049       -0.20971660        0.38990391       -0.00000021        0.00000013        0.00000024
     4266.        0.33057569       -0.21273996        0.39311395       -0.00000021        0.00000013        0.00000024
     4267.        0.33254829       -0.21590651        0.39648958       -0.00000021        0.00000013        0.00000025
     4268.        0.33462464       -0.21923421        0.40004661       -0.00000021        0.00000014        0.00000025
     4269.        0.33681280       -0.22274296        0.40380353       -0.00000021        0.00000014        0.00000025
     4270.        0.33911602       -0.22645299        0.40777523       -0.00000021        0.00000014        0.00000025
     4271.        0.34154415       -0.23039141        0.41198618       -0.00000021        0.00000014        0.00000025
     4272.        0.34410056       -0.23458412        0.41645517       -0.00000021        0.00000014        0.00000025
     4273.        0.34679364       -0.23906239        0.42120856       -0.00000021        0.00000014        0.00000025
     4274.        0.34963019       -0.24386299        0.42627507       -0.00000021        0.00000015        0.00000026
     4275.        0.35261544       -0.24902495        0.43168400       -0.00000021        0.00000015        0.00000026
     4276.        0.35575801       -0.25459460        0.43747248       -0.00000021        0.00000015        0.00000026
     4277.        0.35906495       -0.26062406        0.44368067       -0.00000021        0.00000015        0.00000026
     4278.        0.36254507       -0.26717983        0.45035984       -0.00000021        0.00000016        0.00000027
     4279.        0.36620388       -0.27433285        0.45756289       -0.00000021        0.00000016        0.00000027
     4280.        0.37004694       -0.28217393        0.46535671       -0.00000022        0.00000016        0.00000027
     4281.        0.37407814       -0.29080734        0.47381786       -0.00000022        0.00000017        0.00000028
     4282.        0.37829964       -0.30036135        0.48303991       -0.00000022        0.00000017        0.00000028
     4283.        0.38270666       -0.31099565        0.49313557       -0.00000022        0.00000018        0.00000028
     4284.        0.38728386       -0.32290195        0.50423651       -0.00000022        0.00000019        0.00000029
     4285.        0.39200160       -0.33632554        0.51650762       -0.00000022        0.00000019        0.00000030
     4286.        0.39680865       -0.35157159        0.53015063       -0.00000023        0.00000020        0.00000030
     4287.        0.40161063       -0.36903093        0.54541262       -0.00000023        0.00000021        0.00000031
     4288.        0.40624611       -0.38920645        0.56259893       -0.00000023        0.00000022        0.00000032
     4289.        0.41044983       -0.41275068        0.58209294       -0.00000023        0.00000023        0.00000033
     4290.        0.41377396       -0.44052038        0.60437331       -0.00000023        0.00000025        0.00000034
     4291.        0.41545387       -0.47363934        0.63002869       -0.00000023        0.00000026        0.00000035
     4292.        0.41418635       -0.51357346        0.65977878       -0.00000023        0.00000029        0.00000037
     4293.        0.40769340       -0.56219114        0.69445863       -0.00000023        0.00000031        0.00000038
     4294.        0.39192472       -0.62172886        0.73495017       -0.00000022        0.00000034        0.00000041
     4295.        0.35943285       -0.69470658        0.78218233       -0.00000020        0.00000038        0.00000043
     4296.        0.28003728       -0.76266607        0.81245333       -0.00000015        0.00000042        0.00000044
     4297.        0.17253730       -0.83575085        0.85337483       -0.00000009        0.00000046        0.00000047
     4298.        0.03633432       -0.87282246        0.87357841       -0.00000002        0.00000047        0.00000047
     4299.       -0.14123582       -0.82557471        0.83756860        0.00000008        0.00000045        0.00000045
     4300.       -0.26646179       -0.71756395        0.76544099        0.00000014        0.00000039        0.00000041
     4301.       -0.35065272       -0.57180347        0.67075819        0.00000019        0.00000031        0.00000036
     4302.       -0.35785207       -0.41504664        0.54801626        0.00000019        0.00000022        0.00000029
     4303.       -0.31329108       -0.29908108        0.43312907        0.00000017        0.00000016        0.00000023
     4304.       -0.25790985       -0.22434525        0.34183078        0.00000014        0.00000012        0.00000018
     4305.       -0.20516352       -0.17312623        0.26844881        0.00000011        0.00000009        0.00000014
     4306.       -0.15452401       -0.13732158        0.20672417        0.00000008        0.00000007        0.00000011
     4307.       -0.10721302       -0.11480485        0.15708209        0.00000006        0.00000006        0.00000008
     4308.       -0.06553212       -0.10253414        0.12168693        0.00000003        0.00000005        0.00000006
     4309.       -0.03027177       -0.09688566        0.10150473        0.00000002        0.00000005        0.00000005
     4310.       -0.00085279       -0.09493622        0.09494005        0.00000000        0.00000005        0.00000005
     4311.        0.02394122       -0.09479822        0.09777467       -0.00000001        0.00000005        0.00000005
     4312.        0.04541553       -0.09552714        0.10577336       -0.00000002        0.00000005        0.00000005
     4313.        0.06460205       -0.09685163        0.11642020       -0.00000003        0.00000005        0.00000006
     4314.        0.08212519       -0.09881111        0.12848417       -0.00000004        0.00000005        0.00000007
     4315.        0.09829926       -0.10146891        0.14127521       -0.00000005        0.00000005        0.00000007
     4316.        0.11332197       -0.10480238        0.15435481       -0.00000006        0.00000005        0.00000008
     4317.        0.12743827       -0.10873371        0.16752174       -0.00000006        0.00000006        0.00000009
     4318.        0.14108858       -0.11321417        0.18089620       -0.00000007        0.00000006        0.00000009
     4319.        0.15530173       -0.11836527        0.19526639       -0.00000008        0.00000006        0.00000010
     4320.        0.17644984       -0.12292516        0.21504683       -0.00000009        0.00000006        0.00000011
     4321.        0.17614398       -0.14261274        0.22663869       -0.00000009        0.00000007        0.00000011
     4322.        0.16806762       -0.16447298        0.23515545       -0.00000008        0.00000008        0.00000012
     4323.        0.17477742       -0.15846431        0.23591966       -0.00000009        0.00000008        0.00000012
     4324.        0.17957835       -0.17079569        0.24782968       -0.00000009        0.00000008        0.00000012
     4325.        0.17260721       -0.17706162        0.24727326       -0.00000009        0.00000009        0.00000012
     4326.        0.17162126       -0.17413862        0.24449564       -0.00000008        0.00000009        0.00000012
     4327.        0.17645890       -0.17459932        0.24823914       -0.00000009        0.00000009        0.00000012
     4328.        0.18045073       -0.17911812        0.25425532       -0.00000009        0.00000009        0.00000012
     4329.        0.18131241       -0.18471403        0.25883095       -0.00000009        0.00000009        0.00000013
     4330.        0.17966618       -0.18857484        0.26046191       -0.00000009        0.00000009        0.00000013
     4331.        0.17787106       -0.18972048        0.26006148       -0.00000009        0.00000009        0.00000013
     4332.        0.17770208       -0.18939875        0.25971122       -0.00000009        0.00000009        0.00000013
     4333.        0.17915652       -0.18927639        0.26061967       -0.00000009        0.00000009        0.00000013
     4334.        0.18134049       -0.19013669        0.26274766       -0.00000009        0.00000009        0.00000013
     4335.        0.18341538       -0.19197542        0.26551039       -0.00000009        0.00000009        0.00000013
     4336.        0.18487857       -0.19442824        0.26829541       -0.00000009        0.00000009        0.00000013
     4337.        0.18554673       -0.19703035        0.27064469       -0.00000009        0.00000009        0.00000013
     4338.        0.18549845       -0.19935628        0.27230975       -0.00000009        0.00000009        0.00000013
     4339.        0.18500058       -0.20111958        0.27326598       -0.00000009        0.00000010        0.00000013
     4340.        0.18440051       -0.20223507        0.27368334       -0.00000009        0.00000010        0.00000013
     4341.        0.18400314       -0.20281007        0.27384134       -0.00000009        0.00000010        0.00000013
     4342.        0.18398263       -0.20306930        0.27401962       -0.00000009        0.00000010        0.00000013
     4343.        0.18436697       -0.20325344        0.27441417       -0.00000009        0.00000010        0.00000013
     4344.        0.18507773       -0.20355057        0.27511197       -0.00000009        0.00000010        0.00000013
     4345.        0.18598462       -0.20406827        0.27610530       -0.00000009        0.00000009        0.00000013
     4346.        0.18695149       -0.20484060        0.27732748       -0.00000009        0.00000010        0.00000013
     4347.        0.18786173       -0.20584691        0.27868438       -0.00000009        0.00000010        0.00000013
     4348.        0.18863122       -0.20703115        0.28007791       -0.00000009        0.00000010        0.00000013
     4349.        0.18920941       -0.20832051        0.28142074       -0.00000009        0.00000010        0.00000013
     4350.        0.18957896       -0.20963765        0.28264488       -0.00000009        0.00000010        0.00000013
     4351.        0.18975168       -0.21091088        0.28370601       -0.00000009        0.00000010        0.00000013
     4352.        0.18976141       -0.21208282        0.28458481       -0.00000009        0.00000010        0.00000013
     4353.        0.18965758       -0.21311588        0.28528648       -0.00000009        0.00000010        0.00000013
     4354.        0.18949528       -0.21399368        0.28583519       -0.00000009        0.00000010        0.00000013
     4355.        0.18932777       -0.21472152        0.28626969       -0.00000009        0.00000010        0.00000013
     4356.        0.18919939       -0.21532077        0.28663469       -0.00000009        0.00000010        0.00000013
     4357.        0.18914074       -0.21582482        0.28697487       -0.00000009        0.00000010        0.00000013
     4358.        0.18916716       -0.21627101        0.28732797       -0.00000008        0.00000010        0.00000013
     4359.        0.18928074       -0.21669597        0.28772268       -0.00000008        0.00000010        0.00000013
     4360.        0.18947193       -0.21713114        0.28817624       -0.00000008        0.00000010        0.00000013
     4361.        0.18972411       -0.21760024        0.28869552       -0.00000008        0.00000010        0.00000013
     4362.        0.19001616       -0.21811910        0.28927855       -0.00000008        0.00000010        0.00000013
     4363.        0.19032630       -0.21869515        0.28991666       -0.00000008        0.00000010        0.00000013
     4364.        0.19063320       -0.21932909        0.29059640       -0.00000008        0.00000010        0.00000013
     4365.        0.19091912       -0.22001551        0.29130214       -0.00000008        0.00000010        0.00000013
     4366.        0.19116937       -0.22074572        0.29201781       -0.00000008        0.00000010        0.00000013
     4367.        0.19137294       -0.22150776        0.29272733       -0.00000008        0.00000010        0.00000013
     4368.        0.19152377       -0.22228859        0.29341707       -0.00000008        0.00000010        0.00000013
     4369.        0.19161941       -0.22307462        0.29407531       -0.00000008        0.00000010        0.00000013
     4370.        0.19166062       -0.22385276        0.29469281       -0.00000008        0.00000010        0.00000013
     4371.        0.19165183       -0.22461166        0.29526399       -0.00000008        0.00000010        0.00000013
     4372.        0.19160010       -0.22534145        0.29578602       -0.00000008        0.00000010        0.00000013
     4373.        0.19151373       -0.22603472        0.29625867       -0.00000008        0.00000010        0.00000013
     4374.        0.19140270       -0.22668701        0.29668501       -0.00000008        0.00000010        0.00000013
     4375.        0.19127759       -0.22729638        0.29707030       -0.00000008        0.00000010        0.00000013
     4376.        0.19114793       -0.22786345        0.29742105       -0.00000008        0.00000010        0.00000013
     4377.        0.19102332       -0.22839119        0.29774560       -0.00000008        0.00000010        0.00000013
     4378.        0.19091112       -0.22888401        0.29805192       -0.00000008        0.00000010        0.00000013
     4379.        0.19081806       -0.22934826        0.29834905       -0.00000008        0.00000010        0.00000013
     4380.        0.19074763       -0.22979128        0.29864476       -0.00000008        0.00000010        0.00000013
     4381.        0.19070312       -0.23022028        0.29894658       -0.00000008        0.00000010        0.00000013
     4382.        0.19068452       -0.23064277        0.29926021       -0.00000008        0.00000010        0.00000013
     4383.        0.19069111       -0.23106536        0.29959022       -0.00000008        0.00000010        0.00000013
     4384.        0.19072047       -0.23149429        0.29993983       -0.00000008        0.00000010        0.00000013
     4385.        0.19076948       -0.23193487        0.30031113       -0.00000008        0.00000010        0.00000013
     4386.        0.19083398       -0.23239080        0.30070433       -0.00000008        0.00000010        0.00000013
     4387.        0.19090957       -0.23286486        0.30111876       -0.00000008        0.00000010        0.00000013
     4388.        0.19099128       -0.23335913        0.30155290       -0.00000008        0.00000010        0.00000013
     4389.        0.19107486       -0.23387424        0.30200457       -0.00000008        0.00000010        0.00000013
     4390.        0.19115574       -0.23440963        0.30247048       -0.00000008        0.00000010        0.00000013
     4391.        0.19123029       -0.23496499        0.30294813       -0.00000008        0.00000010        0.00000012
     4392.        0.19129460       -0.23553803        0.30343333       -0.00000008        0.00000010        0.00000012
     4393.        0.19134594       -0.23612696        0.30392303       -0.00000008        0.00000010        0.00000012
     4394.        0.19138230       -0.23672943        0.30441421       -0.00000008        0.00000010        0.00000012
     4395.        0.19140163       -0.23734215        0.30490307       -0.00000008        0.00000010        0.00000012
     4396.        0.19140311       -0.23796297        0.30538750       -0.00000008        0.00000010        0.00000012
     4397.        0.19138638       -0.23858852        0.30586473       -0.00000008        0.00000010        0.00000012
     4398.        0.19135111       -0.23921638        0.30633270       -0.00000008        0.00000010        0.00000012
     4399.        0.19129792       -0.23984385        0.30678978       -0.00000008        0.00000010        0.00000012
     4400.        0.19122822       -0.24046870        0.30723514       -0.00000008        0.00000010        0.00000012
     4401.        0.19114290       -0.24108919        0.30766801       -0.00000008        0.00000010        0.00000012
     4402.        0.19104363       -0.24170305        0.30808771       -0.00000008        0.00000010        0.00000012
     4403.        0.19093259       -0.24230975        0.30849517       -0.00000008        0.00000010        0.00000012
     4404.        0.19081123       -0.24290800        0.30889030       -0.00000008        0.00000010        0.00000012
     4405.        0.19068200       -0.24349723        0.30927420       -0.00000008        0.00000010        0.00000012
     4406.        0.19054640       -0.24407791        0.30964812       -0.00000008        0.00000010        0.00000012
     4407.        0.19040692       -0.24464998        0.31001356       -0.00000008        0.00000010        0.00000012
     4408.        0.19026484       -0.24521415        0.31037186       -0.00000008        0.00000010        0.00000012
     4409.        0.19012219       -0.24577138        0.31072499       -0.00000008        0.00000010        0.00000012
     4410.        0.18998025       -0.24632290        0.31107470       -0.00000007        0.00000010        0.00000012
     4411.        0.18983983       -0.24687022        0.31142265       -0.00000007        0.00000010        0.00000012
     4412.        0.18970198       -0.24741457        0.31177045       -0.00000007        0.00000010        0.00000012
     4413.        0.18956700       -0.24795800        0.31211988       -0.00000007        0.00000010        0.00000012
     4414.        0.18943546       -0.24850178        0.31247229       -0.00000007        0.00000010        0.00000012
     4415.        0.18930714       -0.24904773        0.31282897       -0.00000007        0.00000010        0.00000012
     4416.        0.18918184       -0.24959765        0.31319124       -0.00000007        0.00000010        0.00000012
     4417.        0.18905882       -0.25015313        0.31355993       -0.00000007        0.00000010        0.00000012
     4418.        0.18893711       -0.25071525        0.31393529       -0.00000007        0.00000010        0.00000012
     4419.        0.18881621       -0.25128561        0.31431834       -0.00000007        0.00000010        0.00000012
     4420.        0.18869435       -0.25186531        0.31470890       -0.00000007        0.00000010        0.00000012
     4421.        0.18857077       -0.25245519        0.31510722       -0.00000007        0.00000010        0.00000012
     4422.        0.18844364       -0.25305611        0.31551292       -0.00000007        0.00000010        0.00000012
     4423.        0.18831169       -0.25366841        0.31592555       -0.00000007        0.00000010        0.00000012
     4424.        0.18817332       -0.25429269        0.31634470       -0.00000007        0.00000010        0.00000012
     4425.        0.18802695       -0.25492877        0.31676934       -0.00000007        0.00000010        0.00000012
     4426.        0.18787151       -0.25557699        0.31719915       -0.00000007        0.00000010        0.00000012
     4427.        0.18770485       -0.25623718        0.31763281       -0.00000007        0.00000010        0.00000012
     4428.        0.18752562       -0.25690861        0.31806901       -0.00000007        0.00000010        0.00000012
     4429.        0.18733296       -0.25759137        0.31850739       -0.00000007        0.00000010        0.00000012
     4430.        0.18712496       -0.25828475        0.31894633       -0.00000007        0.00000010        0.00000012
     4431.        0.18690050       -0.25898773        0.31938447       -0.00000007        0.00000010        0.00000012
     4432.        0.18665868       -0.25969987        0.31982102       -0.00000007        0.00000010        0.00000012
     4433.        0.18639837       -0.26042041        0.32025481       -0.00000007        0.00000010        0.00000012
     4434.        0.18611814       -0.26114834        0.32068430       -0.00000007        0.00000010        0.00000012
     4435.        0.18581762       -0.26188292        0.32110879       -0.00000007        0.00000010        0.00000012
     4436.        0.18549565       -0.26262311        0.32152688       -0.00000007        0.00000010        0.00000012
     4437.        0.18515185       -0.26336786        0.32193763       -0.00000007        0.00000010        0.00000012
     4438.        0.18478503       -0.26411641        0.32233986       -0.00000007        0.00000010        0.00000012
     4439.        0.18439455       -0.26486797        0.32273269       -0.00000007        0.00000010        0.00000012
     4440.        0.18398001       -0.26562174        0.32311538       -0.00000007        0.00000010        0.00000012
     4441.        0.18354075       -0.26637666        0.32348683       -0.00000007        0.00000010        0.00000012
     4442.        0.18307585       -0.26713219        0.32384622       -0.00000007        0.00000010        0.00000012
     4443.        0.18258489       -0.26788751        0.32419279       -0.00000007        0.00000010        0.00000012
     4444.        0.18206695       -0.26864210        0.32452573       -0.00000007        0.00000010        0.00000012
     4445.        0.18152106       -0.26939538        0.32484422       -0.00000007        0.00000010        0.00000012
     4446.        0.18094626       -0.27014681        0.32514743       -0.00000007        0.00000010        0.00000012
     4447.        0.18034133       -0.27089611        0.32543462       -0.00000007        0.00000010        0.00000012
     4448.        0.17970446       -0.27164298        0.32570477       -0.00000007        0.00000010        0.00000012
     4449.        0.17903439       -0.27238713        0.32595715       -0.00000007        0.00000010        0.00000012
     4450.        0.17832793       -0.27312801        0.32618976       -0.00000006        0.00000010        0.00000012
     4451.        0.17758269       -0.27386586        0.32640178       -0.00000006        0.00000010        0.00000012
     4452.        0.17679487       -0.27460067        0.32659142       -0.00000006        0.00000010        0.00000012
     4453.        0.17595955       -0.27533243        0.32675634       -0.00000006        0.00000010        0.00000012
     4454.        0.17507008       -0.27606110        0.32689335       -0.00000006        0.00000010        0.00000012
     4455.        0.17411811       -0.27678641        0.32699822       -0.00000006        0.00000010        0.00000012
     4456.        0.17309217       -0.27750916        0.32706610       -0.00000006        0.00000010        0.00000012
     4457.        0.17197424       -0.27822906        0.32708798       -0.00000006        0.00000010        0.00000012
     4458.        0.17073891       -0.27894666        0.32705201       -0.00000006        0.00000010        0.00000012
     4459.        0.16934148       -0.27966251        0.32693678       -0.00000006        0.00000010        0.00000012
     4460.        0.16769701       -0.28037912        0.32670283       -0.00000006        0.00000010        0.00000012
     4461.        0.16558920       -0.28111087        0.32625620       -0.00000006        0.00000010        0.00000012
     4462.        0.16181657       -0.28253489        0.32559264       -0.00000006        0.00000010        0.00000012
     4463.        0.16002997       -0.27912917        0.32174941       -0.00000006        0.00000010        0.00000011
     4464.        0.16177184       -0.27581389        0.31975526       -0.00000006        0.00000010        0.00000011
     4465.        0.15951082       -0.27655207        0.31925655       -0.00000006        0.00000010        0.00000011
     4466.        0.15928731       -0.27398644        0.31692431       -0.00000006        0.00000010        0.00000011
     4467.        0.16058214       -0.27412619        0.31769765       -0.00000006        0.00000010        0.00000011
     4468.        0.15983350       -0.27485440        0.31794919       -0.00000006        0.00000010        0.00000011
     4469.        0.15862479       -0.27437952        0.31693208       -0.00000006        0.00000010        0.00000011
     4470.        0.15816601       -0.27327187        0.31574357       -0.00000006        0.00000010        0.00000011
     4471.        0.15850247       -0.27252831        0.31526927       -0.00000006        0.00000009        0.00000011
     4472.        0.15889578       -0.27253402        0.31547212       -0.00000006        0.00000009        0.00000011
     4473.        0.15882302       -0.27290076        0.31575240       -0.00000006        0.00000009        0.00000011
     4474.        0.15832085       -0.27315948        0.31572392       -0.00000005        0.00000009        0.00000011
     4475.        0.15765730       -0.27311437        0.31535264       -0.00000005        0.00000009        0.00000011
     4476.        0.15707720       -0.27279303        0.31478450       -0.00000005        0.00000009        0.00000011
     4477.        0.15671948       -0.27233733        0.31421110       -0.00000005        0.00000009        0.00000011
     4478.        0.15660023       -0.27191581        0.31378629       -0.00000005        0.00000009        0.00000011
     4479.        0.15663716       -0.27165249        0.31357659       -0.00000005        0.00000009        0.00000011
     4480.        0.15670622       -0.27158652        0.31355394       -0.00000005        0.00000009        0.00000011
     4481.        0.15670233       -0.27167921        0.31363229       -0.00000005        0.00000009        0.00000011
     4482.        0.15657269       -0.27185237        0.31371757       -0.00000005        0.00000009        0.00000011
     4483.        0.15631660       -0.27202750        0.31374168       -0.00000005        0.00000009        0.00000011
     4484.        0.15596691       -0.27214760        0.31367179       -0.00000005        0.00000009        0.00000011
     4485.        0.15557202       -0.27218470        0.31350783       -0.00000005        0.00000009        0.00000011
     4486.        0.15517862       -0.27213658        0.31327101       -0.00000005        0.00000009        0.00000011
     4487.        0.15482456       -0.27201967        0.31299416       -0.00000005        0.00000009        0.00000011
     4488.        0.15453376       -0.27186232        0.31271361       -0.00000005        0.00000009        0.00000011
     4489.        0.15431429       -0.27169667        0.31246117       -0.00000005        0.00000009        0.00000011
     4490.        0.15416001       -0.27155152        0.31225876       -0.00000005        0.00000009        0.00000011
     4491.        0.15405521       -0.27144962        0.31211841       -0.00000005        0.00000009        0.00000010
     4492.        0.15397779       -0.27140314        0.31203978       -0.00000005        0.00000009        0.00000010
     4493.        0.15390460       -0.27141420        0.31201329       -0.00000005        0.00000009        0.00000010
     4494.        0.15381624       -0.27147562        0.31202316       -0.00000005        0.00000009        0.00000010
     4495.        0.15369763       -0.27157571        0.31205180       -0.00000005        0.00000009        0.00000010
     4496.        0.15354142       -0.27169845        0.31208174       -0.00000005        0.00000009        0.00000010
     4497.        0.15334563       -0.27182863        0.31209884       -0.00000005        0.00000009        0.00000010
     4498.        0.15311427       -0.27195275        0.31209338       -0.00000005        0.00000009        0.00000010
     4499.        0.15285412       -0.27205992        0.31205926       -0.00000005        0.00000009        0.00000010
     4500.        0.15257441       -0.27214310        0.31199489       -0.00000005        0.00000009        0.00000010
     4501.        0.15228505       -0.27219945        0.31190267       -0.00000005        0.00000009        0.00000010
     4502.        0.15199632       -0.27222885        0.31178747       -0.00000005        0.00000009        0.00000010
     4503.        0.15171584       -0.27223421        0.31165552       -0.00000005        0.00000009        0.00000010
     4504.        0.15145068       -0.27221999        0.31151410       -0.00000005        0.00000009        0.00000010
     4505.        0.15120518       -0.27219251        0.31137079       -0.00000005        0.00000009        0.00000010
     4506.        0.15098161       -0.27215843        0.31123248       -0.00000005        0.00000009        0.00000010
     4507.        0.15078009       -0.27212447        0.31110507       -0.00000005        0.00000009        0.00000010
     4508.        0.15059922       -0.27209646        0.31099294       -0.00000005        0.00000009        0.00000010
     4509.        0.15043541       -0.27207937        0.31089869       -0.00000005        0.00000009        0.00000010
     4510.        0.15028478       -0.27207696        0.31082372       -0.00000005        0.00000009        0.00000010
     4511.        0.15014246       -0.27209084        0.31076709       -0.00000005        0.00000009        0.00000010
     4512.        0.15000389       -0.27212206        0.31072750       -0.00000005        0.00000009        0.00000010
     4513.        0.14986445       -0.27217039        0.31070255       -0.00000005        0.00000009        0.00000010
     4514.        0.14971981       -0.27223345        0.31068806       -0.00000005        0.00000009        0.00000010
     4515.        0.14956716       -0.27230886        0.31068062       -0.00000005        0.00000009        0.00000010
     4516.        0.14940367       -0.27239388        0.31067650       -0.00000005        0.00000009        0.00000010
     4517.        0.14922838       -0.27248485        0.31067202       -0.00000005        0.00000009        0.00000010
     4518.        0.14904060       -0.27257836        0.31066391       -0.00000005        0.00000009        0.00000010
     4519.        0.14884060       -0.27267102        0.31064933       -0.00000005        0.00000009        0.00000010
     4520.        0.14862957       -0.27276000        0.31062641       -0.00000005        0.00000009        0.00000010
     4521.        0.14840904       -0.27284280        0.31059368       -0.00000005        0.00000009        0.00000010
     4522.        0.14818117       -0.27291782        0.31055079       -0.00000005        0.00000009        0.00000010
     4523.        0.14794750       -0.27298315        0.31049681       -0.00000005        0.00000009        0.00000010
     4524.        0.14771149       -0.27303845        0.31043305       -0.00000005        0.00000009        0.00000010
     4525.        0.14747471       -0.27308334        0.31035995       -0.00000005        0.00000009        0.00000010
     4526.        0.14723968       -0.27311780        0.31027868       -0.00000005        0.00000009        0.00000010
     4527.        0.14700866       -0.27314273        0.31019107       -0.00000005        0.00000009        0.00000010
     4528.        0.14678292       -0.27315937        0.31009881       -0.00000005        0.00000009        0.00000010
     4529.        0.14656443       -0.27316895        0.31000388       -0.00000005        0.00000009        0.00000010
     4530.        0.14635384       -0.27317305        0.30990799       -0.00000005        0.00000009        0.00000010
     4531.        0.14615250       -0.27317323        0.30981311       -0.00000005        0.00000009        0.00000010
     4532.        0.14596013       -0.27317108        0.30972052       -0.00000005        0.00000009        0.00000010
     4533.        0.14577711       -0.27316853        0.30963206       -0.00000005        0.00000009        0.00000010
     4534.        0.14560285       -0.27316718        0.30954886       -0.00000005        0.00000009        0.00000010
     4535.        0.14543707       -0.27316865        0.30947222       -0.00000005        0.00000009        0.00000010
     4536.        0.14527856       -0.27317360        0.30940213       -0.00000005        0.00000009        0.00000010
     4537.        0.14512702       -0.27318336        0.30933962       -0.00000005        0.00000008        0.00000010
     4538.        0.14498057       -0.27319891        0.30928468       -0.00000005        0.00000008        0.00000010
     4539.        0.14483860       -0.27322063        0.30923734       -0.00000004        0.00000008        0.00000010
     4540.        0.14469951       -0.27324886        0.30919717       -0.00000004        0.00000008        0.00000010
     4541.        0.14456204       -0.27328366        0.30916362       -0.00000004        0.00000008        0.00000010
     4542.        0.14442523       -0.27332474        0.30913599       -0.00000004        0.00000008        0.00000010
     4543.        0.14428812       -0.27337213        0.30911387       -0.00000004        0.00000008        0.00000010
     4544.        0.14414941       -0.27342523        0.30909612       -0.00000004        0.00000008        0.00000010
     4545.        0.14400845       -0.27348310        0.30908161       -0.00000004        0.00000008        0.00000009
     4546.        0.14386426       -0.27354545        0.30906963       -0.00000004        0.00000008        0.00000009
     4547.        0.14371684       -0.27361131        0.30905934       -0.00000004        0.00000008        0.00000009
     4548.        0.14356551       -0.27367974        0.30904960       -0.00000004        0.00000008        0.00000009
     4549.        0.14341027       -0.27375010        0.30903984       -0.00000004        0.00000008        0.00000009
     4550.        0.14325046       -0.27382142        0.30902890       -0.00000004        0.00000008        0.00000009
     4551.        0.14308671       -0.27389306        0.30901653       -0.00000004        0.00000008        0.00000009
     4552.        0.14291936       -0.27396404        0.30900200       -0.00000004        0.00000008        0.00000009
     4553.        0.14274804       -0.27403404        0.30898488       -0.00000004        0.00000008        0.00000009
     4554.        0.14257343       -0.27410207        0.30896460       -0.00000004        0.00000008        0.00000009
     4555.        0.14239616       -0.27416780        0.30894117       -0.00000004        0.00000008        0.00000009
     4556.        0.14221657       -0.27423089        0.30891444       -0.00000004        0.00000008        0.00000009
     4557.        0.14203499       -0.27429101        0.30888428       -0.00000004        0.00000008        0.00000009
     4558.        0.14185241       -0.27434815        0.30885112       -0.00000004        0.00000008        0.00000009
     4559.        0.14166884       -0.27440165        0.30881439       -0.00000004        0.00000008        0.00000009
     4560.        0.14148527       -0.27445216        0.30877511       -0.00000004        0.00000008        0.00000009
     4561.        0.14130205       -0.27449934        0.30873315       -0.00000004        0.00000008        0.00000009
     4562.        0.14111986       -0.27454318        0.30868879       -0.00000004        0.00000008        0.00000009
     4563.        0.14093871       -0.27458435        0.30864265       -0.00000004        0.00000008        0.00000009
     4564.        0.14075928       -0.27462250        0.30859471       -0.00000004        0.00000008        0.00000009
     4565.        0.14058192       -0.27465865        0.30854602       -0.00000004        0.00000008        0.00000009
     4566.        0.14040698       -0.27469278        0.30849675       -0.00000004        0.00000008        0.00000009
     4567.        0.14023416       -0.27472558        0.30844734       -0.00000004        0.00000008        0.00000009
     4568.        0.14006379       -0.27475669        0.30839764       -0.00000004        0.00000008        0.00000009
     4569.        0.13989657       -0.27478749        0.30834918       -0.00000004        0.00000008        0.00000009
     4570.        0.13973152       -0.27481763        0.30830120       -0.00000004        0.00000008        0.00000009
     4571.        0.13956932       -0.27484780        0.30825462       -0.00000004        0.00000008        0.00000009
     4572.        0.13940931       -0.27487801        0.30820914       -0.00000004        0.00000008        0.00000009
     4573.        0.13925186       -0.27490927        0.30816585       -0.00000004        0.00000008        0.00000009
     4574.        0.13909629       -0.27494128        0.30812414       -0.00000004        0.00000008        0.00000009
     4575.        0.13894297       -0.27497471        0.30808479       -0.00000004        0.00000008        0.00000009
     4576.        0.13879088       -0.27500958        0.30804736       -0.00000004        0.00000008        0.00000009
     4577.        0.13864004       -0.27504590        0.30801187       -0.00000004        0.00000008        0.00000009
     4578.        0.13849047       -0.27508404        0.30797863       -0.00000004        0.00000008        0.00000009
     4579.        0.13834113       -0.27512401        0.30794722       -0.00000004        0.00000008        0.00000009
     4580.        0.13819239       -0.27516616        0.30791809       -0.00000004        0.00000008        0.00000009
     4581.        0.13804322       -0.27520982        0.30789020       -0.00000004        0.00000008        0.00000009
     4582.        0.13789397       -0.27525536        0.30786403       -0.00000004        0.00000008        0.00000009
     4583.        0.13774396       -0.27530278        0.30783928       -0.00000004        0.00000008        0.00000009
     4584.        0.13759284       -0.27535142        0.30781520       -0.00000004        0.00000008        0.00000009
     4585.        0.13744062       -0.27540197        0.30779241       -0.00000004        0.00000008        0.00000009
     4586.        0.13728660       -0.27545342        0.30776971       -0.00000004        0.00000008        0.00000009
     4587.        0.13713113       -0.27550577        0.30774726       -0.00000004        0.00000008        0.00000009
     4588.        0.13697351       -0.27555903        0.30772475       -0.00000004        0.00000008        0.00000009
     4589.        0.13681374       -0.27561252        0.30770158       -0.00000004        0.00000008        0.00000009
     4590.        0.13665182       -0.27566625        0.30767775       -0.00000004        0.00000008        0.00000009
     4591.        0.13648774       -0.27572022        0.30765328       -0.00000004        0.00000008        0.00000009
     4592.        0.13632116       -0.27577339        0.30762708       -0.00000004        0.00000008        0.00000009
     4593.        0.13615241       -0.27582578        0.30759931       -0.00000004        0.00000008        0.00000009
     4594.        0.13598079       -0.27587737        0.30756966       -0.00000004        0.00000008        0.00000009
     4595.        0.13580735       -0.27592747        0.30753798       -0.00000004        0.00000008        0.00000009
     4596.        0.13563139       -0.27597609        0.30750394       -0.00000004        0.00000008        0.00000009
     4597.        0.13545324       -0.27602286        0.30746740       -0.00000004        0.00000008        0.00000009
     4598.        0.13527327       -0.27606744        0.30742819       -0.00000004        0.00000008        0.00000009
     4599.        0.13509146       -0.27610948        0.30738599       -0.00000004        0.00000008        0.00000009
     4600.        0.13490782       -0.27614895        0.30734080       -0.00000004        0.00000008        0.00000009
     4601.        0.13472234       -0.27618588        0.30729261       -0.00000004        0.00000008        0.00000009
     4602.        0.13453609       -0.27621988        0.30724157       -0.00000004        0.00000008        0.00000009
     4603.        0.13434871       -0.27625060        0.30718719       -0.00000004        0.00000008        0.00000009
     4604.        0.13416020       -0.27627805        0.30712948       -0.00000004        0.00000008        0.00000009
     4605.        0.13397129       -0.27630219        0.30706874       -0.00000004        0.00000008        0.00000009
     4606.        0.13378196       -0.27632269        0.30700462       -0.00000004        0.00000008        0.00000009
     4607.        0.13359258       -0.27633987        0.30693762       -0.00000004        0.00000008        0.00000009
     4608.        0.13340352       -0.27635374        0.30686787       -0.00000004        0.00000008        0.00000009
     4609.        0.13321477       -0.27636393        0.30679504       -0.00000004        0.00000008        0.00000009
     4610.        0.13302672       -0.27637043        0.30671929       -0.00000004        0.00000008        0.00000009
     4611.        0.13283936       -0.27637359        0.30664092       -0.00000004        0.00000008        0.00000009
     4612.        0.13265341       -0.27637340        0.30656025       -0.00000004        0.00000008        0.00000009
     4613.        0.13246855       -0.27636986        0.30647710       -0.00000004        0.00000008        0.00000009
     4614.        0.13228548       -0.27636296        0.30639179       -0.00000004        0.00000008        0.00000009
     4615.        0.13210387       -0.27635304        0.30630448       -0.00000004        0.00000008        0.00000008
     4616.        0.13192445       -0.27634012        0.30621548       -0.00000004        0.00000008        0.00000008
     4617.        0.13174723       -0.27632417        0.30612478       -0.00000004        0.00000008        0.00000008
     4618.        0.13157187       -0.27630556        0.30603254       -0.00000004        0.00000008        0.00000008
     4619.        0.13139946       -0.27628427        0.30593924       -0.00000004        0.00000008        0.00000008
     4620.        0.13122930       -0.27626068        0.30584488       -0.00000004        0.00000008        0.00000008
     4621.        0.13106176       -0.27623478        0.30574963       -0.00000004        0.00000008        0.00000008
     4622.        0.13089686       -0.27620692        0.30565381       -0.00000004        0.00000008        0.00000008
     4623.        0.13073499       -0.27617711        0.30555758       -0.00000004        0.00000008        0.00000008
     4624.        0.13057615       -0.27614571        0.30546126       -0.00000004        0.00000008        0.00000008
     4625.        0.13042000       -0.27611271        0.30536471       -0.00000004        0.00000008        0.00000008
     4626.        0.13026692       -0.27607813        0.30526809       -0.00000004        0.00000008        0.00000008
     4627.        0.13011656       -0.27604269        0.30517190       -0.00000004        0.00000008        0.00000008
     4628.        0.12996930       -0.27600603        0.30507597       -0.00000004        0.00000008        0.00000008
     4629.        0.12982516       -0.27596888        0.30498098       -0.00000004        0.00000008        0.00000008
     4630.        0.12968380       -0.27593052        0.30488610       -0.00000004        0.00000007        0.00000008
     4631.        0.12954559       -0.27589204        0.30479251       -0.00000004        0.00000007        0.00000008
     4632.        0.12940981       -0.27585309        0.30469957       -0.00000004        0.00000007        0.00000008
     4633.        0.12927721       -0.27581404        0.30460792       -0.00000003        0.00000007        0.00000008
     4634.        0.12914745       -0.27577490        0.30451742       -0.00000003        0.00000007        0.00000008
     4635.        0.12902016       -0.27573567        0.30442792       -0.00000003        0.00000007        0.00000008
     4636.        0.12889537       -0.27569672        0.30433977       -0.00000003        0.00000007        0.00000008
     4637.        0.12877308       -0.27565807        0.30425298       -0.00000003        0.00000007        0.00000008
     4638.        0.12865331       -0.27561972        0.30416756       -0.00000003        0.00000007        0.00000008
     4639.        0.12853607       -0.27558169        0.30408352       -0.00000003        0.00000007        0.00000008
     4640.        0.12842101       -0.27554434        0.30400105       -0.00000003        0.00000007        0.00000008
     4641.        0.12830813       -0.27550769        0.30392016       -0.00000003        0.00000007        0.00000008
     4642.        0.12819708       -0.27547174        0.30384070       -0.00000003        0.00000007        0.00000008
     4643.        0.12808786       -0.27543614        0.30376235       -0.00000003        0.00000007        0.00000008
     4644.        0.12798086       -0.27540163        0.30368596       -0.00000003        0.00000007        0.00000008
     4645.        0.12787535       -0.27536786        0.30361087       -0.00000003        0.00000007        0.00000008
     4646.        0.12777171       -0.27533520        0.30353761       -0.00000003        0.00000007        0.00000008
     4647.        0.12766957       -0.27530329        0.30346568       -0.00000003        0.00000007        0.00000008
     4648.        0.12756857       -0.27527214        0.30339494       -0.00000003        0.00000007        0.00000008
     4649.        0.12746946       -0.27524175        0.30332571       -0.00000003        0.00000007        0.00000008
     4650.        0.12737113       -0.27521215        0.30325753       -0.00000003        0.00000007        0.00000008
     4651.        0.12727434       -0.27518370        0.30319107       -0.00000003        0.00000007        0.00000008
     4652.        0.12717872       -0.27515604        0.30312584       -0.00000003        0.00000007        0.00000008
     4653.        0.12708389       -0.27512919        0.30306169       -0.00000003        0.00000007        0.00000008
     4654.        0.12699025       -0.27510353        0.30299913       -0.00000003        0.00000007        0.00000008
     4655.        0.12689742       -0.27507830        0.30293733       -0.00000003        0.00000007        0.00000008
     4656.        0.12680541       -0.27505390        0.30287665       -0.00000003        0.00000007        0.00000008
     4657.        0.12671423       -0.27503034        0.30281708       -0.00000003        0.00000007        0.00000008
     4658.        0.12662388       -0.27500724        0.30275830       -0.00000003        0.00000007        0.00000008
     4659.        0.12653436       -0.27498537        0.30270100       -0.00000003        0.00000007        0.00000008
     4660.        0.12644531       -0.27496359        0.30264400       -0.00000003        0.00000007        0.00000008
     4661.        0.12635672       -0.27494268        0.30258800       -0.00000003        0.00000007        0.00000008
     4662.        0.12626898       -0.27492265        0.30253317       -0.00000003        0.00000007        0.00000008
     4663.        0.12618173       -0.27490273        0.30247866       -0.00000003        0.00000007        0.00000008
     4664.        0.12609495       -0.27488369        0.30242517       -0.00000003        0.00000007        0.00000008
     4665.        0.12600867       -0.27486479        0.30237202       -0.00000003        0.00000007        0.00000008
     4666.        0.12592326       -0.27484679        0.30232007       -0.00000003        0.00000007        0.00000008
     4667.        0.12583796       -0.27482893        0.30226831       -0.00000003        0.00000007        0.00000008
     4668.        0.12575316       -0.27481121        0.30221691       -0.00000003        0.00000007        0.00000008
     4669.        0.12566926       -0.27479442        0.30216674       -0.00000003        0.00000007        0.00000008
     4670.        0.12558548       -0.27477779        0.30211678       -0.00000003        0.00000007        0.00000008
     4671.        0.12550222       -0.27476132        0.30206719       -0.00000003        0.00000007        0.00000008
     4672.        0.12541948       -0.27474540        0.30201835       -0.00000003        0.00000007        0.00000008
     4673.        0.12533688       -0.27472967        0.30196974       -0.00000003        0.00000007        0.00000008
     4674.        0.12525519       -0.27471411        0.30192169       -0.00000003        0.00000007        0.00000008
     4675.        0.12517405       -0.27469873        0.30187404       -0.00000003        0.00000007        0.00000008
     4676.        0.12509305       -0.27468394        0.30182700       -0.00000003        0.00000007        0.00000008
     4677.        0.12501299       -0.27466895        0.30178018       -0.00000003        0.00000007        0.00000008
     4678.        0.12493308       -0.27465456        0.30173399       -0.00000003        0.00000007        0.00000008
     4679.        0.12485373       -0.27464037        0.30168823       -0.00000003        0.00000007        0.00000008
     4680.        0.12477494       -0.27462639        0.30164290       -0.00000003        0.00000007        0.00000008
     4681.        0.12469711       -0.27461263        0.30159819       -0.00000003        0.00000007        0.00000008
     4682.        0.12461945       -0.27459871        0.30155341       -0.00000003        0.00000007        0.00000008
     4683.        0.12454237       -0.27458540        0.30150944       -0.00000003        0.00000007        0.00000008
     4684.        0.12446586       -0.27457232        0.30146594       -0.00000003        0.00000007        0.00000008
     4685.        0.12438994       -0.27455988        0.30142327       -0.00000003        0.00000007        0.00000008
     4686.        0.12431460       -0.27454729        0.30138072       -0.00000003        0.00000007        0.00000008
     4687.        0.12423986       -0.27453495        0.30133865       -0.00000003        0.00000007        0.00000008
     4688.        0.12416571       -0.27452326        0.30129743       -0.00000003        0.00000007        0.00000008
     4689.        0.12409217       -0.27451143        0.30125635       -0.00000003        0.00000007        0.00000008
     4690.        0.12401923       -0.27450026        0.30121614       -0.00000003        0.00000007        0.00000008
     4691.        0.12394691       -0.27448936        0.30117643       -0.00000003        0.00000007        0.00000008
     4692.        0.12387480       -0.27447874        0.30113709       -0.00000003        0.00000007        0.00000008
     4693.        0.12380371       -0.27446880        0.30109879       -0.00000003        0.00000007        0.00000008
     4694.        0.12373285       -0.27445914        0.30106085       -0.00000003        0.00000007        0.00000008
     4695.        0.12366302       -0.27445017        0.30102399       -0.00000003        0.00000007        0.00000008
     4696.        0.12359342       -0.27444151        0.30098750       -0.00000003        0.00000007        0.00000008
     4697.        0.12352406       -0.27443314        0.30095140       -0.00000003        0.00000007        0.00000008
     4698.        0.12345575       -0.27442549        0.30091639       -0.00000003        0.00000007        0.00000008
     4699.        0.12338768       -0.27441815        0.30088177       -0.00000003        0.00000007        0.00000007
     4700.        0.12331987       -0.27441193        0.30084830       -0.00000003        0.00000007        0.00000007
     4701.        0.12325271       -0.27440564        0.30081503       -0.00000003        0.00000007        0.00000007
     4702.        0.12318581       -0.27440048        0.30078292       -0.00000003        0.00000007        0.00000007
     4703.        0.12311957       -0.27439566        0.30075140       -0.00000003        0.00000007        0.00000007
     4704.        0.12305360       -0.27439159        0.30072069       -0.00000003        0.00000007        0.00000007
     4705.        0.12298789       -0.27438827        0.30069077       -0.00000003        0.00000007        0.00000007
     4706.        0.12292246       -0.27438530        0.30066131       -0.00000003        0.00000007        0.00000007
     4707.        0.12285731       -0.27438310        0.30063267       -0.00000003        0.00000007        0.00000007
     4708.        0.12279202       -0.27438207        0.30060506       -0.00000003        0.00000007        0.00000007
     4709.        0.12272743       -0.27438142        0.30057808       -0.00000003        0.00000007        0.00000007
     4710.        0.12266271       -0.27438114        0.30055141       -0.00000003        0.00000007        0.00000007
     4711.        0.12259828       -0.27438207        0.30052597       -0.00000003        0.00000007        0.00000007
     4712.        0.12253373       -0.27438378        0.30050121       -0.00000003        0.00000007        0.00000007
     4713.        0.12246948       -0.27438590        0.30047694       -0.00000003        0.00000007        0.00000007
     4714.        0.12240511       -0.27438882        0.30045338       -0.00000003        0.00000007        0.00000007
     4715.        0.12234063       -0.27439256        0.30043054       -0.00000003        0.00000007        0.00000007
     4716.        0.12227564       -0.27439712        0.30040824       -0.00000003        0.00000007        0.00000007
     4717.        0.12221094       -0.27440210        0.30038646       -0.00000003        0.00000007        0.00000007
     4718.        0.12214614       -0.27440832        0.30036579       -0.00000003        0.00000007        0.00000007
     4719.        0.12208083       -0.27441497        0.30034531       -0.00000003        0.00000007        0.00000007
     4720.        0.12201541       -0.27442206        0.30032520       -0.00000003        0.00000007        0.00000007
     4721.        0.12194989       -0.27443000        0.30030584       -0.00000003        0.00000007        0.00000007
     4722.        0.12188345       -0.27443879        0.30028691       -0.00000003        0.00000007        0.00000007
     4723.        0.12181691       -0.27444804        0.30026836       -0.00000003        0.00000007        0.00000007
     4724.        0.12175028       -0.27445774        0.30025020       -0.00000003        0.00000007        0.00000007
     4725.        0.12168271       -0.27446832        0.30023248       -0.00000003        0.00000007        0.00000007
     4726.        0.12161464       -0.27447937        0.30021500       -0.00000003        0.00000007        0.00000007
     4727.        0.12154648       -0.27449089        0.30019793       -0.00000003        0.00000007        0.00000007
     4728.        0.12147739       -0.27450289        0.30018093       -0.00000003        0.00000007        0.00000007
     4729.        0.12140737       -0.27451578        0.30016440       -0.00000003        0.00000007        0.00000007
     4730.        0.12133726       -0.27452875        0.30014791       -0.00000003        0.00000007        0.00000007
     4731.        0.12126623       -0.27454221        0.30013151       -0.00000003        0.00000007        0.00000007
     4732.        0.12119427       -0.27455575        0.30011483       -0.00000003        0.00000007        0.00000007
     4733.        0.12112180       -0.27456978        0.30009841       -0.00000003        0.00000007        0.00000007
     4734.        0.12104841       -0.27458433        0.30008211       -0.00000003        0.00000007        0.00000007
     4735.        0.12097450       -0.27459896        0.30006569       -0.00000003        0.00000007        0.00000007
     4736.        0.12089967       -0.27461412        0.30004940       -0.00000003        0.00000007        0.00000007
     4737.        0.12082390       -0.27462895        0.30003245       -0.00000003        0.00000007        0.00000007
     4738.        0.12074720       -0.27464430        0.30001563       -0.00000003        0.00000007        0.00000007
     4739.        0.12066958       -0.27465976        0.29999855       -0.00000003        0.00000007        0.00000007
     4740.        0.12059102       -0.27467491        0.29998083       -0.00000003        0.00000007        0.00000007
     4741.        0.12051194       -0.27469017        0.29996303       -0.00000003        0.00000007        0.00000007
     4742.        0.12043151       -0.27470555        0.29994481       -0.00000003        0.00000007        0.00000007
     4743.        0.12035057       -0.27472062        0.29992612       -0.00000003        0.00000007        0.00000007
     4744.        0.12026827       -0.27473539        0.29990664       -0.00000003        0.00000006        0.00000007
     4745.        0.12018545       -0.27475029        0.29988709       -0.00000003        0.00000006        0.00000007
     4746.        0.12010127       -0.27476489        0.29986674       -0.00000003        0.00000006        0.00000007
     4747.        0.12001657       -0.27477920        0.29984594       -0.00000003        0.00000006        0.00000007
     4748.        0.11993093       -0.27479279        0.29982413       -0.00000003        0.00000006        0.00000007
     4749.        0.11984393       -0.27480652        0.29980191       -0.00000003        0.00000006        0.00000007
