     4155.        0.00000000
     4160.        0.00000000
     4165.        0.00000000
     4170.        0.00000000
     4175.        0.00000000
     4180.        0.00000000
     4185.        0.00000000
     4190.        0.00000000
     4195.        0.00000000
     4200.        0.00000000
     4205.        0.00000000
     4210.        0.00000000
     4215.        0.00000000
     4220.        0.00000000
     4225.        0.00000000
     4230.        0.00000000
     4235.        0.00000000
     4240.        0.00000000
     4245.        0.00000000
     4250.        0.00000000
     4255.        0.00000000
     4260.        0.00000000
     4265.        0.00000000
     4270.        0.00000000
     4275.        0.00000000
     4280.        0.00000000
     4285.        0.00000000
     4290.        0.00000000
     4295.        0.00000000
     4300.        0.00000000
     4305.        0.00000000
     4310.        0.00000000
     4315.        0.00000000
     4320.        0.00000000
     4325.        0.00000000
     4330.        0.00000000
     4335.        0.00000000
     4340.        0.00000000
     4345.        0.00000000
     4350.        0.00000000
     4355.        0.00000000
     4360.        0.00000000
     4365.        0.00000000
     4370.        0.00000000
     4375.        0.00000000
     4380.        0.00000000
     4385.        0.00000000
     4390.        0.00000000
     4395.        0.00000000
     4400.        0.00000000
     4405.        0.00000000
     4410.        0.00000000
     4415.        0.00000000
     4420.        0.00000000
     4425.        0.00000000
     4430.        0.00000000
     4435.        0.00000000
     4440.        0.00000000
     4445.        0.00000000
     4450.        0.00000000
     4455.        0.00000000
     4460.        0.00000000
     4465.        0.00000000
     4470.        0.00000000
     4475.        0.00000000
     4480.        0.00000000
     4485.        0.00000000
     4490.        0.00000000
     4495.        0.00000000
     4500.        0.00000000
     4505.        0.00000000
     4510.        0.00000000
     4515.        0.00000000
     4520.        0.00000000
     4525.        0.00000000
     4530.        0.00000000
     4535.        0.00000000
     4540.        0.00000000
     4545.        0.00000000
     4550.        0.00000000
     4555.        0.00000000
     4560.        0.00000000
     4565.        0.00000000
     4570.        0.00000000
     4575.        0.00000000
     4580.        0.00000000
     4585.        0.00000000
     4590.        0.00000000
     4595.        0.00000000
     4600.        0.00000000
     4605.        0.00000000
     4610.        0.00000000
     4615.        0.00000000
     4620.        0.00000000
     4625.        0.00000000
     4630.        0.00000000
     4635.        0.00000000
     4640.        0.00000000
     4645.        0.00000000
