     4155.        0.00000218       -0.00000001        0.00000218       -0.00000000        0.00000000        0.00000000
     4160.        0.00007586       -0.00000033        0.00007586       -0.00000000        0.00000000        0.00000000
     4165.        0.00028261       -0.00000144        0.00028261       -0.00000000        0.00000000        0.00000000
     4170.        0.00062699       -0.00000382        0.00062700       -0.00000000        0.00000000        0.00000000
     4175.        0.00109885       -0.00000790        0.00109888       -0.00000000        0.00000000        0.00000000
     4180.        0.00168392       -0.00001440        0.00168398       -0.00000000        0.00000000        0.00000000
     4185.        0.00236680       -0.00002380        0.00236692       -0.00000000        0.00000000        0.00000000
     4190.        0.00313396       -0.00003629        0.00313417       -0.00000000        0.00000000        0.00000000
     4195.        0.00397315       -0.00005313        0.00397350       -0.00000000        0.00000000        0.00000000
     4200.        0.00487279       -0.00007481        0.00487336       -0.00000000        0.00000000        0.00000000
     4205.        0.00582394       -0.00010087        0.00582481       -0.00000001        0.00000000        0.00000001
     4210.        0.00682017       -0.00013180        0.00682145       -0.00000001        0.00000000        0.00000001
     4215.        0.00785553       -0.00016909        0.00785735       -0.00000001        0.00000000        0.00000001
     4220.        0.00892421       -0.00021371        0.00892677       -0.00000001        0.00000000        0.00000001
     4225.        0.01002147       -0.00026543        0.01002498       -0.00000001        0.00000000        0.00000001
     4230.        0.01114460       -0.00032362        0.01114930       -0.00000001        0.00000000        0.00000001
     4235.        0.01229253       -0.00038848        0.01229867       -0.00000001        0.00000000        0.00000001
     4240.        0.01346453       -0.00046133        0.01347243       -0.00000001        0.00000000        0.00000001
     4245.        0.01465952       -0.00054383        0.01466961       -0.00000001        0.00000000        0.00000001
     4250.        0.01587612       -0.00063718        0.01588891       -0.00000001        0.00000000        0.00000001
     4255.        0.01711314       -0.00074177        0.01712921       -0.00000001        0.00000000        0.00000001
     4260.        0.01837045       -0.00085735        0.01839044       -0.00000001        0.00000000        0.00000001
     4265.        0.01964910       -0.00098366        0.01967371       -0.00000001        0.00000000        0.00000001
     4270.        0.02095082       -0.00112097        0.02098078       -0.00000001        0.00000000        0.00000001
     4275.        0.02227831       -0.00127045        0.02231450       -0.00000001        0.00000000        0.00000001
     4280.        0.02363362       -0.00143397        0.02367709       -0.00000001        0.00000000        0.00000001
     4285.        0.02501892       -0.00161372        0.02507090       -0.00000001        0.00000000        0.00000001
     4290.        0.02643568       -0.00181176        0.02649769       -0.00000001        0.00000000        0.00000001
     4295.        0.02788558       -0.00202977        0.02795935       -0.00000002        0.00000000        0.00000002
     4300.        0.02937152       -0.00226813        0.02945897       -0.00000002        0.00000000        0.00000002
     4305.        0.03089705       -0.00252931        0.03100040       -0.00000002        0.00000000        0.00000002
     4310.        0.03246632       -0.00281394        0.03258804       -0.00000002        0.00000000        0.00000002
     4315.        0.03408748       -0.00312318        0.03423026       -0.00000002        0.00000000        0.00000002
     4320.        0.03577059       -0.00345943        0.03593749       -0.00000002        0.00000000        0.00000002
     4325.        0.03753680       -0.00383594        0.03773229       -0.00000002        0.00000000        0.00000002
     4330.        0.03938859       -0.00428432        0.03962091       -0.00000002        0.00000000        0.00000002
     4335.        0.04133342       -0.00482480        0.04161406       -0.00000002        0.00000000        0.00000002
     4340.        0.04332443       -0.00545877        0.04366697       -0.00000002        0.00000000        0.00000002
     4345.        0.04541984       -0.00623605        0.04584594       -0.00000002        0.00000000        0.00000002
     4350.        0.04750583       -0.00715819        0.04804210       -0.00000002        0.00000000        0.00000002
     4355.        0.04966324       -0.00817433        0.05033147       -0.00000002        0.00000000        0.00000002
     4360.        0.05187631       -0.00941191        0.05272320       -0.00000002        0.00000000        0.00000002
     4365.        0.05401548       -0.01084552        0.05509353       -0.00000002        0.00000000        0.00000002
     4370.        0.05610856       -0.01237204        0.05745640       -0.00000002        0.00000001        0.00000002
     4375.        0.05823971       -0.01404246        0.05990872       -0.00000002        0.00000001        0.00000003
     4380.        0.06035450       -0.01595867        0.06242872       -0.00000003        0.00000001        0.00000003
     4385.        0.06232960       -0.01811024        0.06490732       -0.00000003        0.00000001        0.00000003
     4390.        0.06411777       -0.02039230        0.06728250       -0.00000003        0.00000001        0.00000003
     4395.        0.06578181       -0.02273445        0.06959958       -0.00000003        0.00000001        0.00000003
     4400.        0.06739139       -0.02517181        0.07193899       -0.00000003        0.00000001        0.00000003
     4405.        0.06893376       -0.02778516        0.07432280       -0.00000003        0.00000001        0.00000003
     4410.        0.07032301       -0.03061206        0.07669696       -0.00000003        0.00000001        0.00000003
     4415.        0.07146671       -0.03361400        0.07897716       -0.00000003        0.00000001        0.00000003
     4420.        0.07232178       -0.03670126        0.08110131       -0.00000003        0.00000001        0.00000003
     4425.        0.07291289       -0.03979107        0.08306395       -0.00000003        0.00000002        0.00000003
     4430.        0.07329907       -0.04285193        0.08490608       -0.00000003        0.00000002        0.00000003
     4435.        0.07352244       -0.04590916        0.08667872       -0.00000003        0.00000002        0.00000003
     4440.        0.07357368       -0.04901201        0.08840398       -0.00000003        0.00000002        0.00000003
     4445.        0.07339034       -0.05219545        0.09005836       -0.00000003        0.00000002        0.00000003
     4450.        0.07286827       -0.05546007        0.09157295       -0.00000003        0.00000002        0.00000003
     4455.        0.07185299       -0.05877137        0.09282740       -0.00000003        0.00000002        0.00000003
     4460.        0.06993903       -0.06210192        0.09353137       -0.00000002        0.00000002        0.00000003
     4465.        0.06704599       -0.06299874        0.09200003       -0.00000002        0.00000002        0.00000003
     4470.        0.06626739       -0.06370415        0.09192163       -0.00000002        0.00000002        0.00000003
     4475.        0.06586148       -0.06519980        0.09267550       -0.00000002        0.00000002        0.00000003
     4480.        0.06518583       -0.06625579        0.09294634       -0.00000002        0.00000002        0.00000003
     4485.        0.06461996       -0.06785135        0.09369923       -0.00000002        0.00000002        0.00000003
     4490.        0.06390503       -0.06908920        0.09411255       -0.00000002        0.00000002        0.00000003
     4495.        0.06350646       -0.07042256        0.09482830       -0.00000002        0.00000002        0.00000003
     4500.        0.06296737       -0.07195078        0.09561279       -0.00000002        0.00000002        0.00000003
     4505.        0.06230520       -0.07336936        0.09625487       -0.00000002        0.00000002        0.00000003
     4510.        0.06170485       -0.07472217        0.09690661       -0.00000002        0.00000002        0.00000003
     4515.        0.06111709       -0.07614159        0.09763626       -0.00000002        0.00000002        0.00000003
     4520.        0.06041873       -0.07759712        0.09834499       -0.00000002        0.00000002        0.00000003
     4525.        0.05959726       -0.07897647        0.09893997       -0.00000002        0.00000003        0.00000003
     4530.        0.05872634       -0.08022344        0.09942124       -0.00000002        0.00000003        0.00000003
     4535.        0.05787469       -0.08135637        0.09984157       -0.00000002        0.00000003        0.00000003
     4540.        0.05706448       -0.08241857        0.10024558       -0.00000002        0.00000003        0.00000003
     4545.        0.05628497       -0.08343787        0.10064729       -0.00000002        0.00000003        0.00000003
     4550.        0.05552373       -0.08441812        0.10104110       -0.00000002        0.00000003        0.00000003
     4555.        0.05478144       -0.08535304        0.10142064       -0.00000002        0.00000003        0.00000003
     4560.        0.05407008       -0.08624322        0.10179129       -0.00000002        0.00000003        0.00000003
     4565.        0.05340131       -0.08710137        0.10216824       -0.00000002        0.00000003        0.00000003
     4570.        0.05277894       -0.08794776        0.10256912       -0.00000002        0.00000003        0.00000003
     4575.        0.05219494       -0.08880255        0.10300585       -0.00000002        0.00000003        0.00000003
     4580.        0.05163103       -0.08968002        0.10348077       -0.00000002        0.00000003        0.00000003
     4585.        0.05106558       -0.09058343        0.10398582       -0.00000001        0.00000003        0.00000003
     4590.        0.05047943       -0.09150531        0.10450548       -0.00000001        0.00000003        0.00000003
     4595.        0.04985921       -0.09243238        0.10502231       -0.00000001        0.00000003        0.00000003
     4600.        0.04919890       -0.09334705        0.10551873       -0.00000001        0.00000003        0.00000003
     4605.        0.04850053       -0.09423302        0.10598191       -0.00000001        0.00000003        0.00000003
     4610.        0.04777192       -0.09507752        0.10640437       -0.00000001        0.00000003        0.00000003
     4615.        0.04702365       -0.09587100        0.10678236       -0.00000001        0.00000003        0.00000003
     4620.        0.04626838       -0.09661062        0.10711850       -0.00000001        0.00000003        0.00000003
     4625.        0.04551769       -0.09729602        0.10741683       -0.00000001        0.00000003        0.00000003
     4630.        0.04478159       -0.09793057        0.10768374       -0.00000001        0.00000003        0.00000003
     4635.        0.04406777       -0.09852034        0.10792695       -0.00000001        0.00000003        0.00000003
     4640.        0.04338222       -0.09907196        0.10815392       -0.00000001        0.00000003        0.00000003
     4645.        0.04272845       -0.09959226        0.10837130       -0.00000001        0.00000003        0.00000003
