     4155.        0.00000264       -0.00000000        0.00000264       -0.00000000        0.00000000        0.00000000
     4160.        0.00009165       -0.00000003        0.00009165       -0.00000000        0.00000000        0.00000000
     4165.        0.00034099       -0.00000020        0.00034099       -0.00000000        0.00000000        0.00000000
     4170.        0.00075515       -0.00000082        0.00075515       -0.00000000        0.00000000        0.00000000
     4175.        0.00132031       -0.00000214        0.00132031       -0.00000000        0.00000000        0.00000000
     4180.        0.00201744       -0.00000485        0.00201744       -0.00000000        0.00000000        0.00000000
     4185.        0.00282576       -0.00000929        0.00282578       -0.00000000        0.00000000        0.00000000
     4190.        0.00372692       -0.00001533        0.00372695       -0.00000000        0.00000000        0.00000000
     4195.        0.00470392       -0.00002433        0.00470398       -0.00000000        0.00000000        0.00000000
     4200.        0.00574050       -0.00003659        0.00574062       -0.00000001        0.00000000        0.00000001
     4205.        0.00682373       -0.00005096        0.00682392       -0.00000001        0.00000000        0.00000001
     4210.        0.00794399       -0.00006761        0.00794428       -0.00000001        0.00000000        0.00000001
     4215.        0.00909219       -0.00008803        0.00909262       -0.00000001        0.00000000        0.00000001
     4220.        0.01025928       -0.00011290        0.01025990       -0.00000001        0.00000000        0.00000001
     4225.        0.01143770       -0.00014129        0.01143857       -0.00000001        0.00000000        0.00000001
     4230.        0.01262253       -0.00017174        0.01262370       -0.00000001        0.00000000        0.00000001
     4235.        0.01381094       -0.00020380        0.01381245       -0.00000001        0.00000000        0.00000001
     4240.        0.01500045       -0.00023839        0.01500234       -0.00000001        0.00000000        0.00000001
     4245.        0.01618827       -0.00027680        0.01619064       -0.00000001        0.00000000        0.00000001
     4250.        0.01737115       -0.00031963        0.01737409       -0.00000001        0.00000000        0.00000001
     4255.        0.01854633       -0.00036644        0.01854995       -0.00000001        0.00000000        0.00000001
     4260.        0.01971194       -0.00041601        0.01971633       -0.00000001        0.00000000        0.00000001
     4265.        0.02086814       -0.00046705        0.02087337       -0.00000001        0.00000000        0.00000001
     4270.        0.02201517       -0.00051890        0.02202129       -0.00000001        0.00000000        0.00000001
     4275.        0.02315449       -0.00057180        0.02316155       -0.00000001        0.00000000        0.00000001
     4280.        0.02428676       -0.00062663        0.02429484       -0.00000001        0.00000000        0.00000001
     4285.        0.02541278       -0.00068446        0.02542200       -0.00000001        0.00000000        0.00000001
     4290.        0.02653236       -0.00074611        0.02654285       -0.00000001        0.00000000        0.00000001
     4295.        0.02764566       -0.00081191        0.02765758       -0.00000002        0.00000000        0.00000002
     4300.        0.02875316       -0.00088170        0.02876668       -0.00000002        0.00000000        0.00000002
     4305.        0.02985535       -0.00095501        0.02987062       -0.00000002        0.00000000        0.00000002
     4310.        0.03095440       -0.00103110        0.03097157       -0.00000002        0.00000000        0.00000002
     4315.        0.03205232       -0.00110925        0.03207151       -0.00000002        0.00000000        0.00000002
     4320.        0.03315395       -0.00118937        0.03317528       -0.00000002        0.00000000        0.00000002
     4325.        0.03426530       -0.00127459        0.03428900       -0.00000002        0.00000000        0.00000002
     4330.        0.03538931       -0.00137273        0.03541592       -0.00000002        0.00000000        0.00000002
     4335.        0.03652912       -0.00149000        0.03655949       -0.00000002        0.00000000        0.00000002
     4340.        0.03767133       -0.00162672        0.03770643       -0.00000002        0.00000000        0.00000002
     4345.        0.03883417       -0.00179446        0.03887561       -0.00000002        0.00000000        0.00000002
     4350.        0.03998728       -0.00199471        0.04003700       -0.00000002        0.00000000        0.00000002
     4355.        0.04115357       -0.00221171        0.04121296       -0.00000002        0.00000000        0.00000002
     4360.        0.04233153       -0.00247943        0.04240408       -0.00000002        0.00000000        0.00000002
     4365.        0.04348731       -0.00279220        0.04357686       -0.00000002        0.00000000        0.00000002
     4370.        0.04462761       -0.00312008        0.04473654       -0.00000002        0.00000000        0.00000002
     4375.        0.04577937       -0.00347272        0.04591090       -0.00000002        0.00000000        0.00000002
     4380.        0.04693533       -0.00387828        0.04709529       -0.00000002        0.00000000        0.00000002
     4385.        0.04806636       -0.00433932        0.04826184       -0.00000002        0.00000000        0.00000002
     4390.        0.04915787       -0.00483169        0.04939475       -0.00000002        0.00000000        0.00000002
     4395.        0.05022477       -0.00533421        0.05050724       -0.00000002        0.00000000        0.00000002
     4400.        0.05128970       -0.00585103        0.05162236       -0.00000002        0.00000000        0.00000002
     4405.        0.05235864       -0.00640313        0.05274872       -0.00000002        0.00000000        0.00000002
     4410.        0.05341783       -0.00700703        0.05387544       -0.00000002        0.00000000        0.00000002
     4415.        0.05444623       -0.00766275        0.05498281       -0.00000002        0.00000000        0.00000002
     4420.        0.05542888       -0.00835519        0.05605507       -0.00000002        0.00000000        0.00000002
     4425.        0.05636678       -0.00906452        0.05709098       -0.00000002        0.00000000        0.00000002
     4430.        0.05727294       -0.00977855        0.05810172       -0.00000002        0.00000000        0.00000002
     4435.        0.05816366       -0.01049852        0.05910356       -0.00000002        0.00000000        0.00000002
     4440.        0.05904843       -0.01123625        0.06010799       -0.00000002        0.00000000        0.00000002
     4445.        0.05992566       -0.01200618        0.06111656       -0.00000002        0.00000000        0.00000002
     4450.        0.06078380       -0.01281778        0.06212058       -0.00000002        0.00000000        0.00000002
     4455.        0.06160860       -0.01367193        0.06310738       -0.00000002        0.00000000        0.00000002
     4460.        0.06238728       -0.01456088        0.06406397       -0.00000002        0.00000001        0.00000002
     4465.        0.06311369       -0.01547151        0.06498235       -0.00000002        0.00000001        0.00000002
     4470.        0.06378811       -0.01639088        0.06586033       -0.00000002        0.00000001        0.00000002
     4475.        0.06441810       -0.01730669        0.06670242       -0.00000002        0.00000001        0.00000002
     4480.        0.06501217       -0.01821357        0.06751531       -0.00000002        0.00000001        0.00000002
     4485.        0.06558655       -0.01911227        0.06831452       -0.00000002        0.00000001        0.00000002
     4490.        0.06614321       -0.02000913        0.06910347       -0.00000002        0.00000001        0.00000002
     4495.        0.06669170       -0.02090894        0.06989254       -0.00000002        0.00000001        0.00000002
     4500.        0.06722894       -0.02182713        0.07068348       -0.00000002        0.00000001        0.00000002
     4505.        0.06774440       -0.02276629        0.07146753       -0.00000002        0.00000001        0.00000002
     4510.        0.06823366       -0.02372435        0.07224041       -0.00000002        0.00000001        0.00000002
     4515.        0.06869247       -0.02470376        0.07299953       -0.00000002        0.00000001        0.00000002
     4520.        0.06911053       -0.02570262        0.07373527       -0.00000002        0.00000001        0.00000002
     4525.        0.06947973       -0.02671067        0.07443717       -0.00000002        0.00000001        0.00000002
     4530.        0.06980064       -0.02771508        0.07510163       -0.00000002        0.00000001        0.00000002
     4535.        0.07007901       -0.02870673        0.07573073       -0.00000002        0.00000001        0.00000002
     4540.        0.07032275       -0.02968137        0.07633002       -0.00000002        0.00000001        0.00000002
     4545.        0.07053743       -0.03063710        0.07690358       -0.00000002        0.00000001        0.00000002
     4550.        0.07072883       -0.03157258        0.07745577       -0.00000002        0.00000001        0.00000002
     4555.        0.07090326       -0.03248756        0.07799175       -0.00000002        0.00000001        0.00000002
     4560.        0.07106720       -0.03338376        0.07851766       -0.00000002        0.00000001        0.00000002
     4565.        0.07122670       -0.03426581        0.07904042       -0.00000002        0.00000001        0.00000002
     4570.        0.07138491       -0.03514041        0.07956540       -0.00000002        0.00000001        0.00000002
     4575.        0.07154237       -0.03601501        0.08009613       -0.00000002        0.00000001        0.00000002
     4580.        0.07169548       -0.03689524        0.08063188       -0.00000002        0.00000001        0.00000002
     4585.        0.07183917       -0.03778588        0.08117043       -0.00000002        0.00000001        0.00000002
     4590.        0.07196716       -0.03868800        0.08170700       -0.00000002        0.00000001        0.00000002
     4595.        0.07207404       -0.03960060        0.08223670       -0.00000002        0.00000001        0.00000002
     4600.        0.07215462       -0.04052053        0.08275387       -0.00000002        0.00000001        0.00000002
     4605.        0.07220569       -0.04144312        0.08325380       -0.00000002        0.00000001        0.00000002
     4610.        0.07222540       -0.04236396        0.08373299       -0.00000002        0.00000001        0.00000002
     4615.        0.07221366       -0.04327778        0.08418895       -0.00000002        0.00000001        0.00000002
     4620.        0.07217185       -0.04417917        0.08462018       -0.00000002        0.00000001        0.00000002
     4625.        0.07210175       -0.04506442        0.08502625       -0.00000002        0.00000001        0.00000002
     4630.        0.07200669       -0.04592936        0.08540766       -0.00000002        0.00000001        0.00000002
     4635.        0.07189009       -0.04677084        0.08576535       -0.00000002        0.00000001        0.00000002
     4640.        0.07175695       -0.04758714        0.08610224       -0.00000002        0.00000001        0.00000002
     4645.        0.07161167       -0.04837727        0.08642101       -0.00000002        0.00000001        0.00000002
