     4155.        0.00000001       -0.00000000        0.00000001       -0.00000000        0.00000000        0.00000000
     4160.        0.00000168       -0.00000000        0.00000168       -0.00000000        0.00000000        0.00000000
     4165.        0.00001072       -0.00000000        0.00001072       -0.00000000        0.00000000        0.00000000
     4170.        0.00003313       -0.00000001        0.00003313       -0.00000000        0.00000000        0.00000000
     4175.        0.00007351       -0.00000003        0.00007351       -0.00000000        0.00000000        0.00000000
     4180.        0.00013497       -0.00000007        0.00013497       -0.00000000        0.00000000        0.00000000
     4185.        0.00021930       -0.00000014        0.00021930       -0.00000000        0.00000000        0.00000000
     4190.        0.00032735       -0.00000027        0.00032735       -0.00000000        0.00000000        0.00000000
     4195.        0.00045916       -0.00000046        0.00045916       -0.00000000        0.00000000        0.00000000
     4200.        0.00061428       -0.00000076        0.00061428       -0.00000000        0.00000000        0.00000000
     4205.        0.00079186       -0.00000117        0.00079186       -0.00000000        0.00000000        0.00000000
     4210.        0.00099087       -0.00000172        0.00099087       -0.00000000        0.00000000        0.00000000
     4215.        0.00121014       -0.00000245        0.00121014       -0.00000000        0.00000000        0.00000000
     4220.        0.00144838       -0.00000342        0.00144839       -0.00000000        0.00000000        0.00000000
     4225.        0.00170432       -0.00000463        0.00170433       -0.00000000        0.00000000        0.00000000
     4230.        0.00197675       -0.00000607        0.00197676       -0.00000000        0.00000000        0.00000000
     4235.        0.00226452       -0.00000775        0.00226453       -0.00000000        0.00000000        0.00000000
     4240.        0.00256659       -0.00000969        0.00256661       -0.00000000        0.00000000        0.00000000
     4245.        0.00288196       -0.00001193        0.00288198       -0.00000000        0.00000000        0.00000000
     4250.        0.00320973       -0.00001443        0.00320977       -0.00000000        0.00000000        0.00000000
     4255.        0.00354907       -0.00001709        0.00354911       -0.00000000        0.00000000        0.00000000
     4260.        0.00389925       -0.00001954        0.00389930       -0.00000000        0.00000000        0.00000000
     4265.        0.00425948       -0.00002100        0.00425954       -0.00000000        0.00000000        0.00000000
     4270.        0.00462778       -0.00001994        0.00462782       -0.00000000        0.00000000        0.00000000
     4275.        0.00499799       -0.00001739        0.00499802       -0.00000000        0.00000000        0.00000000
     4280.        0.00537077       -0.00002577        0.00537083       -0.00000000        0.00000000        0.00000000
     4285.        0.00576085       -0.00004131        0.00576100       -0.00000000        0.00000000        0.00000000
     4290.        0.00616393       -0.00005414        0.00616417       -0.00000000        0.00000000        0.00000000
     4295.        0.00657546       -0.00006521        0.00657578       -0.00000000        0.00000000        0.00000000
     4300.        0.00699427       -0.00007683        0.00699469       -0.00000000        0.00000000        0.00000000
     4305.        0.00741978       -0.00008887        0.00742031       -0.00000000        0.00000000        0.00000000
     4310.        0.00785265       -0.00010138        0.00785330       -0.00000000        0.00000000        0.00000000
     4315.        0.00829231       -0.00011477        0.00829311       -0.00000000        0.00000000        0.00000000
     4320.        0.00874039       -0.00012894        0.00874134       -0.00000000        0.00000000        0.00000000
     4325.        0.00919634       -0.00014448        0.00919747       -0.00000000        0.00000000        0.00000000
     4330.        0.00966124       -0.00016087        0.00966258       -0.00000000        0.00000000        0.00000000
     4335.        0.01013626       -0.00017930        0.01013784       -0.00000000        0.00000000        0.00000000
     4340.        0.01062109       -0.00020053        0.01062298       -0.00000001        0.00000000        0.00000001
     4345.        0.01111679       -0.00022512        0.01111907       -0.00000001        0.00000000        0.00000001
     4350.        0.01162295       -0.00025388        0.01162572       -0.00000001        0.00000000        0.00000001
     4355.        0.01214111       -0.00028678        0.01214449       -0.00000001        0.00000000        0.00000001
     4360.        0.01267197       -0.00032670        0.01267618       -0.00000001        0.00000000        0.00000001
     4365.        0.01321345       -0.00037465        0.01321876       -0.00000001        0.00000000        0.00000001
     4370.        0.01376578       -0.00042906        0.01377247       -0.00000001        0.00000000        0.00000001
     4375.        0.01433173       -0.00049088        0.01434014       -0.00000001        0.00000000        0.00000001
     4380.        0.01491186       -0.00056362        0.01492251       -0.00000001        0.00000000        0.00000001
     4385.        0.01550392       -0.00064950        0.01551752       -0.00000001        0.00000000        0.00000001
     4390.        0.01610600       -0.00074776        0.01612335       -0.00000001        0.00000000        0.00000001
     4395.        0.01671901       -0.00085681        0.01674096       -0.00000001        0.00000000        0.00000001
     4400.        0.01734586       -0.00097740        0.01737337       -0.00000001        0.00000000        0.00000001
     4405.        0.01798829       -0.00111295        0.01802269       -0.00000001        0.00000000        0.00000001
     4410.        0.01864558       -0.00126748        0.01868861       -0.00000001        0.00000000        0.00000001
     4415.        0.01931496       -0.00144344        0.01936882       -0.00000001        0.00000000        0.00000001
     4420.        0.01999385       -0.00164097        0.02006108       -0.00000001        0.00000000        0.00000001
     4425.        0.02068134       -0.00185867        0.02076470       -0.00000001        0.00000000        0.00000001
     4430.        0.02137909       -0.00209551        0.02148154       -0.00000001        0.00000000        0.00000001
     4435.        0.02209041       -0.00235263        0.02221533       -0.00000001        0.00000000        0.00000001
     4440.        0.02281854       -0.00263384        0.02297004       -0.00000001        0.00000000        0.00000001
     4445.        0.02356549       -0.00294500        0.02374880       -0.00000001        0.00000000        0.00000001
     4450.        0.02433197       -0.00329313        0.02455380       -0.00000001        0.00000000        0.00000001
     4455.        0.02511906       -0.00368629        0.02538811       -0.00000001        0.00000000        0.00000001
     4460.        0.02593379       -0.00413784        0.02626182       -0.00000001        0.00000000        0.00000001
     4465.        0.02677866       -0.00473224        0.02719358       -0.00000001        0.00000000        0.00000001
     4470.        0.02746251       -0.00543337        0.02799484       -0.00000001        0.00000000        0.00000001
     4475.        0.02809904       -0.00610062        0.02875367       -0.00000001        0.00000000        0.00000001
     4480.        0.02861095       -0.00674801        0.02939595       -0.00000001        0.00000000        0.00000001
     4485.        0.02917236       -0.00742131        0.03010153       -0.00000001        0.00000000        0.00000001
     4490.        0.02962181       -0.00806572        0.03070028       -0.00000001        0.00000000        0.00000001
     4495.        0.03012568       -0.00866351        0.03134666       -0.00000001        0.00000000        0.00000001
     4500.        0.03061849       -0.00932747        0.03200771       -0.00000001        0.00000000        0.00000001
     4505.        0.03104813       -0.00998134        0.03261309       -0.00000001        0.00000000        0.00000001
     4510.        0.03148337       -0.01059905        0.03321961       -0.00000001        0.00000000        0.00000001
     4515.        0.03194385       -0.01124016        0.03386371       -0.00000001        0.00000000        0.00000001
     4520.        0.03238357       -0.01192681        0.03451006       -0.00000001        0.00000000        0.00000001
     4525.        0.03277482       -0.01262877        0.03512370       -0.00000001        0.00000000        0.00000001
     4530.        0.03313038       -0.01331613        0.03570632       -0.00000001        0.00000000        0.00000001
     4535.        0.03347694       -0.01398820        0.03628189       -0.00000001        0.00000000        0.00000001
     4540.        0.03382269       -0.01466244        0.03686409       -0.00000001        0.00000000        0.00000001
     4545.        0.03415913       -0.01535123        0.03745005       -0.00000001        0.00000000        0.00000001
     4550.        0.03447327       -0.01605260        0.03802752       -0.00000001        0.00000000        0.00000001
     4555.        0.03475963       -0.01675551        0.03858729       -0.00000001        0.00000001        0.00000001
     4560.        0.03502359       -0.01744941        0.03912971       -0.00000001        0.00000001        0.00000001
     4565.        0.03527575       -0.01813076        0.03966236       -0.00000001        0.00000001        0.00000001
     4570.        0.03552603       -0.01880406        0.04019566       -0.00000001        0.00000001        0.00000001
     4575.        0.03577885       -0.01947852        0.04073744       -0.00000001        0.00000001        0.00000001
     4580.        0.03603191       -0.02016338        0.04128995       -0.00000001        0.00000001        0.00000001
     4585.        0.03627867       -0.02086439        0.04185050       -0.00000001        0.00000001        0.00000001
     4590.        0.03651137       -0.02158283        0.04241343       -0.00000001        0.00000001        0.00000001
     4595.        0.03672343       -0.02231602        0.04297226       -0.00000001        0.00000001        0.00000001
     4600.        0.03690986       -0.02305893        0.04352071       -0.00000001        0.00000001        0.00000001
     4605.        0.03706981       -0.02380593        0.04405557       -0.00000001        0.00000001        0.00000001
     4610.        0.03720350       -0.02455208        0.04457471       -0.00000001        0.00000001        0.00000001
     4615.        0.03731368       -0.02529377        0.04507866       -0.00000001        0.00000001        0.00000001
     4620.        0.03740212       -0.02602891        0.04556778       -0.00000001        0.00000001        0.00000001
     4625.        0.03747174       -0.02675645        0.04604388       -0.00000001        0.00000001        0.00000001
     4630.        0.03752370       -0.02747588        0.04650755       -0.00000001        0.00000001        0.00000001
     4635.        0.03755922       -0.02818682        0.04695947       -0.00000001        0.00000001        0.00000001
     4640.        0.03757953       -0.02888866        0.04740017       -0.00000001        0.00000001        0.00000001
     4645.        0.03758556       -0.02958051        0.04782971       -0.00000001        0.00000001        0.00000001
