     4155.        0.00000001       -0.00000000        0.00000001       -0.00000000        0.00000000        0.00000000
     4160.        0.00000219       -0.00000000        0.00000219       -0.00000000        0.00000000        0.00000000
     4165.        0.00001405       -0.00000000        0.00001405       -0.00000000        0.00000000        0.00000000
     4170.        0.00004359       -0.00000000        0.00004359       -0.00000000        0.00000000        0.00000000
     4175.        0.00009705       -0.00000001        0.00009705       -0.00000000        0.00000000        0.00000000
     4180.        0.00017873       -0.00000004        0.00017873       -0.00000000        0.00000000        0.00000000
     4185.        0.00029124       -0.00000010        0.00029124       -0.00000000        0.00000000        0.00000000
     4190.        0.00043580       -0.00000022        0.00043580       -0.00000000        0.00000000        0.00000000
     4195.        0.00061264       -0.00000042        0.00061264       -0.00000000        0.00000000        0.00000000
     4200.        0.00082117       -0.00000075        0.00082117       -0.00000000        0.00000000        0.00000000
     4205.        0.00106027       -0.00000123        0.00106027       -0.00000000        0.00000000        0.00000000
     4210.        0.00132852       -0.00000189        0.00132852       -0.00000000        0.00000000        0.00000000
     4215.        0.00162424       -0.00000279        0.00162424       -0.00000000        0.00000000        0.00000000
     4220.        0.00194555       -0.00000403        0.00194555       -0.00000000        0.00000000        0.00000000
     4225.        0.00229052       -0.00000561        0.00229053       -0.00000000        0.00000000        0.00000000
     4230.        0.00265730       -0.00000753        0.00265731       -0.00000000        0.00000000        0.00000000
     4235.        0.00304406       -0.00000978        0.00304408       -0.00000000        0.00000000        0.00000000
     4240.        0.00344911       -0.00001244        0.00344914       -0.00000000        0.00000000        0.00000000
     4245.        0.00387076       -0.00001561        0.00387079       -0.00000000        0.00000000        0.00000000
     4250.        0.00430737       -0.00001936        0.00430741       -0.00000000        0.00000000        0.00000000
     4255.        0.00475738       -0.00002374        0.00475744       -0.00000000        0.00000000        0.00000000
     4260.        0.00521932       -0.00002870        0.00521940       -0.00000000        0.00000000        0.00000000
     4265.        0.00569195       -0.00003417        0.00569205       -0.00000000        0.00000000        0.00000000
     4270.        0.00617416       -0.00004011        0.00617429       -0.00000000        0.00000000        0.00000000
     4275.        0.00666496       -0.00004654        0.00666513       -0.00000000        0.00000000        0.00000000
     4280.        0.00716350       -0.00005351        0.00716370       -0.00000000        0.00000000        0.00000000
     4285.        0.00766889       -0.00006115        0.00766913       -0.00000000        0.00000000        0.00000000
     4290.        0.00818031       -0.00006954        0.00818061       -0.00000000        0.00000000        0.00000000
     4295.        0.00869701       -0.00007874        0.00869737       -0.00000000        0.00000000        0.00000000
     4300.        0.00921828       -0.00008876        0.00921871       -0.00000000        0.00000000        0.00000000
     4305.        0.00974350       -0.00009955        0.00974401       -0.00000001        0.00000000        0.00000001
     4310.        0.01027220       -0.00011102        0.01027280       -0.00000001        0.00000000        0.00000001
     4315.        0.01080399       -0.00012308        0.01080469       -0.00000001        0.00000000        0.00000001
     4320.        0.01133866       -0.00013565        0.01133947       -0.00000001        0.00000000        0.00000001
     4325.        0.01187610       -0.00014874        0.01187703       -0.00000001        0.00000000        0.00000001
     4330.        0.01241632       -0.00016244        0.01241739       -0.00000001        0.00000000        0.00000001
     4335.        0.01295937       -0.00017698        0.01296058       -0.00000001        0.00000000        0.00000001
     4340.        0.01350506       -0.00019263        0.01350644       -0.00000001        0.00000000        0.00000001
     4345.        0.01405362       -0.00020978        0.01405519       -0.00000001        0.00000000        0.00000001
     4350.        0.01460450       -0.00022883        0.01460629       -0.00000001        0.00000000        0.00000001
     4355.        0.01515795       -0.00024967        0.01516000       -0.00000001        0.00000000        0.00000001
     4360.        0.01571405       -0.00027330        0.01571643       -0.00000001        0.00000000        0.00000001
     4365.        0.01627184       -0.00030001        0.01627461       -0.00000001        0.00000000        0.00000001
     4370.        0.01683126       -0.00032920        0.01683448       -0.00000001        0.00000000        0.00000001
     4375.        0.01739306       -0.00036110        0.01739680       -0.00000001        0.00000000        0.00000001
     4380.        0.01795727       -0.00039689        0.01796166       -0.00000001        0.00000000        0.00000001
     4385.        0.01852302       -0.00043718        0.01852817       -0.00000001        0.00000000        0.00000001
     4390.        0.01908947       -0.00048151        0.01909554       -0.00000001        0.00000000        0.00000001
     4395.        0.01965698       -0.00052912        0.01966410       -0.00000001        0.00000000        0.00000001
     4400.        0.02022656       -0.00058013        0.02023487       -0.00000001        0.00000000        0.00000001
     4405.        0.02079894       -0.00063565        0.02080865       -0.00000001        0.00000000        0.00000001
     4410.        0.02137380       -0.00069706        0.02138516       -0.00000001        0.00000000        0.00000001
     4415.        0.02195012       -0.00076515        0.02196346       -0.00000001        0.00000000        0.00000001
     4420.        0.02252681       -0.00083986        0.02254246       -0.00000001        0.00000000        0.00000001
     4425.        0.02310335       -0.00092047        0.02312168       -0.00000001        0.00000000        0.00000001
     4430.        0.02368011       -0.00100633        0.02370148       -0.00000001        0.00000000        0.00000001
     4435.        0.02425795       -0.00109738        0.02428276       -0.00000001        0.00000000        0.00000001
     4440.        0.02483771       -0.00119437        0.02486641       -0.00000001        0.00000000        0.00000001
     4445.        0.02541959       -0.00129860        0.02545274       -0.00000001        0.00000000        0.00000001
     4450.        0.02600311       -0.00141137        0.02604139       -0.00000001        0.00000000        0.00000001
     4455.        0.02658710       -0.00153355        0.02663129       -0.00000001        0.00000000        0.00000001
     4460.        0.02717022       -0.00166536        0.02722121       -0.00000001        0.00000000        0.00000001
     4465.        0.02775126       -0.00180632        0.02780998       -0.00000001        0.00000000        0.00000001
     4470.        0.02832956       -0.00195549        0.02839697       -0.00000001        0.00000000        0.00000001
     4475.        0.02890509       -0.00211182        0.02898213       -0.00000001        0.00000000        0.00000001
     4480.        0.02947847       -0.00227455        0.02956610       -0.00000001        0.00000000        0.00000001
     4485.        0.03005062       -0.00244336        0.03014979       -0.00000001        0.00000000        0.00000001
     4490.        0.03062245       -0.00261878        0.03073422       -0.00000001        0.00000000        0.00000001
     4495.        0.03119472       -0.00280129        0.03132025       -0.00000001        0.00000000        0.00000001
     4500.        0.03176795       -0.00299260        0.03190859       -0.00000001        0.00000000        0.00000001
     4505.        0.03234113       -0.00319400        0.03249847       -0.00000001        0.00000000        0.00000001
     4510.        0.03291384       -0.00340595        0.03308960       -0.00000001        0.00000000        0.00000001
     4515.        0.03348505       -0.00362926        0.03368115       -0.00000001        0.00000000        0.00000001
     4520.        0.03405367       -0.00386483        0.03427228       -0.00000001        0.00000000        0.00000001
     4525.        0.03461765       -0.00411248        0.03486107       -0.00000001        0.00000000        0.00000001
     4530.        0.03517520       -0.00437093        0.03544573       -0.00000001        0.00000000        0.00000001
     4535.        0.03572671       -0.00463867        0.03602659       -0.00000001        0.00000000        0.00000001
     4540.        0.03627229       -0.00491480        0.03660374       -0.00000001        0.00000000        0.00000001
     4545.        0.03681171       -0.00519886        0.03717701       -0.00000001        0.00000000        0.00000001
     4550.        0.03734574       -0.00549055        0.03774719       -0.00000001        0.00000000        0.00000001
     4555.        0.03787420       -0.00578930        0.03831411       -0.00000001        0.00000000        0.00000001
     4560.        0.03839756       -0.00609460        0.03887823       -0.00000001        0.00000000        0.00000001
     4565.        0.03891698       -0.00640618        0.03944072       -0.00000001        0.00000000        0.00000001
     4570.        0.03943334       -0.00672442        0.04000257       -0.00000001        0.00000000        0.00000001
     4575.        0.03994719       -0.00705037        0.04056459       -0.00000001        0.00000000        0.00000001
     4580.        0.04045913       -0.00738550        0.04112769       -0.00000001        0.00000000        0.00000001
     4585.        0.04096836       -0.00773124        0.04169147       -0.00000001        0.00000000        0.00000001
     4590.        0.04147305       -0.00808868        0.04225447       -0.00000001        0.00000000        0.00000001
     4595.        0.04197234       -0.00845823        0.04281611       -0.00000001        0.00000000        0.00000001
     4600.        0.04246432       -0.00883987        0.04337467       -0.00000001        0.00000000        0.00000001
     4605.        0.04294737       -0.00923286        0.04392861       -0.00000001        0.00000000        0.00000001
     4610.        0.04342020       -0.00963623        0.04447663       -0.00000001        0.00000000        0.00000001
     4615.        0.04388256       -0.01004878        0.04501841       -0.00000001        0.00000000        0.00000001
     4620.        0.04433384       -0.01046930        0.04555322       -0.00000001        0.00000000        0.00000001
     4625.        0.04477381       -0.01089671        0.04608071       -0.00000001        0.00000000        0.00000001
     4630.        0.04520221       -0.01132990        0.04660049       -0.00000001        0.00000000        0.00000001
     4635.        0.04561990       -0.01176793        0.04711326       -0.00000001        0.00000000        0.00000001
     4640.        0.04602629       -0.01220985        0.04761827       -0.00000001        0.00000000        0.00000001
     4645.        0.04642264       -0.01265479        0.04811658       -0.00000001        0.00000000        0.00000001
