     4155.        0.00000000       -0.00000000        0.00000000       -0.00000000        0.00000000        0.00000000
     4160.        0.00000004       -0.00000000        0.00000004       -0.00000000        0.00000000        0.00000000
     4165.        0.00000040       -0.00000000        0.00000040       -0.00000000        0.00000000        0.00000000
     4170.        0.00000172       -0.00000000        0.00000172       -0.00000000        0.00000000        0.00000000
     4175.        0.00000485       -0.00000000        0.00000485       -0.00000000        0.00000000        0.00000000
     4180.        0.00001072       -0.00000000        0.00001072       -0.00000000        0.00000000        0.00000000
     4185.        0.00002023       -0.00000000        0.00002023       -0.00000000        0.00000000        0.00000000
     4190.        0.00003421       -0.00000000        0.00003421       -0.00000000        0.00000000        0.00000000
     4195.        0.00005336       -0.00000001        0.00005336       -0.00000000        0.00000000        0.00000000
     4200.        0.00007829       -0.00000001        0.00007829       -0.00000000        0.00000000        0.00000000
     4205.        0.00010945       -0.00000002        0.00010945       -0.00000000        0.00000000        0.00000000
     4210.        0.00014718       -0.00000004        0.00014718       -0.00000000        0.00000000        0.00000000
     4215.        0.00019172       -0.00000006        0.00019172       -0.00000000        0.00000000        0.00000000
     4220.        0.00024321       -0.00000009        0.00024321       -0.00000000        0.00000000        0.00000000
     4225.        0.00030172       -0.00000013        0.00030172       -0.00000000        0.00000000        0.00000000
     4230.        0.00036724       -0.00000019        0.00036724       -0.00000000        0.00000000        0.00000000
     4235.        0.00043972       -0.00000027        0.00043972       -0.00000000        0.00000000        0.00000000
     4240.        0.00051904       -0.00000037        0.00051904       -0.00000000        0.00000000        0.00000000
     4245.        0.00060507       -0.00000049        0.00060507       -0.00000000        0.00000000        0.00000000
     4250.        0.00069765       -0.00000065        0.00069765       -0.00000000        0.00000000        0.00000000
     4255.        0.00079658       -0.00000084        0.00079658       -0.00000000        0.00000000        0.00000000
     4260.        0.00090166       -0.00000108        0.00090166       -0.00000000        0.00000000        0.00000000
     4265.        0.00101269       -0.00000136        0.00101269       -0.00000000        0.00000000        0.00000000
     4270.        0.00112945       -0.00000168        0.00112946       -0.00000000        0.00000000        0.00000000
     4275.        0.00125175       -0.00000205        0.00125175       -0.00000000        0.00000000        0.00000000
     4280.        0.00137937       -0.00000248        0.00137937       -0.00000000        0.00000000        0.00000000
     4285.        0.00151210       -0.00000297        0.00151211       -0.00000000        0.00000000        0.00000000
     4290.        0.00164977       -0.00000354        0.00164977       -0.00000000        0.00000000        0.00000000
     4295.        0.00179217       -0.00000418        0.00179218       -0.00000000        0.00000000        0.00000000
     4300.        0.00193914       -0.00000492        0.00193915       -0.00000000        0.00000000        0.00000000
     4305.        0.00209049       -0.00000575        0.00209049       -0.00000000        0.00000000        0.00000000
     4310.        0.00224607       -0.00000667        0.00224608       -0.00000000        0.00000000        0.00000000
     4315.        0.00240573       -0.00000769        0.00240574       -0.00000000        0.00000000        0.00000000
     4320.        0.00256939       -0.00000881        0.00256940       -0.00000000        0.00000000        0.00000000
     4325.        0.00273689       -0.00001003        0.00273691       -0.00000000        0.00000000        0.00000000
     4330.        0.00290818       -0.00001136        0.00290820       -0.00000000        0.00000000        0.00000000
     4335.        0.00308320       -0.00001282        0.00308323       -0.00000000        0.00000000        0.00000000
     4340.        0.00326187       -0.00001443        0.00326191       -0.00000000        0.00000000        0.00000000
     4345.        0.00344417       -0.00001622        0.00344421       -0.00000000        0.00000000        0.00000000
     4350.        0.00363005       -0.00001825        0.00363009       -0.00000000        0.00000000        0.00000000
     4355.        0.00381949       -0.00002053        0.00381955       -0.00000000        0.00000000        0.00000000
     4360.        0.00401256       -0.00002316        0.00401263       -0.00000000        0.00000000        0.00000000
     4365.        0.00420913       -0.00002621        0.00420921       -0.00000000        0.00000000        0.00000000
     4370.        0.00440926       -0.00002969        0.00440936       -0.00000000        0.00000000        0.00000000
     4375.        0.00461302       -0.00003366        0.00461314       -0.00000000        0.00000000        0.00000000
     4380.        0.00482049       -0.00003829        0.00482064       -0.00000000        0.00000000        0.00000000
     4385.        0.00503159       -0.00004371        0.00503178       -0.00000000        0.00000000        0.00000000
     4390.        0.00524632       -0.00004998        0.00524656       -0.00000000        0.00000000        0.00000000
     4395.        0.00546474       -0.00005709        0.00546503       -0.00000000        0.00000000        0.00000000
     4400.        0.00568706       -0.00006511        0.00568743       -0.00000000        0.00000000        0.00000000
     4405.        0.00591341       -0.00007427        0.00591388       -0.00000000        0.00000000        0.00000000
     4410.        0.00614388       -0.00008484        0.00614447       -0.00000000        0.00000000        0.00000000
     4415.        0.00637845       -0.00009706        0.00637919       -0.00000000        0.00000000        0.00000000
     4420.        0.00661706       -0.00011105        0.00661799       -0.00000000        0.00000000        0.00000000
     4425.        0.00685974       -0.00012687        0.00686091       -0.00000000        0.00000000        0.00000000
     4430.        0.00710663       -0.00014451        0.00710810       -0.00000000        0.00000000        0.00000000
     4435.        0.00735802       -0.00016408        0.00735985       -0.00000000        0.00000000        0.00000000
     4440.        0.00761425       -0.00018583        0.00761652       -0.00000000        0.00000000        0.00000000
     4445.        0.00787560       -0.00021014        0.00787840       -0.00000000        0.00000000        0.00000000
     4450.        0.00814231       -0.00023745        0.00814577       -0.00000000        0.00000000        0.00000000
     4455.        0.00841458       -0.00026819        0.00841885       -0.00000000        0.00000000        0.00000000
     4460.        0.00869267       -0.00030274        0.00869794       -0.00000000        0.00000000        0.00000000
     4465.        0.00897752       -0.00034173        0.00898402       -0.00000000        0.00000000        0.00000000
     4470.        0.00926923       -0.00038773        0.00927733       -0.00000000        0.00000000        0.00000000
     4475.        0.00956664       -0.00044099        0.00957680       -0.00000000        0.00000000        0.00000000
     4480.        0.00986669       -0.00050312        0.00987951       -0.00000000        0.00000000        0.00000000
     4485.        0.01017309       -0.00057318        0.01018923       -0.00000000        0.00000000        0.00000000
     4490.        0.01047874       -0.00065352        0.01049910       -0.00000000        0.00000000        0.00000000
     4495.        0.01078805       -0.00073820        0.01081327       -0.00000000        0.00000000        0.00000000
     4500.        0.01110186       -0.00083496        0.01113322       -0.00000000        0.00000000        0.00000000
     4505.        0.01141258       -0.00094218        0.01145141       -0.00000000        0.00000000        0.00000000
     4510.        0.01172254       -0.00105360        0.01176980       -0.00000000        0.00000000        0.00000000
     4515.        0.01203682       -0.00117232        0.01209377       -0.00000000        0.00000000        0.00000000
     4520.        0.01235248       -0.00130350        0.01242107       -0.00000000        0.00000000        0.00000000
     4525.        0.01266384       -0.00144593        0.01274612       -0.00000000        0.00000000        0.00000000
     4530.        0.01296971       -0.00159449        0.01306735       -0.00000000        0.00000000        0.00000000
     4535.        0.01327356       -0.00174650        0.01338797       -0.00000000        0.00000000        0.00000000
     4540.        0.01357860       -0.00190381        0.01371142       -0.00000000        0.00000000        0.00000000
     4545.        0.01388440       -0.00206964        0.01403780       -0.00000000        0.00000000        0.00000000
     4550.        0.01418807       -0.00224516        0.01436461       -0.00000000        0.00000000        0.00000000
     4555.        0.01448695       -0.00242884        0.01468914       -0.00000000        0.00000000        0.00000000
     4560.        0.01478053       -0.00261775        0.01501056       -0.00000000        0.00000000        0.00000000
     4565.        0.01507048       -0.00280960        0.01533014       -0.00000000        0.00000000        0.00000000
     4570.        0.01535947       -0.00300400        0.01565047       -0.00000000        0.00000000        0.00000000
     4575.        0.01564962       -0.00320249        0.01597394       -0.00000000        0.00000000        0.00000000
     4580.        0.01594137       -0.00340751        0.01630148       -0.00000000        0.00000000        0.00000000
     4585.        0.01623375       -0.00362116        0.01663272       -0.00000000        0.00000000        0.00000000
     4590.        0.01652469       -0.00384453        0.01696601       -0.00000000        0.00000000        0.00000000
     4595.        0.01681219       -0.00407742        0.01729957       -0.00000000        0.00000000        0.00000000
     4600.        0.01709463       -0.00431874        0.01763173       -0.00000000        0.00000000        0.00000000
     4605.        0.01737131       -0.00456702        0.01796163       -0.00000000        0.00000000        0.00000001
     4610.        0.01764240       -0.00482075        0.01828917       -0.00000000        0.00000000        0.00000001
     4615.        0.01790857       -0.00507904        0.01861487       -0.00000000        0.00000000        0.00000001
     4620.        0.01817070       -0.00534158        0.01893955       -0.00000001        0.00000000        0.00000001
     4625.        0.01842947       -0.00560859        0.01926400       -0.00000001        0.00000000        0.00000001
     4630.        0.01868516       -0.00588061        0.01958869       -0.00000001        0.00000000        0.00000001
     4635.        0.01893760       -0.00615827        0.01991374       -0.00000001        0.00000000        0.00000001
     4640.        0.01918617       -0.00644184        0.02023874       -0.00000001        0.00000000        0.00000001
     4645.        0.01943021       -0.00673132        0.02056316       -0.00000001        0.00000000        0.00000001
