     4155.        0.00000000       -0.00000000        0.00000000       -0.00000000        0.00000000        0.00000000
     4160.        0.00000005       -0.00000000        0.00000005       -0.00000000        0.00000000        0.00000000
     4165.        0.00000054       -0.00000000        0.00000054       -0.00000000        0.00000000        0.00000000
     4170.        0.00000234       -0.00000000        0.00000234       -0.00000000        0.00000000        0.00000000
     4175.        0.00000663       -0.00000000        0.00000663       -0.00000000        0.00000000        0.00000000
     4180.        0.00001472       -0.00000000        0.00001472       -0.00000000        0.00000000        0.00000000
     4185.        0.00002792       -0.00000000        0.00002792       -0.00000000        0.00000000        0.00000000
     4190.        0.00004742       -0.00000000        0.00004742       -0.00000000        0.00000000        0.00000000
     4195.        0.00007429       -0.00000001        0.00007429       -0.00000000        0.00000000        0.00000000
     4200.        0.00010942       -0.00000001        0.00010942       -0.00000000        0.00000000        0.00000000
     4205.        0.00015353       -0.00000003        0.00015353       -0.00000000        0.00000000        0.00000000
     4210.        0.00020718       -0.00000004        0.00020718       -0.00000000        0.00000000        0.00000000
     4215.        0.00027077       -0.00000008        0.00027077       -0.00000000        0.00000000        0.00000000
     4220.        0.00034456       -0.00000012        0.00034456       -0.00000000        0.00000000        0.00000000
     4225.        0.00042868       -0.00000019        0.00042868       -0.00000000        0.00000000        0.00000000
     4230.        0.00052318       -0.00000028        0.00052318       -0.00000000        0.00000000        0.00000000
     4235.        0.00062799       -0.00000041        0.00062799       -0.00000000        0.00000000        0.00000000
     4240.        0.00074300       -0.00000056        0.00074300       -0.00000000        0.00000000        0.00000000
     4245.        0.00086801       -0.00000077        0.00086801       -0.00000000        0.00000000        0.00000000
     4250.        0.00100279       -0.00000103        0.00100279       -0.00000000        0.00000000        0.00000000
     4255.        0.00114705       -0.00000135        0.00114705       -0.00000000        0.00000000        0.00000000
     4260.        0.00130048       -0.00000174        0.00130048       -0.00000000        0.00000000        0.00000000
     4265.        0.00146275       -0.00000221        0.00146275       -0.00000000        0.00000000        0.00000000
     4270.        0.00163352       -0.00000274        0.00163352       -0.00000000        0.00000000        0.00000000
     4275.        0.00181244       -0.00000336        0.00181244       -0.00000000        0.00000000        0.00000000
     4280.        0.00199916       -0.00000407        0.00199917       -0.00000000        0.00000000        0.00000000
     4285.        0.00219334       -0.00000488        0.00219334       -0.00000000        0.00000000        0.00000000
     4290.        0.00239458       -0.00000582        0.00239459       -0.00000000        0.00000000        0.00000000
     4295.        0.00260257       -0.00000688        0.00260258       -0.00000000        0.00000000        0.00000000
     4300.        0.00281693       -0.00000809        0.00281694       -0.00000000        0.00000000        0.00000000
     4305.        0.00303730       -0.00000943        0.00303731       -0.00000000        0.00000000        0.00000000
     4310.        0.00326339       -0.00001092        0.00326341       -0.00000000        0.00000000        0.00000000
     4315.        0.00349487       -0.00001255        0.00349489       -0.00000000        0.00000000        0.00000000
     4320.        0.00373143       -0.00001431        0.00373146       -0.00000000        0.00000000        0.00000000
     4325.        0.00397282       -0.00001620        0.00397286       -0.00000000        0.00000000        0.00000000
     4330.        0.00421877       -0.00001823        0.00421881       -0.00000000        0.00000000        0.00000000
     4335.        0.00446903       -0.00002042        0.00446908       -0.00000000        0.00000000        0.00000000
     4340.        0.00472340       -0.00002277        0.00472345       -0.00000000        0.00000000        0.00000000
     4345.        0.00498162       -0.00002533        0.00498168       -0.00000000        0.00000000        0.00000000
     4350.        0.00524348       -0.00002811        0.00524356       -0.00000000        0.00000000        0.00000000
     4355.        0.00550881       -0.00003114        0.00550890       -0.00000000        0.00000000        0.00000000
     4360.        0.00577740       -0.00003447        0.00577750       -0.00000000        0.00000000        0.00000000
     4365.        0.00604901       -0.00003812        0.00604913       -0.00000000        0.00000000        0.00000000
     4370.        0.00632353       -0.00004209        0.00632368       -0.00000000        0.00000000        0.00000000
     4375.        0.00660078       -0.00004641        0.00660094       -0.00000000        0.00000000        0.00000000
     4380.        0.00688064       -0.00005112        0.00688083       -0.00000000        0.00000000        0.00000000
     4385.        0.00716295       -0.00005628        0.00716317       -0.00000000        0.00000000        0.00000000
     4390.        0.00744756       -0.00006190        0.00744781       -0.00000000        0.00000000        0.00000000
     4395.        0.00773435       -0.00006796        0.00773465       -0.00000000        0.00000000        0.00000000
     4400.        0.00802329       -0.00007449        0.00802364       -0.00000000        0.00000000        0.00000000
     4405.        0.00831435       -0.00008157        0.00831475       -0.00000000        0.00000000        0.00000000
     4410.        0.00860742       -0.00008932        0.00860789       -0.00000000        0.00000000        0.00000000
     4415.        0.00890239       -0.00009784        0.00890292       -0.00000000        0.00000000        0.00000000
     4420.        0.00919913       -0.00010720        0.00919975       -0.00000000        0.00000000        0.00000000
     4425.        0.00949753       -0.00011742        0.00949826       -0.00000000        0.00000000        0.00000000
     4430.        0.00979753       -0.00012850        0.00979837       -0.00000000        0.00000000        0.00000000
     4435.        0.01009907       -0.00014049        0.01010005       -0.00000000        0.00000000        0.00000000
     4440.        0.01040224       -0.00015348        0.01040337       -0.00000000        0.00000000        0.00000000
     4445.        0.01070694       -0.00016762        0.01070825       -0.00000000        0.00000000        0.00000000
     4450.        0.01101311       -0.00018307        0.01101463       -0.00000000        0.00000000        0.00000000
     4455.        0.01132061       -0.00019997        0.01132238       -0.00000000        0.00000000        0.00000000
     4460.        0.01162934       -0.00021842        0.01163139       -0.00000000        0.00000000        0.00000000
     4465.        0.01193903       -0.00023845        0.01194141       -0.00000000        0.00000000        0.00000000
     4470.        0.01224964       -0.00026005        0.01225240       -0.00000000        0.00000000        0.00000000
     4475.        0.01256105       -0.00028316        0.01256424       -0.00000000        0.00000000        0.00000000
     4480.        0.01287326       -0.00030775        0.01287694       -0.00000000        0.00000000        0.00000000
     4485.        0.01318634       -0.00033380        0.01319057       -0.00000000        0.00000000        0.00000000
     4490.        0.01350033       -0.00036137        0.01350517       -0.00000000        0.00000000        0.00000000
     4495.        0.01381533       -0.00039057        0.01382085       -0.00000000        0.00000000        0.00000000
     4500.        0.01413141       -0.00042158        0.01413770       -0.00000000        0.00000000        0.00000000
     4505.        0.01444852       -0.00045461        0.01445567       -0.00000000        0.00000000        0.00000000
     4510.        0.01476656       -0.00048983        0.01477468       -0.00000000        0.00000000        0.00000000
     4515.        0.01508549       -0.00052743        0.01509471       -0.00000000        0.00000000        0.00000000
     4520.        0.01540512       -0.00056757        0.01541557       -0.00000000        0.00000000        0.00000000
     4525.        0.01572528       -0.00061035        0.01573712       -0.00000000        0.00000000        0.00000000
     4530.        0.01604574       -0.00065579        0.01605913       -0.00000001        0.00000000        0.00000001
     4535.        0.01636637       -0.00070383        0.01638150       -0.00000001        0.00000000        0.00000001
     4540.        0.01668716       -0.00075442        0.01670420       -0.00000001        0.00000000        0.00000001
     4545.        0.01700803       -0.00080754        0.01702719       -0.00000001        0.00000000        0.00000001
     4550.        0.01732902       -0.00086320        0.01735050       -0.00000001        0.00000000        0.00000001
     4555.        0.01765007       -0.00092137        0.01767410       -0.00000001        0.00000000        0.00000001
     4560.        0.01797132       -0.00098209        0.01799814       -0.00000001        0.00000000        0.00000001
     4565.        0.01829276       -0.00104538        0.01832261       -0.00000001        0.00000000        0.00000001
     4570.        0.01861453       -0.00111136        0.01864768       -0.00000001        0.00000000        0.00000001
     4575.        0.01893672       -0.00118021        0.01897347       -0.00000001        0.00000000        0.00000001
     4580.        0.01925937       -0.00125219        0.01930003       -0.00000001        0.00000000        0.00000001
     4585.        0.01958238       -0.00132758        0.01962733       -0.00000001        0.00000000        0.00000001
     4590.        0.01990557       -0.00140665        0.01995521       -0.00000001        0.00000000        0.00000001
     4595.        0.02022877       -0.00148961        0.02028354       -0.00000001        0.00000000        0.00000001
     4600.        0.02055164       -0.00157660        0.02061202       -0.00000001        0.00000000        0.00000001
     4605.        0.02087391       -0.00166770        0.02094042       -0.00000001        0.00000000        0.00000001
     4610.        0.02119531       -0.00176287        0.02126849       -0.00000001        0.00000000        0.00000001
     4615.        0.02151556       -0.00186206        0.02159598       -0.00000001        0.00000000        0.00000001
     4620.        0.02183448       -0.00196516        0.02192273       -0.00000001        0.00000000        0.00000001
     4625.        0.02215186       -0.00207205        0.02224856       -0.00000001        0.00000000        0.00000001
     4630.        0.02246763       -0.00218259        0.02257340       -0.00000001        0.00000000        0.00000001
     4635.        0.02278168       -0.00229663        0.02289715       -0.00000001        0.00000000        0.00000001
     4640.        0.02309391       -0.00241402        0.02321973       -0.00000001        0.00000000        0.00000001
     4645.        0.02340431       -0.00253459        0.02354115       -0.00000001        0.00000000        0.00000001
