     4155.        0.00000000       -0.00000000        0.00000000       -0.00000000        0.00000000        0.00000000
     4160.        0.00000000       -0.00000000        0.00000000       -0.00000000        0.00000000        0.00000000
     4165.        0.00000001       -0.00000000        0.00000001       -0.00000000        0.00000000        0.00000000
     4170.        0.00000009       -0.00000000        0.00000009       -0.00000000        0.00000000        0.00000000
     4175.        0.00000031       -0.00000000        0.00000031       -0.00000000        0.00000000        0.00000000
     4180.        0.00000083       -0.00000000        0.00000083       -0.00000000        0.00000000        0.00000000
     4185.        0.00000181       -0.00000000        0.00000181       -0.00000000        0.00000000        0.00000000
     4190.        0.00000347       -0.00000000        0.00000347       -0.00000000        0.00000000        0.00000000
     4195.        0.00000603       -0.00000000        0.00000603       -0.00000000        0.00000000        0.00000000
     4200.        0.00000972       -0.00000000        0.00000972       -0.00000000        0.00000000        0.00000000
     4205.        0.00001475       -0.00000000        0.00001475       -0.00000000        0.00000000        0.00000000
     4210.        0.00002134       -0.00000000        0.00002134       -0.00000000        0.00000000        0.00000000
     4215.        0.00002969       -0.00000000        0.00002969       -0.00000000        0.00000000        0.00000000
     4220.        0.00003999       -0.00000000        0.00003999       -0.00000000        0.00000000        0.00000000
     4225.        0.00005238       -0.00000000        0.00005238       -0.00000000        0.00000000        0.00000000
     4230.        0.00006702       -0.00000001        0.00006702       -0.00000000        0.00000000        0.00000000
     4235.        0.00008403       -0.00000001        0.00008403       -0.00000000        0.00000000        0.00000000
     4240.        0.00010350       -0.00000001        0.00010350       -0.00000000        0.00000000        0.00000000
     4245.        0.00012552       -0.00000002        0.00012552       -0.00000000        0.00000000        0.00000000
     4250.        0.00015015       -0.00000003        0.00015015       -0.00000000        0.00000000        0.00000000
     4255.        0.00017745       -0.00000004        0.00017745       -0.00000000        0.00000000        0.00000000
     4260.        0.00020744       -0.00000005        0.00020744       -0.00000000        0.00000000        0.00000000
     4265.        0.00024014       -0.00000007        0.00024014       -0.00000000        0.00000000        0.00000000
     4270.        0.00027556       -0.00000009        0.00027556       -0.00000000        0.00000000        0.00000000
     4275.        0.00031371       -0.00000011        0.00031371       -0.00000000        0.00000000        0.00000000
     4280.        0.00035455       -0.00000014        0.00035455       -0.00000000        0.00000000        0.00000000
     4285.        0.00039808       -0.00000018        0.00039808       -0.00000000        0.00000000        0.00000000
     4290.        0.00044427       -0.00000022        0.00044427       -0.00000000        0.00000000        0.00000000
     4295.        0.00049307       -0.00000027        0.00049307       -0.00000000        0.00000000        0.00000000
     4300.        0.00054446       -0.00000033        0.00054446       -0.00000000        0.00000000        0.00000000
     4305.        0.00059839       -0.00000040        0.00059839       -0.00000000        0.00000000        0.00000000
     4310.        0.00065481       -0.00000048        0.00065481       -0.00000000        0.00000000        0.00000000
     4315.        0.00071367       -0.00000057        0.00071367       -0.00000000        0.00000000        0.00000000
     4320.        0.00077492       -0.00000068        0.00077492       -0.00000000        0.00000000        0.00000000
     4325.        0.00083852       -0.00000079        0.00083852       -0.00000000        0.00000000        0.00000000
     4330.        0.00090440       -0.00000092        0.00090440       -0.00000000        0.00000000        0.00000000
     4335.        0.00097252       -0.00000107        0.00097252       -0.00000000        0.00000000        0.00000000
     4340.        0.00104283       -0.00000123        0.00104283       -0.00000000        0.00000000        0.00000000
     4345.        0.00111527       -0.00000141        0.00111527       -0.00000000        0.00000000        0.00000000
     4350.        0.00118980       -0.00000161        0.00118980       -0.00000000        0.00000000        0.00000000
     4355.        0.00126637       -0.00000183        0.00126637       -0.00000000        0.00000000        0.00000000
     4360.        0.00134493       -0.00000209        0.00134493       -0.00000000        0.00000000        0.00000000
     4365.        0.00142543       -0.00000237        0.00142543       -0.00000000        0.00000000        0.00000000
     4370.        0.00150783       -0.00000270        0.00150783       -0.00000000        0.00000000        0.00000000
     4375.        0.00159209       -0.00000306        0.00159210       -0.00000000        0.00000000        0.00000000
     4380.        0.00167819       -0.00000347        0.00167819       -0.00000000        0.00000000        0.00000000
     4385.        0.00176607       -0.00000395        0.00176607       -0.00000000        0.00000000        0.00000000
     4390.        0.00185570       -0.00000448        0.00185571       -0.00000000        0.00000000        0.00000000
     4395.        0.00194706       -0.00000509        0.00194706       -0.00000000        0.00000000        0.00000000
     4400.        0.00204011       -0.00000578        0.00204012       -0.00000000        0.00000000        0.00000000
     4405.        0.00213485       -0.00000656        0.00213486       -0.00000000        0.00000000        0.00000000
     4410.        0.00223125       -0.00000745        0.00223126       -0.00000000        0.00000000        0.00000000
     4415.        0.00232928       -0.00000849        0.00232929       -0.00000000        0.00000000        0.00000000
     4420.        0.00242892       -0.00000968        0.00242894       -0.00000000        0.00000000        0.00000000
     4425.        0.00253015       -0.00001103        0.00253018       -0.00000000        0.00000000        0.00000000
     4430.        0.00263296       -0.00001257        0.00263299       -0.00000000        0.00000000        0.00000000
     4435.        0.00273734       -0.00001431        0.00273737       -0.00000000        0.00000000        0.00000000
     4440.        0.00284330       -0.00001626        0.00284335       -0.00000000        0.00000000        0.00000000
     4445.        0.00295087       -0.00001847        0.00295093       -0.00000000        0.00000000        0.00000000
     4450.        0.00305999       -0.00002098        0.00306006       -0.00000000        0.00000000        0.00000000
     4455.        0.00317071       -0.00002383        0.00317080       -0.00000000        0.00000000        0.00000000
     4460.        0.00328303       -0.00002706        0.00328314       -0.00000000        0.00000000        0.00000000
     4465.        0.00339689       -0.00003070        0.00339703       -0.00000000        0.00000000        0.00000000
     4470.        0.00351237       -0.00003479        0.00351255       -0.00000000        0.00000000        0.00000000
     4475.        0.00362951       -0.00003938        0.00362973       -0.00000000        0.00000000        0.00000000
     4480.        0.00374825       -0.00004456        0.00374851       -0.00000000        0.00000000        0.00000000
     4485.        0.00386869       -0.00005038        0.00386902       -0.00000000        0.00000000        0.00000000
     4490.        0.00399074       -0.00005700        0.00399114       -0.00000000        0.00000000        0.00000000
     4495.        0.00411450       -0.00006436        0.00411500       -0.00000000        0.00000000        0.00000000
     4500.        0.00424001       -0.00007276        0.00424064       -0.00000000        0.00000000        0.00000000
     4505.        0.00436707       -0.00008232        0.00436784       -0.00000000        0.00000000        0.00000000
     4510.        0.00449563       -0.00009294        0.00449659       -0.00000000        0.00000000        0.00000000
     4515.        0.00462586       -0.00010474        0.00462704       -0.00000000        0.00000000        0.00000000
     4520.        0.00475769       -0.00011807        0.00475915       -0.00000000        0.00000000        0.00000000
     4525.        0.00489080       -0.00013306        0.00489261       -0.00000000        0.00000000        0.00000000
     4530.        0.00502498       -0.00014956        0.00502720       -0.00000000        0.00000000        0.00000000
     4535.        0.00516030       -0.00016741        0.00516301       -0.00000000        0.00000000        0.00000000
     4540.        0.00529688       -0.00018666        0.00530017       -0.00000000        0.00000000        0.00000000
     4545.        0.00543481       -0.00020758        0.00543878       -0.00000000        0.00000000        0.00000000
     4550.        0.00557387       -0.00023038        0.00557863       -0.00000000        0.00000000        0.00000000
     4555.        0.00571377       -0.00025507        0.00571946       -0.00000000        0.00000000        0.00000000
     4560.        0.00585440       -0.00028150        0.00586117       -0.00000000        0.00000000        0.00000000
     4565.        0.00599575       -0.00030949        0.00600374       -0.00000000        0.00000000        0.00000000
     4570.        0.00613800       -0.00033896        0.00614735       -0.00000000        0.00000000        0.00000000
     4575.        0.00628138       -0.00037002        0.00629227       -0.00000000        0.00000000        0.00000000
     4580.        0.00642594       -0.00040292        0.00643856       -0.00000000        0.00000000        0.00000000
     4585.        0.00657166       -0.00043797        0.00658624       -0.00000000        0.00000000        0.00000000
     4590.        0.00671838       -0.00047539        0.00673518       -0.00000000        0.00000000        0.00000000
     4595.        0.00686574       -0.00051532        0.00688505       -0.00000000        0.00000000        0.00000000
     4600.        0.00701356       -0.00055774        0.00703570       -0.00000000        0.00000000        0.00000000
     4605.        0.00716159       -0.00060254        0.00718690       -0.00000000        0.00000000        0.00000000
     4610.        0.00730979       -0.00064958        0.00733860       -0.00000000        0.00000000        0.00000000
     4615.        0.00745812       -0.00069873        0.00749078       -0.00000000        0.00000000        0.00000000
     4620.        0.00760663       -0.00074994        0.00764351       -0.00000000        0.00000000        0.00000000
     4625.        0.00775545       -0.00080325        0.00779694       -0.00000000        0.00000000        0.00000000
     4630.        0.00790460       -0.00085873        0.00795111       -0.00000000        0.00000000        0.00000000
     4635.        0.00805401       -0.00091653        0.00810600       -0.00000000        0.00000000        0.00000000
     4640.        0.00820364       -0.00097676        0.00826158       -0.00000000        0.00000000        0.00000000
     4645.        0.00835331       -0.00103947        0.00841773       -0.00000000        0.00000000        0.00000000
