     4155.        0.00039950       -0.00000352        0.00039952       -0.00000000        0.00000000        0.00000000
     4160.        0.00332485       -0.00004011        0.00332509       -0.00000001        0.00000000        0.00000001
     4165.        0.00724668       -0.00012201        0.00724771       -0.00000001        0.00000000        0.00000001
     4170.        0.01159217       -0.00026387        0.01159517       -0.00000002        0.00000000        0.00000002
     4175.        0.01609207       -0.00043559        0.01609796       -0.00000002        0.00000000        0.00000002
     4180.        0.02065348       -0.00068275        0.02066476       -0.00000003        0.00000000        0.00000003
     4185.        0.02514195       -0.00097070        0.02516068       -0.00000003        0.00000000        0.00000003
     4190.        0.02959157       -0.00126894        0.02961877       -0.00000003        0.00000000        0.00000003
     4195.        0.03397696       -0.00164567        0.03401679       -0.00000004        0.00000000        0.00000004
     4200.        0.03823052       -0.00207626        0.03828686       -0.00000004        0.00000000        0.00000004
     4205.        0.04237919       -0.00250005        0.04245287       -0.00000004        0.00000000        0.00000004
     4210.        0.04648535       -0.00293556        0.04657795       -0.00000004        0.00000000        0.00000004
     4215.        0.05055131       -0.00343285        0.05066774       -0.00000004        0.00000000        0.00000004
     4220.        0.05454415       -0.00399862        0.05469052       -0.00000004        0.00000000        0.00000004
     4225.        0.05845596       -0.00459716        0.05863645       -0.00000005        0.00000000        0.00000005
     4230.        0.06232352       -0.00519552        0.06253970       -0.00000005        0.00000000        0.00000005
     4235.        0.06620129       -0.00579809        0.06645471       -0.00000005        0.00000000        0.00000005
     4240.        0.07012333       -0.00643776        0.07041822       -0.00000005        0.00000000        0.00000005
     4245.        0.07409584       -0.00714630        0.07443966       -0.00000005        0.00000000        0.00000005
     4250.        0.07811185       -0.00793596        0.07851395       -0.00000005        0.00000001        0.00000005
     4255.        0.08217186       -0.00879856        0.08264157       -0.00000005        0.00000001        0.00000005
     4260.        0.08629578       -0.00971650        0.08684107       -0.00000006        0.00000001        0.00000006
     4265.        0.09052647       -0.01067831        0.09115409       -0.00000006        0.00000001        0.00000006
     4270.        0.09492150       -0.01169021        0.09563865       -0.00000006        0.00000001        0.00000006
     4275.        0.09954213       -0.01277817        0.10035894       -0.00000006        0.00000001        0.00000006
     4280.        0.10444779       -0.01398244        0.10537955       -0.00000006        0.00000001        0.00000006
     4285.        0.10969783       -0.01535057        0.11076666       -0.00000006        0.00000001        0.00000006
     4290.        0.11536174       -0.01693439        0.11659804       -0.00000006        0.00000001        0.00000007
     4295.        0.12153973       -0.01879598        0.12298453       -0.00000007        0.00000001        0.00000007
     4300.        0.12833759       -0.02106371        0.13005467       -0.00000007        0.00000001        0.00000007
     4305.        0.13591106       -0.02379774        0.13797880       -0.00000007        0.00000001        0.00000007
     4310.        0.14464128       -0.02716941        0.14717090       -0.00000008        0.00000001        0.00000008
     4315.        0.15509511       -0.03144040        0.15824978       -0.00000008        0.00000002        0.00000008
     4320.        0.16928658       -0.03770355        0.17343443       -0.00000009        0.00000002        0.00000009
     4325.        0.18483766       -0.05361505        0.19245657       -0.00000009        0.00000003        0.00000010
     4330.        0.19397120       -0.07751211        0.20888502       -0.00000009        0.00000004        0.00000010
     4335.        0.19576349       -0.10786596        0.22351378       -0.00000009        0.00000005        0.00000011
     4340.        0.18646324       -0.12842597        0.22641063       -0.00000009        0.00000006        0.00000011
     4345.        0.17022458       -0.15227133        0.22839213       -0.00000008        0.00000007        0.00000011
     4350.        0.14974140       -0.15997919        0.21912514       -0.00000007        0.00000007        0.00000010
     4355.        0.13571446       -0.16699828        0.21519025       -0.00000006        0.00000008        0.00000010
     4360.        0.11744824       -0.17126250        0.20766544       -0.00000005        0.00000008        0.00000009
     4365.        0.10234503       -0.16768126        0.19644722       -0.00000005        0.00000007        0.00000009
     4370.        0.09357832       -0.16382563        0.18866833       -0.00000004        0.00000007        0.00000008
     4375.        0.08597390       -0.16238559        0.18374056       -0.00000004        0.00000007        0.00000008
     4380.        0.07741971       -0.16043441        0.17813762       -0.00000003        0.00000007        0.00000008
     4385.        0.06979536       -0.15639105        0.17125873       -0.00000003        0.00000007        0.00000007
     4390.        0.06466987       -0.15160395        0.16482097       -0.00000003        0.00000006        0.00000007
     4395.        0.06149364       -0.14778712        0.16007030       -0.00000003        0.00000006        0.00000007
     4400.        0.05886304       -0.14532367        0.15679230       -0.00000002        0.00000006        0.00000006
     4405.        0.05589184       -0.14355311        0.15404997       -0.00000002        0.00000006        0.00000006
     4410.        0.05255508       -0.14165805        0.15109282       -0.00000002        0.00000006        0.00000006
     4415.        0.04933665       -0.13926161        0.14774268       -0.00000002        0.00000005        0.00000006
     4420.        0.04670584       -0.13651025        0.14427918       -0.00000002        0.00000005        0.00000006
     4425.        0.04480847       -0.13380337        0.14110684       -0.00000002        0.00000005        0.00000005
     4430.        0.04347265       -0.13147860        0.13847921       -0.00000002        0.00000005        0.00000005
     4435.        0.04238602       -0.12966027        0.13641246       -0.00000002        0.00000005        0.00000005
     4440.        0.04126688       -0.12826678        0.13474169       -0.00000002        0.00000005        0.00000005
     4445.        0.03996054       -0.12710028        0.13323410       -0.00000001        0.00000005        0.00000005
     4450.        0.03845635       -0.12595005        0.13169019       -0.00000001        0.00000005        0.00000005
     4455.        0.03684867       -0.12466757        0.12999933       -0.00000001        0.00000004        0.00000005
     4460.        0.03527174       -0.12320158        0.12815118       -0.00000001        0.00000004        0.00000005
     4465.        0.03381677       -0.12156534        0.12618124       -0.00000001        0.00000004        0.00000004
     4470.        0.03262669       -0.11979252        0.12415615       -0.00000001        0.00000004        0.00000004
     4475.        0.03172262       -0.11807372        0.12226091       -0.00000001        0.00000004        0.00000004
     4480.        0.03106678       -0.11646072        0.12053317       -0.00000001        0.00000004        0.00000004
     4485.        0.03052773       -0.11504587        0.11902728       -0.00000001        0.00000004        0.00000004
     4490.        0.03007925       -0.11379503        0.11770332       -0.00000001        0.00000004        0.00000004
     4495.        0.02962432       -0.11273462        0.11656198       -0.00000001        0.00000004        0.00000004
     4500.        0.02909933       -0.11177647        0.11550216       -0.00000001        0.00000004        0.00000004
     4505.        0.02851655       -0.11086570        0.11447444       -0.00000001        0.00000004        0.00000004
     4510.        0.02787491       -0.10997461        0.11345230       -0.00000001        0.00000004        0.00000004
     4515.        0.02717892       -0.10905800        0.11239368       -0.00000001        0.00000004        0.00000004
     4520.        0.02646428       -0.10807754        0.11127045       -0.00000001        0.00000003        0.00000004
     4525.        0.02577837       -0.10702579        0.11008653       -0.00000001        0.00000003        0.00000003
     4530.        0.02515720       -0.10591955        0.10886614       -0.00000001        0.00000003        0.00000003
     4535.        0.02461968       -0.10478389        0.10763732       -0.00000001        0.00000003        0.00000003
     4540.        0.02417255       -0.10364304        0.10642459       -0.00000001        0.00000003        0.00000003
     4545.        0.02381527       -0.10251973        0.10524953       -0.00000001        0.00000003        0.00000003
     4550.        0.02354124       -0.10143471        0.10413064       -0.00000001        0.00000003        0.00000003
     4555.        0.02333758       -0.10040536        0.10308190       -0.00000001        0.00000003        0.00000003
     4560.        0.02318602       -0.09944417        0.10211138       -0.00000001        0.00000003        0.00000003
     4565.        0.02306530       -0.09855655        0.10121957       -0.00000001        0.00000003        0.00000003
     4570.        0.02295414       -0.09774022        0.10039941       -0.00000001        0.00000003        0.00000003
     4575.        0.02283443       -0.09698555        0.09963738       -0.00000001        0.00000003        0.00000003
     4580.        0.02269294       -0.09627880        0.09891703       -0.00000001        0.00000003        0.00000003
     4585.        0.02252243       -0.09560368        0.09822079       -0.00000001        0.00000003        0.00000003
     4590.        0.02232125       -0.09494439        0.09753295       -0.00000001        0.00000003        0.00000003
     4595.        0.02209253       -0.09428642        0.09684012       -0.00000001        0.00000003        0.00000003
     4600.        0.02184306       -0.09361762        0.09613208       -0.00000001        0.00000003        0.00000003
     4605.        0.02158193       -0.09292975        0.09540292       -0.00000001        0.00000003        0.00000003
     4610.        0.02131952       -0.09221756        0.09464988       -0.00000001        0.00000003        0.00000003
     4615.        0.02106646       -0.09147925        0.09387358       -0.00000001        0.00000003        0.00000003
     4620.        0.02083264       -0.09071660        0.09307793       -0.00000001        0.00000002        0.00000003
     4625.        0.02062675       -0.08993327        0.09226839       -0.00000001        0.00000002        0.00000003
     4630.        0.02045560       -0.08913521        0.09145227       -0.00000001        0.00000002        0.00000002
     4635.        0.02032410       -0.08832928        0.09063736       -0.00000001        0.00000002        0.00000002
     4640.        0.02023473       -0.08752362        0.08983223       -0.00000001        0.00000002        0.00000002
     4645.        0.02018796       -0.08672621        0.08904487       -0.00000001        0.00000002        0.00000002
