     4155.        0.00043235       -0.00000089        0.00043235       -0.00000000        0.00000000        0.00000000
     4160.        0.00357787       -0.00001746        0.00357791       -0.00000001        0.00000000        0.00000001
     4165.        0.00774930       -0.00007190        0.00774963       -0.00000002        0.00000000        0.00000002
     4170.        0.01231290       -0.00018251        0.01231426       -0.00000002        0.00000000        0.00000002
     4175.        0.01696780       -0.00031515        0.01697073       -0.00000002        0.00000000        0.00000002
     4180.        0.02161128       -0.00051860        0.02161750       -0.00000003        0.00000000        0.00000003
     4185.        0.02609408       -0.00075354        0.02610495       -0.00000003        0.00000000        0.00000003
     4190.        0.03045241       -0.00098449        0.03046832       -0.00000003        0.00000000        0.00000003
     4195.        0.03465898       -0.00128205        0.03468268       -0.00000004        0.00000000        0.00000004
     4200.        0.03864315       -0.00161823        0.03867702       -0.00000004        0.00000000        0.00000004
     4205.        0.04243331       -0.00192875        0.04247712       -0.00000004        0.00000000        0.00000004
     4210.        0.04609305       -0.00223054        0.04614699       -0.00000004        0.00000000        0.00000004
     4215.        0.04962463       -0.00257089        0.04969118       -0.00000004        0.00000000        0.00000004
     4220.        0.05299711       -0.00295341        0.05307934       -0.00000004        0.00000000        0.00000004
     4225.        0.05620424       -0.00334148        0.05630348       -0.00000004        0.00000000        0.00000004
     4230.        0.05928173       -0.00370216        0.05939722       -0.00000005        0.00000000        0.00000005
     4235.        0.06227923       -0.00403700        0.06240994       -0.00000005        0.00000000        0.00000005
     4240.        0.06522793       -0.00437196        0.06537428       -0.00000005        0.00000000        0.00000005
     4245.        0.06813370       -0.00473000        0.06829769       -0.00000005        0.00000000        0.00000005
     4250.        0.07099427       -0.00511572        0.07117835       -0.00000005        0.00000000        0.00000005
     4255.        0.07381671       -0.00551561        0.07402249       -0.00000005        0.00000000        0.00000005
     4260.        0.07663146       -0.00590781        0.07685885       -0.00000005        0.00000000        0.00000005
     4265.        0.07950232       -0.00627463        0.07974955       -0.00000005        0.00000000        0.00000005
     4270.        0.08254334       -0.00661300        0.08280782       -0.00000005        0.00000000        0.00000005
     4275.        0.08598761       -0.00695196        0.08626818       -0.00000005        0.00000000        0.00000005
     4280.        0.09050233       -0.00749409        0.09081208       -0.00000005        0.00000000        0.00000005
     4285.        0.09886295       -0.01099382        0.09947235       -0.00000006        0.00000001        0.00000006
     4290.        0.08654949       -0.02468113        0.08999984       -0.00000005        0.00000001        0.00000005
     4295.        0.08847073       -0.01366282        0.08951951       -0.00000005        0.00000001        0.00000005
     4300.        0.09325254       -0.01236328        0.09406853       -0.00000005        0.00000001        0.00000005
     4305.        0.09700309       -0.01249129        0.09780405       -0.00000005        0.00000001        0.00000005
     4310.        0.10054443       -0.01291460        0.10137046       -0.00000005        0.00000001        0.00000005
     4315.        0.10413730       -0.01357740        0.10501868       -0.00000005        0.00000001        0.00000005
     4320.        0.10828512       -0.01435259        0.10923216       -0.00000005        0.00000001        0.00000005
     4325.        0.11286743       -0.01640948        0.11405406       -0.00000006        0.00000001        0.00000006
     4330.        0.11701484       -0.01949037        0.11862693       -0.00000006        0.00000001        0.00000006
     4335.        0.12111542       -0.02345230        0.12336513       -0.00000006        0.00000001        0.00000006
     4340.        0.12374084       -0.02722028        0.12669941       -0.00000006        0.00000001        0.00000006
     4345.        0.12650261       -0.03227470        0.13055484       -0.00000006        0.00000002        0.00000006
     4350.        0.12728447       -0.03684658        0.13251040       -0.00000006        0.00000002        0.00000006
     4355.        0.12864665       -0.04089963        0.13499163       -0.00000006        0.00000002        0.00000006
     4360.        0.12928164       -0.04594886        0.13720437       -0.00000006        0.00000002        0.00000006
     4365.        0.12845663       -0.05033099        0.13796491       -0.00000006        0.00000002        0.00000006
     4370.        0.12773792       -0.05358631        0.13852245       -0.00000006        0.00000002        0.00000006
     4375.        0.12746307       -0.05692573        0.13959718       -0.00000005        0.00000002        0.00000006
     4380.        0.12674946       -0.06062999        0.14050416       -0.00000005        0.00000003        0.00000006
     4385.        0.12526342       -0.06399216        0.14066244       -0.00000005        0.00000003        0.00000006
     4390.        0.12354851       -0.06652649        0.14032109       -0.00000005        0.00000003        0.00000006
     4395.        0.12219986       -0.06850348        0.14009116       -0.00000005        0.00000003        0.00000006
     4400.        0.12125723       -0.07046001        0.14024239       -0.00000005        0.00000003        0.00000006
     4405.        0.12038072       -0.07264463        0.14060142       -0.00000005        0.00000003        0.00000006
     4410.        0.11925704       -0.07493962        0.14084810       -0.00000005        0.00000003        0.00000006
     4415.        0.11781916       -0.07706964        0.14078737       -0.00000005        0.00000003        0.00000005
     4420.        0.11623136       -0.07883803        0.14044630       -0.00000004        0.00000003        0.00000005
     4425.        0.11473115       -0.08024399        0.14000834       -0.00000004        0.00000003        0.00000005
     4430.        0.11346935       -0.08144435        0.13967274       -0.00000004        0.00000003        0.00000005
     4435.        0.11244818       -0.08263280        0.13954488       -0.00000004        0.00000003        0.00000005
     4440.        0.11155995       -0.08393871        0.13961135       -0.00000004        0.00000003        0.00000005
     4445.        0.11066259       -0.08539185        0.13977832       -0.00000004        0.00000003        0.00000005
     4450.        0.10964360       -0.08693842        0.13992858       -0.00000004        0.00000003        0.00000005
     4455.        0.10845497       -0.08848408        0.13997111       -0.00000004        0.00000003        0.00000005
     4460.        0.10711325       -0.08994703        0.13987036       -0.00000004        0.00000003        0.00000005
     4465.        0.10561903       -0.09132437        0.13962636       -0.00000004        0.00000003        0.00000005
     4470.        0.10396440       -0.09241751        0.13910282       -0.00000004        0.00000003        0.00000005
     4475.        0.10241948       -0.09326726        0.13852267       -0.00000004        0.00000003        0.00000005
     4480.        0.10096820       -0.09388037        0.13786987       -0.00000003        0.00000003        0.00000005
     4485.        0.09968172       -0.09450448        0.13735917       -0.00000003        0.00000003        0.00000005
     4490.        0.09848737       -0.09502016        0.13685245       -0.00000003        0.00000003        0.00000005
     4495.        0.09745713       -0.09559875        0.13651744       -0.00000003        0.00000003        0.00000005
     4500.        0.09640674       -0.09625342        0.13623135       -0.00000003        0.00000003        0.00000005
     4505.        0.09533996       -0.09688399        0.13592724       -0.00000003        0.00000003        0.00000004
     4510.        0.09429230       -0.09751779        0.13564938       -0.00000003        0.00000003        0.00000004
     4515.        0.09320737       -0.09817407        0.13537267       -0.00000003        0.00000003        0.00000004
     4520.        0.09204654       -0.09879296        0.13502820       -0.00000003        0.00000003        0.00000004
     4525.        0.09084023       -0.09931321        0.13459220       -0.00000003        0.00000003        0.00000004
     4530.        0.08964402       -0.09972279        0.13409208       -0.00000003        0.00000003        0.00000004
     4535.        0.08849383       -0.10004524        0.13356724       -0.00000003        0.00000003        0.00000004
     4540.        0.08739789       -0.10030465        0.13303915       -0.00000003        0.00000003        0.00000004
     4545.        0.08635649       -0.10051321        0.13251546       -0.00000003        0.00000003        0.00000004
     4550.        0.08537572       -0.10067763        0.13200378       -0.00000003        0.00000003        0.00000004
     4555.        0.08446377       -0.10081014        0.13151735       -0.00000003        0.00000003        0.00000004
     4560.        0.08362702       -0.10092971        0.13107358       -0.00000003        0.00000003        0.00000004
     4565.        0.08286117       -0.10105992        0.13068695       -0.00000002        0.00000003        0.00000004
     4570.        0.08215225       -0.10122063        0.13036337       -0.00000002        0.00000003        0.00000004
     4575.        0.08147830       -0.10142379        0.13009803       -0.00000002        0.00000003        0.00000004
     4580.        0.08081631       -0.10167063        0.12987761       -0.00000002        0.00000003        0.00000004
     4585.        0.08014598       -0.10195446        0.12968458       -0.00000002        0.00000003        0.00000004
     4590.        0.07945303       -0.10226102        0.12949942       -0.00000002        0.00000003        0.00000004
     4595.        0.07873085       -0.10257559        0.12930699       -0.00000002        0.00000003        0.00000004
     4600.        0.07797789       -0.10288270        0.12909454       -0.00000002        0.00000003        0.00000004
     4605.        0.07719756       -0.10316959        0.12885429       -0.00000002        0.00000003        0.00000004
     4610.        0.07639661       -0.10342603        0.12858221       -0.00000002        0.00000003        0.00000004
     4615.        0.07558303       -0.10364582        0.12827802       -0.00000002        0.00000003        0.00000004
     4620.        0.07476539       -0.10382410        0.12794259       -0.00000002        0.00000003        0.00000004
     4625.        0.07395249       -0.10395985        0.12757987       -0.00000002        0.00000003        0.00000003
     4630.        0.07315261       -0.10405358        0.12719454       -0.00000002        0.00000003        0.00000003
     4635.        0.07237425       -0.10410725        0.12679255       -0.00000002        0.00000003        0.00000003
     4640.        0.07162420       -0.10412480        0.12638038       -0.00000002        0.00000003        0.00000003
     4645.        0.07090758       -0.10411176        0.12596485       -0.00000002        0.00000003        0.00000003
