     4155.        0.08370014       -0.01604107        0.08522341       -0.00000047        0.00000009        0.00000048
     4160.        0.15478493       -0.03541473        0.15878469       -0.00000041        0.00000009        0.00000042
     4165.        0.18579885       -0.05168423        0.19285350       -0.00000037        0.00000010        0.00000039
     4170.        0.20694409       -0.06844282        0.21796852       -0.00000035        0.00000011        0.00000036
     4175.        0.22185924       -0.07401754        0.23388056       -0.00000032        0.00000011        0.00000034
     4180.        0.23347413       -0.08556187        0.24865840       -0.00000031        0.00000011        0.00000033
     4185.        0.23916092       -0.09118095        0.25595295       -0.00000029        0.00000011        0.00000031
     4190.        0.24809991       -0.09607359        0.26605206       -0.00000028        0.00000011        0.00000030
     4195.        0.25482052       -0.10394895        0.27520698       -0.00000027        0.00000011        0.00000029
     4200.        0.25824218       -0.11017112        0.28076093       -0.00000025        0.00000011        0.00000028
     4205.        0.26239696       -0.11408262        0.28612412       -0.00000025        0.00000011        0.00000027
     4210.        0.26815801       -0.11869170        0.29325149       -0.00000024        0.00000011        0.00000026
     4215.        0.27358904       -0.12501939        0.30080029       -0.00000023        0.00000011        0.00000026
     4220.        0.27758585       -0.13184197        0.30730475       -0.00000023        0.00000011        0.00000025
     4225.        0.28084529       -0.13789640        0.31287297       -0.00000022        0.00000011        0.00000025
     4230.        0.28470252       -0.14325072        0.31871036       -0.00000022        0.00000011        0.00000024
     4235.        0.28975143       -0.14892572        0.32578330       -0.00000021        0.00000011        0.00000024
     4240.        0.29566648       -0.15581533        0.33421114       -0.00000021        0.00000011        0.00000024
     4245.        0.30181812       -0.16419340        0.34358936       -0.00000021        0.00000011        0.00000024
     4250.        0.30784261       -0.17385073        0.35354088       -0.00000021        0.00000012        0.00000024
     4255.        0.31389140       -0.18450905        0.36410356       -0.00000021        0.00000012        0.00000024
     4260.        0.32056907       -0.19623259        0.37586136       -0.00000021        0.00000013        0.00000024
     4265.        0.32870049       -0.20971660        0.38990391       -0.00000021        0.00000013        0.00000024
     4270.        0.33911602       -0.22645299        0.40777523       -0.00000021        0.00000014        0.00000025
     4275.        0.35261544       -0.24902495        0.43168400       -0.00000021        0.00000015        0.00000026
     4280.        0.37004694       -0.28217393        0.46535671       -0.00000022        0.00000016        0.00000027
     4285.        0.39200160       -0.33632554        0.51650762       -0.00000022        0.00000019        0.00000030
     4290.        0.41377396       -0.44052038        0.60437331       -0.00000023        0.00000025        0.00000034
     4295.        0.35943285       -0.69470658        0.78218233       -0.00000020        0.00000038        0.00000043
     4300.       -0.26646179       -0.71756395        0.76544099        0.00000014        0.00000039        0.00000041
     4305.       -0.20516352       -0.17312623        0.26844881        0.00000011        0.00000009        0.00000014
     4310.       -0.00085279       -0.09493622        0.09494005        0.00000000        0.00000005        0.00000005
     4315.        0.09829926       -0.10146891        0.14127521       -0.00000005        0.00000005        0.00000007
     4320.        0.17644984       -0.12292516        0.21504683       -0.00000009        0.00000006        0.00000011
     4325.        0.17260721       -0.17706162        0.24727326       -0.00000009        0.00000009        0.00000012
     4330.        0.17966618       -0.18857484        0.26046191       -0.00000009        0.00000009        0.00000013
     4335.        0.18341538       -0.19197542        0.26551039       -0.00000009        0.00000009        0.00000013
     4340.        0.18440051       -0.20223507        0.27368334       -0.00000009        0.00000010        0.00000013
     4345.        0.18598462       -0.20406827        0.27610530       -0.00000009        0.00000009        0.00000013
     4350.        0.18957896       -0.20963765        0.28264488       -0.00000009        0.00000010        0.00000013
     4355.        0.18932777       -0.21472152        0.28626969       -0.00000009        0.00000010        0.00000013
     4360.        0.18947193       -0.21713114        0.28817624       -0.00000008        0.00000010        0.00000013
     4365.        0.19091912       -0.22001551        0.29130214       -0.00000008        0.00000010        0.00000013
     4370.        0.19166062       -0.22385276        0.29469281       -0.00000008        0.00000010        0.00000013
     4375.        0.19127759       -0.22729638        0.29707030       -0.00000008        0.00000010        0.00000013
     4380.        0.19074763       -0.22979128        0.29864476       -0.00000008        0.00000010        0.00000013
     4385.        0.19076948       -0.23193487        0.30031113       -0.00000008        0.00000010        0.00000013
     4390.        0.19115574       -0.23440963        0.30247048       -0.00000008        0.00000010        0.00000013
     4395.        0.19140163       -0.23734215        0.30490307       -0.00000008        0.00000010        0.00000012
     4400.        0.19122822       -0.24046870        0.30723514       -0.00000008        0.00000010        0.00000012
     4405.        0.19068200       -0.24349723        0.30927420       -0.00000008        0.00000010        0.00000012
     4410.        0.18998025       -0.24632290        0.31107470       -0.00000007        0.00000010        0.00000012
     4415.        0.18930714       -0.24904773        0.31282897       -0.00000007        0.00000010        0.00000012
     4420.        0.18869435       -0.25186531        0.31470890       -0.00000007        0.00000010        0.00000012
     4425.        0.18802695       -0.25492877        0.31676934       -0.00000007        0.00000010        0.00000012
     4430.        0.18712496       -0.25828475        0.31894633       -0.00000007        0.00000010        0.00000012
     4435.        0.18581762       -0.26188292        0.32110879       -0.00000007        0.00000010        0.00000012
     4440.        0.18398001       -0.26562174        0.32311538       -0.00000007        0.00000010        0.00000012
     4445.        0.18152106       -0.26939538        0.32484422       -0.00000007        0.00000010        0.00000012
     4450.        0.17832793       -0.27312801        0.32618976       -0.00000006        0.00000010        0.00000012
     4455.        0.17411811       -0.27678641        0.32699822       -0.00000006        0.00000010        0.00000012
     4460.        0.16769701       -0.28037912        0.32670283       -0.00000006        0.00000010        0.00000012
     4465.        0.15951082       -0.27655207        0.31925655       -0.00000006        0.00000010        0.00000011
     4470.        0.15816601       -0.27327187        0.31574357       -0.00000006        0.00000010        0.00000011
     4475.        0.15765730       -0.27311437        0.31535264       -0.00000005        0.00000009        0.00000011
     4480.        0.15670622       -0.27158652        0.31355394       -0.00000005        0.00000009        0.00000011
     4485.        0.15557202       -0.27218470        0.31350783       -0.00000005        0.00000009        0.00000011
     4490.        0.15416001       -0.27155152        0.31225876       -0.00000005        0.00000009        0.00000011
     4495.        0.15369763       -0.27157571        0.31205180       -0.00000005        0.00000009        0.00000010
     4500.        0.15257441       -0.27214310        0.31199489       -0.00000005        0.00000009        0.00000010
     4505.        0.15120518       -0.27219251        0.31137079       -0.00000005        0.00000009        0.00000010
     4510.        0.15028478       -0.27207696        0.31082372       -0.00000005        0.00000009        0.00000010
     4515.        0.14956716       -0.27230886        0.31068062       -0.00000005        0.00000009        0.00000010
     4520.        0.14862957       -0.27276000        0.31062641       -0.00000005        0.00000009        0.00000010
     4525.        0.14747471       -0.27308334        0.31035995       -0.00000005        0.00000009        0.00000010
     4530.        0.14635384       -0.27317305        0.30990799       -0.00000005        0.00000009        0.00000010
     4535.        0.14543707       -0.27316865        0.30947222       -0.00000005        0.00000009        0.00000010
     4540.        0.14469951       -0.27324886        0.30919717       -0.00000004        0.00000008        0.00000010
     4545.        0.14400845       -0.27348310        0.30908161       -0.00000004        0.00000008        0.00000009
     4550.        0.14325046       -0.27382142        0.30902890       -0.00000004        0.00000008        0.00000009
     4555.        0.14239616       -0.27416780        0.30894117       -0.00000004        0.00000008        0.00000009
     4560.        0.14148527       -0.27445216        0.30877511       -0.00000004        0.00000008        0.00000009
     4565.        0.14058192       -0.27465865        0.30854602       -0.00000004        0.00000008        0.00000009
     4570.        0.13973152       -0.27481763        0.30830120       -0.00000004        0.00000008        0.00000009
     4575.        0.13894297       -0.27497471        0.30808479       -0.00000004        0.00000008        0.00000009
     4580.        0.13819239       -0.27516616        0.30791809       -0.00000004        0.00000008        0.00000009
     4585.        0.13744062       -0.27540197        0.30779241       -0.00000004        0.00000008        0.00000009
     4590.        0.13665182       -0.27566625        0.30767775       -0.00000004        0.00000008        0.00000009
     4595.        0.13580735       -0.27592747        0.30753798       -0.00000004        0.00000008        0.00000009
     4600.        0.13490782       -0.27614895        0.30734080       -0.00000004        0.00000008        0.00000009
     4605.        0.13397129       -0.27630219        0.30706874       -0.00000004        0.00000008        0.00000009
     4610.        0.13302672       -0.27637043        0.30671929       -0.00000004        0.00000008        0.00000009
     4615.        0.13210387       -0.27635304        0.30630448       -0.00000004        0.00000008        0.00000008
     4620.        0.13122930       -0.27626068        0.30584488       -0.00000004        0.00000008        0.00000008
     4625.        0.13042000       -0.27611271        0.30536471       -0.00000004        0.00000008        0.00000008
     4630.        0.12968380       -0.27593052        0.30488610       -0.00000004        0.00000007        0.00000008
     4635.        0.12902016       -0.27573567        0.30442792       -0.00000003        0.00000007        0.00000008
     4640.        0.12842101       -0.27554434        0.30400105       -0.00000003        0.00000007        0.00000008
     4645.        0.12787535       -0.27536786        0.30361087       -0.00000003        0.00000007        0.00000008
