   1080.0000000000000        0.0000000000000000        0.0000000000000000     
   1085.0000000000000        0.0000000000000000        0.0000000000000000     
   1090.0000000000000        0.0000000000000000        0.0000000000000000     
   1095.0000000000000        0.0000000000000000        0.0000000000000000     
   1100.0000000000000        0.0000000000000000        0.0000000000000000     
   1105.0000000000000        0.0000000000000000        0.0000000000000000     
   1110.0000000000000        0.0000000000000000        0.0000000000000000     
   1115.0000000000000        1.0000000000000000E-003   0.0000000000000000     
   1120.0000000000000        1.0000000000000000E-003   0.0000000000000000     
   1125.0000000000000        1.0000000000000000E-003   0.0000000000000000     
   1130.0000000000000        1.0000000000000000E-003   0.0000000000000000     
   1135.0000000000000        2.0000000000000000E-003   0.0000000000000000     
   1140.0000000000000        2.0000000000000000E-003   0.0000000000000000     
   1145.0000000000000        2.0000000000000000E-003   0.0000000000000000     
   1150.0000000000000        3.0000000000000001E-003   0.0000000000000000     
   1155.0000000000000        3.0000000000000001E-003   0.0000000000000000     
   1160.0000000000000        4.0000000000000001E-003   0.0000000000000000     
   1165.0000000000000        5.0000000000000001E-003   0.0000000000000000     
   1170.0000000000000        6.0000000000000001E-003   0.0000000000000000     
   1175.0000000000000        6.0000000000000001E-003   0.0000000000000000     
   1180.0000000000000        7.0000000000000001E-003   0.0000000000000000     
   1185.0000000000000        8.0000000000000002E-003   0.0000000000000000     
   1190.0000000000000        8.9999999999999993E-003   0.0000000000000000     
   1195.0000000000000        1.0999999999999999E-002   0.0000000000000000     
   1200.0000000000000        1.2000000000000000E-002   0.0000000000000000     
   1205.0000000000000        1.2999999999999999E-002   0.0000000000000000     
   1210.0000000000000        1.4999999999999999E-002   0.0000000000000000     
   1215.0000000000000        1.6000000000000000E-002   0.0000000000000000     
   1220.0000000000000        1.7999999999999999E-002   0.0000000000000000     
   1225.0000000000000        2.0000000000000000E-002   1.0000000000000000E-003
   1230.0000000000000        2.1999999999999999E-002   1.0000000000000000E-003
   1235.0000000000000        2.4000000000000000E-002   1.0000000000000000E-003
   1240.0000000000000        2.5999999999999999E-002   1.0000000000000000E-003
   1245.0000000000000        2.9000000000000001E-002   2.0000000000000000E-003
   1250.0000000000000        3.1000000000000000E-002   2.0000000000000000E-003
   1255.0000000000000        3.3000000000000002E-002   2.0000000000000000E-003
   1260.0000000000000        3.5999999999999997E-002   3.0000000000000001E-003
   1265.0000000000000        3.9000000000000000E-002   3.0000000000000001E-003
   1270.0000000000000        4.2000000000000003E-002   4.0000000000000001E-003
   1275.0000000000000        4.4999999999999998E-002   4.0000000000000001E-003
   1280.0000000000000        4.8000000000000001E-002   5.0000000000000001E-003
   1285.0000000000000        5.1999999999999998E-002   5.0000000000000001E-003
   1290.0000000000000        5.5000000000000000E-002   6.0000000000000001E-003
   1295.0000000000000        5.8999999999999997E-002   7.0000000000000001E-003
   1300.0000000000000        6.3000000000000000E-002   8.0000000000000002E-003
   1305.0000000000000        6.7000000000000004E-002   8.9999999999999993E-003
   1310.0000000000000        7.0999999999999994E-002   1.0000000000000000E-002
   1315.0000000000000        7.5999999999999998E-002   1.0999999999999999E-002
   1320.0000000000000        8.0000000000000002E-002   1.2999999999999999E-002
   1325.0000000000000        8.5000000000000006E-002   1.4000000000000000E-002
   1330.0000000000000        8.9999999999999997E-002   1.6000000000000000E-002
   1335.0000000000000        9.6000000000000002E-002   1.7999999999999999E-002
   1340.0000000000000       0.10100000000000001        2.0000000000000000E-002
   1345.0000000000000       0.10700000000000000        2.3000000000000000E-002
   1350.0000000000000       0.11300000000000000        2.5000000000000001E-002
   1355.0000000000000       0.11899999999999999        2.8000000000000001E-002
   1360.0000000000000       0.12600000000000000        3.1000000000000000E-002
   1365.0000000000000       0.13300000000000001        3.5000000000000003E-002
   1370.0000000000000       0.14000000000000001        3.9000000000000000E-002
   1375.0000000000000       0.14699999999999999        4.2999999999999997E-002
   1380.0000000000000       0.15500000000000000        4.8000000000000001E-002
   1385.0000000000000       0.16300000000000001        5.3999999999999999E-002
   1390.0000000000000       0.17199999999999999        5.9999999999999998E-002
   1395.0000000000000       0.17999999999999999        6.7000000000000004E-002
   1400.0000000000000       0.18900000000000000        7.3999999999999996E-002
   1405.0000000000000       0.19900000000000001        8.2000000000000003E-002
   1410.0000000000000       0.20799999999999999        9.1999999999999998E-002
   1415.0000000000000       0.21800000000000000       0.10199999999999999     
   1420.0000000000000       0.22800000000000001       0.11400000000000000     
   1425.0000000000000       0.23799999999999999       0.12700000000000000     
   1430.0000000000000       0.24800000000000000       0.14199999999999999     
   1435.0000000000000       0.25900000000000001       0.15800000000000000     
   1440.0000000000000       0.26800000000000002       0.17599999999999999     
   1445.0000000000000       0.27800000000000002       0.19700000000000001     
   1450.0000000000000       0.28599999999999998       0.22000000000000000     
   1455.0000000000000       0.29299999999999998       0.24600000000000000     
   1460.0000000000000       0.29899999999999999       0.27500000000000002     
   1465.0000000000000       0.30199999999999999       0.30599999999999999     
   1470.0000000000000       0.30099999999999999       0.34100000000000003     
   1475.0000000000000       0.29599999999999999       0.37800000000000000     
   1480.0000000000000       0.28599999999999998       0.41799999999999998     
   1485.0000000000000       0.27000000000000002       0.45900000000000002     
   1490.0000000000000       0.24600000000000000       0.50000000000000000     
   1495.0000000000000       0.21299999999999999       0.53900000000000003     
   1500.0000000000000       0.17299999999999999       0.57399999999999995     
   1505.0000000000000       0.12500000000000000       0.60299999999999998     
   1510.0000000000000        7.0000000000000007E-002  0.62300000000000000     
   1515.0000000000000        1.2999999999999999E-002  0.63300000000000001     
   1520.0000000000000       -4.5999999999999999E-002  0.63100000000000001     
   1525.0000000000000      -0.10199999999999999       0.61899999999999999     
   1530.0000000000000      -0.15400000000000000       0.59799999999999998     
   1535.0000000000000      -0.19800000000000001       0.56799999999999995     
   1540.0000000000000      -0.23499999999999999       0.53400000000000003     
   1545.0000000000000      -0.26400000000000001       0.49700000000000000     
   1550.0000000000000      -0.28499999999999998       0.45900000000000002     
   1555.0000000000000      -0.29999999999999999       0.42199999999999999     
   1560.0000000000000      -0.30800000000000000       0.38600000000000001     
   1565.0000000000000      -0.31200000000000000       0.35199999999999998     
   1570.0000000000000      -0.31300000000000000       0.32100000000000001     
   1575.0000000000000      -0.31000000000000000       0.29199999999999998     
   1580.0000000000000      -0.30499999999999999       0.26600000000000001     
   1585.0000000000000      -0.29799999999999999       0.24299999999999999     
   1590.0000000000000      -0.28999999999999998       0.22200000000000000     
   1595.0000000000000      -0.28100000000000003       0.20399999999999999     
   1600.0000000000000      -0.27100000000000002       0.18700000000000000     
   1605.0000000000000      -0.26100000000000001       0.17199999999999999     
   1610.0000000000000      -0.25100000000000000       0.15900000000000000     
   1615.0000000000000      -0.24099999999999999       0.14699999999999999     
   1620.0000000000000      -0.23100000000000001       0.13700000000000001     
   1625.0000000000000      -0.22100000000000000       0.12800000000000000     
   1630.0000000000000      -0.21099999999999999       0.12000000000000000     
   1635.0000000000000      -0.20100000000000001       0.11300000000000000     
   1640.0000000000000      -0.19100000000000000       0.10600000000000000     
   1645.0000000000000      -0.18200000000000000       0.10100000000000001     
   1650.0000000000000      -0.17299999999999999        9.6000000000000002E-002
   1655.0000000000000      -0.16400000000000001        9.1999999999999998E-002
   1660.0000000000000      -0.15600000000000000        8.7999999999999995E-002
   1665.0000000000000      -0.14699999999999999        8.5000000000000006E-002
   1670.0000000000000      -0.13900000000000001        8.2000000000000003E-002
   1675.0000000000000      -0.13100000000000001        8.0000000000000002E-002
   1680.0000000000000      -0.12300000000000000        7.8000000000000000E-002
   1685.0000000000000      -0.11600000000000001        7.6999999999999999E-002
   1690.0000000000000      -0.10900000000000000        7.5999999999999998E-002
   1695.0000000000000      -0.10199999999999999        7.4999999999999997E-002
   1700.0000000000000       -9.5000000000000001E-002   7.3999999999999996E-002
   1705.0000000000000       -8.8999999999999996E-002   7.3999999999999996E-002
   1710.0000000000000       -8.2000000000000003E-002   7.3999999999999996E-002
   1715.0000000000000       -7.5999999999999998E-002   7.3999999999999996E-002
   1720.0000000000000       -7.0000000000000007E-002   7.3999999999999996E-002
   1725.0000000000000       -6.5000000000000002E-002   7.4999999999999997E-002
   1730.0000000000000       -5.8999999999999997E-002   7.4999999999999997E-002
   1735.0000000000000       -5.3999999999999999E-002   7.5999999999999998E-002
   1740.0000000000000       -4.9000000000000002E-002   7.6999999999999999E-002
   1745.0000000000000       -4.3999999999999997E-002   7.9000000000000001E-002
   1750.0000000000000       -3.9000000000000000E-002   8.0000000000000002E-002
   1755.0000000000000       -3.4000000000000002E-002   8.1000000000000003E-002
   1760.0000000000000       -2.9999999999999999E-002   8.3000000000000004E-002
   1765.0000000000000       -2.5999999999999999E-002   8.5000000000000006E-002
   1770.0000000000000       -2.1999999999999999E-002   8.5999999999999993E-002
   1775.0000000000000       -1.7999999999999999E-002   8.7999999999999995E-002
   1780.0000000000000       -1.4000000000000000E-002   8.9999999999999997E-002
   1785.0000000000000       -1.0000000000000000E-002   9.1999999999999998E-002
   1790.0000000000000       -7.0000000000000001E-003   9.4000000000000000E-002
   1795.0000000000000       -4.0000000000000001E-003   9.6000000000000002E-002
   1800.0000000000000       -1.0000000000000000E-003   9.9000000000000005E-002
   1805.0000000000000        2.0000000000000000E-003  0.10100000000000001     
   1810.0000000000000        5.0000000000000001E-003  0.10299999999999999     
   1815.0000000000000        8.0000000000000002E-003  0.10500000000000000     
   1820.0000000000000        1.0000000000000000E-002  0.10800000000000000     
   1825.0000000000000        1.2000000000000000E-002  0.11000000000000000     
   1830.0000000000000        1.4999999999999999E-002  0.11300000000000000     
   1835.0000000000000        1.7000000000000001E-002  0.11500000000000000     
   1840.0000000000000        1.7999999999999999E-002  0.11799999999999999     
   1845.0000000000000        2.0000000000000000E-002  0.12000000000000000     
   1850.0000000000000        2.1999999999999999E-002  0.12300000000000000     
   1855.0000000000000        2.3000000000000000E-002  0.12500000000000000     
   1860.0000000000000        2.5000000000000001E-002  0.12800000000000000     
   1865.0000000000000        2.5999999999999999E-002  0.13000000000000000     
   1870.0000000000000        2.7000000000000000E-002  0.13300000000000001     
   1875.0000000000000        2.8000000000000001E-002  0.13500000000000001     
   1880.0000000000000        2.9000000000000001E-002  0.13800000000000001     
   1885.0000000000000        2.9999999999999999E-002  0.14000000000000001     
   1890.0000000000000        3.1000000000000000E-002  0.14199999999999999     
   1895.0000000000000        3.1000000000000000E-002  0.14499999999999999     
   1900.0000000000000        3.2000000000000001E-002  0.14699999999999999     
   1905.0000000000000        3.2000000000000001E-002  0.14999999999999999     
   1910.0000000000000        3.3000000000000002E-002  0.15200000000000000     
   1915.0000000000000        3.3000000000000002E-002  0.15400000000000000     
   1920.0000000000000        3.3000000000000002E-002  0.15700000000000000     
   1925.0000000000000        3.3000000000000002E-002  0.15900000000000000     
   1930.0000000000000        3.3000000000000002E-002  0.16100000000000000     
   1935.0000000000000        3.3000000000000002E-002  0.16400000000000001     
   1940.0000000000000        3.3000000000000002E-002  0.16600000000000001     
   1945.0000000000000        3.3000000000000002E-002  0.16800000000000001     
   1950.0000000000000        3.3000000000000002E-002  0.17000000000000001     
   1955.0000000000000        3.2000000000000001E-002  0.17199999999999999     
   1960.0000000000000        3.2000000000000001E-002  0.17399999999999999     
   1965.0000000000000        3.2000000000000001E-002  0.17699999999999999     
   1970.0000000000000        3.1000000000000000E-002  0.17899999999999999     
   1975.0000000000000        3.1000000000000000E-002  0.18099999999999999     
   1980.0000000000000        2.9999999999999999E-002  0.18300000000000000     
   1985.0000000000000        2.9000000000000001E-002  0.18500000000000000     
   1990.0000000000000        2.9000000000000001E-002  0.18700000000000000     
   1995.0000000000000        2.8000000000000001E-002  0.18900000000000000     
   2000.0000000000000        2.7000000000000000E-002  0.19100000000000000     
   2005.0000000000000        2.7000000000000000E-002  0.19300000000000000     
   2010.0000000000000        2.5999999999999999E-002  0.19500000000000001     
   2015.0000000000000        2.5000000000000001E-002  0.19600000000000001     
   2020.0000000000000        2.4000000000000000E-002  0.19800000000000001     
   2025.0000000000000        2.3000000000000000E-002  0.20000000000000001     
   2030.0000000000000        2.1999999999999999E-002  0.20200000000000001     
   2035.0000000000000        2.1000000000000001E-002  0.20399999999999999     
   2040.0000000000000        2.0000000000000000E-002  0.20499999999999999     
   2045.0000000000000        1.9000000000000000E-002  0.20699999999999999     
   2050.0000000000000        1.7999999999999999E-002  0.20899999999999999     
   2055.0000000000000        1.7000000000000001E-002  0.21099999999999999     
   2060.0000000000000        1.6000000000000000E-002  0.21199999999999999     
   2065.0000000000000        1.4999999999999999E-002  0.21400000000000000     
   2070.0000000000000        1.4000000000000000E-002  0.21600000000000000     
   2075.0000000000000        1.2999999999999999E-002  0.21700000000000000     
   2080.0000000000000        1.2000000000000000E-002  0.21900000000000000     
   2085.0000000000000        1.0999999999999999E-002  0.22100000000000000     
   2090.0000000000000        1.0000000000000000E-002  0.22200000000000000     
   2095.0000000000000        8.9999999999999993E-003  0.22400000000000000     
   2100.0000000000000        7.0000000000000001E-003  0.22600000000000001     
   2105.0000000000000        6.0000000000000001E-003  0.22700000000000001     
   2110.0000000000000        5.0000000000000001E-003  0.22900000000000001     
   2115.0000000000000        4.0000000000000001E-003  0.23000000000000001     
   2120.0000000000000        3.0000000000000001E-003  0.23200000000000001     
   2125.0000000000000        2.0000000000000000E-003  0.23300000000000001     
   2130.0000000000000        1.0000000000000000E-003  0.23499999999999999     
   2135.0000000000000       -1.0000000000000000E-003  0.23699999999999999     
   2140.0000000000000       -2.0000000000000000E-003  0.23799999999999999     
   2145.0000000000000       -3.0000000000000001E-003  0.23999999999999999     
   2150.0000000000000       -4.0000000000000001E-003  0.24099999999999999     
   2155.0000000000000       -5.0000000000000001E-003  0.24299999999999999     
   2160.0000000000000       -6.0000000000000001E-003  0.24399999999999999     
   2165.0000000000000       -7.0000000000000001E-003  0.24600000000000000     
   2170.0000000000000       -8.0000000000000002E-003  0.24700000000000000     
   2175.0000000000000       -8.9999999999999993E-003  0.24900000000000000     
   2180.0000000000000       -1.0000000000000000E-002  0.25000000000000000     
   2185.0000000000000       -1.2000000000000000E-002  0.25200000000000000     
   2190.0000000000000       -1.2999999999999999E-002  0.25300000000000000     
   2195.0000000000000       -1.4000000000000000E-002  0.25500000000000000     
   2200.0000000000000       -1.4999999999999999E-002  0.25600000000000001     
   2205.0000000000000       -1.6000000000000000E-002  0.25800000000000001     
   2210.0000000000000       -1.7000000000000001E-002  0.25900000000000001     
   2215.0000000000000       -1.7999999999999999E-002  0.26100000000000001     
   2220.0000000000000       -1.9000000000000000E-002  0.26200000000000001     
   2225.0000000000000       -1.9000000000000000E-002  0.26400000000000001     
   2230.0000000000000       -2.0000000000000000E-002  0.26500000000000001     
   2235.0000000000000       -2.1000000000000001E-002  0.26700000000000002     
   2240.0000000000000       -2.1999999999999999E-002  0.26800000000000002     
   2245.0000000000000       -2.3000000000000000E-002  0.27000000000000002     
   2250.0000000000000       -2.4000000000000000E-002  0.27200000000000002     
   2255.0000000000000       -2.5000000000000001E-002  0.27300000000000002     
   2260.0000000000000       -2.5000000000000001E-002  0.27500000000000002     
   2265.0000000000000       -2.5999999999999999E-002  0.27600000000000002     
   2270.0000000000000       -2.7000000000000000E-002  0.27800000000000002     
   2275.0000000000000       -2.8000000000000001E-002  0.27900000000000003     
   2280.0000000000000       -2.8000000000000001E-002  0.28100000000000003     
   2285.0000000000000       -2.9000000000000001E-002  0.28199999999999997     
   2290.0000000000000       -2.9999999999999999E-002  0.28399999999999997     
   2295.0000000000000       -2.9999999999999999E-002  0.28599999999999998     
   2300.0000000000000       -3.1000000000000000E-002  0.28699999999999998     
   2305.0000000000000       -3.1000000000000000E-002  0.28899999999999998     
   2310.0000000000000       -3.2000000000000001E-002  0.28999999999999998     
   2315.0000000000000       -3.2000000000000001E-002  0.29199999999999998     
   2320.0000000000000       -3.3000000000000002E-002  0.29399999999999998     
   2325.0000000000000       -3.3000000000000002E-002  0.29499999999999998     
   2330.0000000000000       -3.4000000000000002E-002  0.29699999999999999     
   2335.0000000000000       -3.4000000000000002E-002  0.29799999999999999     
   2340.0000000000000       -3.4000000000000002E-002  0.29999999999999999     
   2345.0000000000000       -3.5000000000000003E-002  0.30199999999999999     
   2350.0000000000000       -3.5000000000000003E-002  0.30299999999999999     
   2355.0000000000000       -3.5000000000000003E-002  0.30499999999999999     
   2360.0000000000000       -3.5999999999999997E-002  0.30700000000000000     
   2365.0000000000000       -3.5999999999999997E-002  0.30800000000000000     
   2370.0000000000000       -3.5999999999999997E-002  0.31000000000000000     
   2375.0000000000000       -3.5999999999999997E-002  0.31200000000000000     
   2380.0000000000000       -3.5999999999999997E-002  0.31400000000000000     
   2385.0000000000000       -3.5999999999999997E-002  0.31500000000000000     
   2390.0000000000000       -3.5999999999999997E-002  0.31700000000000000     
   2395.0000000000000       -3.5999999999999997E-002  0.31900000000000001     
   2400.0000000000000       -3.5999999999999997E-002  0.32100000000000001     
