   1080.0000000000000        0.0000000000000000        0.0000000000000000     
   1085.0000000000000        0.0000000000000000        0.0000000000000000     
   1090.0000000000000        0.0000000000000000        0.0000000000000000     
   1095.0000000000000        0.0000000000000000        0.0000000000000000     
   1100.0000000000000        0.0000000000000000        0.0000000000000000     
   1105.0000000000000        0.0000000000000000        0.0000000000000000     
   1110.0000000000000        1.0000000000000000E-003   0.0000000000000000     
   1115.0000000000000        1.0000000000000000E-003   0.0000000000000000     
   1120.0000000000000        1.0000000000000000E-003   0.0000000000000000     
   1125.0000000000000        1.0000000000000000E-003   0.0000000000000000     
   1130.0000000000000        2.0000000000000000E-003   0.0000000000000000     
   1135.0000000000000        2.0000000000000000E-003   0.0000000000000000     
   1140.0000000000000        3.0000000000000001E-003   0.0000000000000000     
   1145.0000000000000        3.0000000000000001E-003   0.0000000000000000     
   1150.0000000000000        3.0000000000000001E-003   0.0000000000000000     
   1155.0000000000000        4.0000000000000001E-003   0.0000000000000000     
   1160.0000000000000        5.0000000000000001E-003   0.0000000000000000     
   1165.0000000000000        5.0000000000000001E-003   0.0000000000000000     
   1170.0000000000000        6.0000000000000001E-003   0.0000000000000000     
   1175.0000000000000        6.0000000000000001E-003   0.0000000000000000     
   1180.0000000000000        7.0000000000000001E-003   0.0000000000000000     
   1185.0000000000000        8.0000000000000002E-003   0.0000000000000000     
   1190.0000000000000        8.0000000000000002E-003   0.0000000000000000     
   1195.0000000000000        8.9999999999999993E-003   0.0000000000000000     
   1200.0000000000000        1.0000000000000000E-002   0.0000000000000000     
   1205.0000000000000        1.0999999999999999E-002   0.0000000000000000     
   1210.0000000000000        1.2000000000000000E-002   0.0000000000000000     
   1215.0000000000000        1.2000000000000000E-002   0.0000000000000000     
   1220.0000000000000        1.2999999999999999E-002   0.0000000000000000     
   1225.0000000000000        1.4000000000000000E-002   0.0000000000000000     
   1230.0000000000000        1.4999999999999999E-002   0.0000000000000000     
   1235.0000000000000        1.6000000000000000E-002   0.0000000000000000     
   1240.0000000000000        1.7000000000000001E-002   0.0000000000000000     
   1245.0000000000000        1.7999999999999999E-002   0.0000000000000000     
   1250.0000000000000        1.9000000000000000E-002   0.0000000000000000     
   1255.0000000000000        2.0000000000000000E-002   0.0000000000000000     
   1260.0000000000000        2.1000000000000001E-002   0.0000000000000000     
   1265.0000000000000        2.1999999999999999E-002   0.0000000000000000     
   1270.0000000000000        2.3000000000000000E-002   1.0000000000000000E-003
   1275.0000000000000        2.4000000000000000E-002   1.0000000000000000E-003
   1280.0000000000000        2.5000000000000001E-002   1.0000000000000000E-003
   1285.0000000000000        2.5999999999999999E-002   1.0000000000000000E-003
   1290.0000000000000        2.7000000000000000E-002   1.0000000000000000E-003
   1295.0000000000000        2.8000000000000001E-002   1.0000000000000000E-003
   1300.0000000000000        2.9000000000000001E-002   1.0000000000000000E-003
   1305.0000000000000        2.9999999999999999E-002   1.0000000000000000E-003
   1310.0000000000000        3.1000000000000000E-002   1.0000000000000000E-003
   1315.0000000000000        3.3000000000000002E-002   1.0000000000000000E-003
   1320.0000000000000        3.4000000000000002E-002   1.0000000000000000E-003
   1325.0000000000000        3.5000000000000003E-002   1.0000000000000000E-003
   1330.0000000000000        3.5999999999999997E-002   2.0000000000000000E-003
   1335.0000000000000        3.6999999999999998E-002   2.0000000000000000E-003
   1340.0000000000000        3.9000000000000000E-002   2.0000000000000000E-003
   1345.0000000000000        4.0000000000000001E-002   2.0000000000000000E-003
   1350.0000000000000        4.1000000000000002E-002   2.0000000000000000E-003
   1355.0000000000000        4.2999999999999997E-002   2.0000000000000000E-003
   1360.0000000000000        4.3999999999999997E-002   3.0000000000000001E-003
   1365.0000000000000        4.5999999999999999E-002   3.0000000000000001E-003
   1370.0000000000000        4.7000000000000000E-002   3.0000000000000001E-003
   1375.0000000000000        4.9000000000000002E-002   3.0000000000000001E-003
   1380.0000000000000        5.0000000000000003E-002   3.0000000000000001E-003
   1385.0000000000000        5.1999999999999998E-002   4.0000000000000001E-003
   1390.0000000000000        5.2999999999999999E-002   4.0000000000000001E-003
   1395.0000000000000        5.5000000000000000E-002   4.0000000000000001E-003
   1400.0000000000000        5.7000000000000002E-002   5.0000000000000001E-003
   1405.0000000000000        5.8999999999999997E-002   5.0000000000000001E-003
   1410.0000000000000        6.0999999999999999E-002   6.0000000000000001E-003
   1415.0000000000000        6.3000000000000000E-002   6.0000000000000001E-003
   1420.0000000000000        6.5000000000000002E-002   7.0000000000000001E-003
   1425.0000000000000        6.7000000000000004E-002   7.0000000000000001E-003
   1430.0000000000000        6.9000000000000006E-002   8.0000000000000002E-003
   1435.0000000000000        7.0999999999999994E-002   8.0000000000000002E-003
   1440.0000000000000        7.2999999999999995E-002   8.9999999999999993E-003
   1445.0000000000000        7.5999999999999998E-002   1.0000000000000000E-002
   1450.0000000000000        7.8000000000000000E-002   1.0999999999999999E-002
   1455.0000000000000        8.1000000000000003E-002   1.2000000000000000E-002
   1460.0000000000000        8.4000000000000005E-002   1.2999999999999999E-002
   1465.0000000000000        8.5999999999999993E-002   1.4000000000000000E-002
   1470.0000000000000        8.8999999999999996E-002   1.4999999999999999E-002
   1475.0000000000000        9.1999999999999998E-002   1.6000000000000000E-002
   1480.0000000000000        9.6000000000000002E-002   1.7999999999999999E-002
   1485.0000000000000        9.9000000000000005E-002   1.9000000000000000E-002
   1490.0000000000000       0.10299999999999999        2.1000000000000001E-002
   1495.0000000000000       0.10600000000000000        2.3000000000000000E-002
   1500.0000000000000       0.11000000000000000        2.5000000000000001E-002
   1505.0000000000000       0.11400000000000000        2.7000000000000000E-002
   1510.0000000000000       0.11799999999999999        2.9999999999999999E-002
   1515.0000000000000       0.12300000000000000        3.3000000000000002E-002
   1520.0000000000000       0.12700000000000000        3.5999999999999997E-002
   1525.0000000000000       0.13200000000000001        3.9000000000000000E-002
   1530.0000000000000       0.13700000000000001        4.2999999999999997E-002
   1535.0000000000000       0.14199999999999999        4.7000000000000000E-002
   1540.0000000000000       0.14699999999999999        5.1999999999999998E-002
   1545.0000000000000       0.15300000000000000        5.7000000000000002E-002
   1550.0000000000000       0.15900000000000000        6.3000000000000000E-002
   1555.0000000000000       0.16400000000000001        7.0000000000000007E-002
   1560.0000000000000       0.17000000000000001        7.6999999999999999E-002
   1565.0000000000000       0.17599999999999999        8.5000000000000006E-002
   1570.0000000000000       0.18200000000000000        9.4000000000000000E-002
   1575.0000000000000       0.18800000000000000       0.10400000000000000     
   1580.0000000000000       0.19400000000000001       0.11500000000000000     
   1585.0000000000000       0.19900000000000001       0.12700000000000000     
   1590.0000000000000       0.20399999999999999       0.14099999999999999     
   1595.0000000000000       0.20799999999999999       0.15600000000000000     
   1600.0000000000000       0.21099999999999999       0.17199999999999999     
   1605.0000000000000       0.21199999999999999       0.19000000000000000     
   1610.0000000000000       0.21299999999999999       0.20899999999999999     
   1615.0000000000000       0.21099999999999999       0.22900000000000001     
   1620.0000000000000       0.20599999999999999       0.25100000000000000     
   1625.0000000000000       0.19900000000000001       0.27300000000000002     
   1630.0000000000000       0.18900000000000000       0.29499999999999998     
   1635.0000000000000       0.17599999999999999       0.31700000000000000     
   1640.0000000000000       0.15900000000000000       0.33700000000000002     
   1645.0000000000000       0.13900000000000001       0.35599999999999998     
   1650.0000000000000       0.11700000000000001       0.37200000000000000     
   1655.0000000000000        9.1999999999999998E-002  0.38500000000000001     
   1660.0000000000000        6.5000000000000002E-002  0.39400000000000002     
   1665.0000000000000        3.6999999999999998E-002  0.40000000000000002     
   1670.0000000000000        1.0000000000000000E-002  0.40100000000000002     
   1675.0000000000000       -1.7000000000000001E-002  0.39900000000000002     
   1680.0000000000000       -4.2000000000000003E-002  0.39400000000000002     
   1685.0000000000000       -6.5000000000000002E-002  0.38600000000000001     
   1690.0000000000000       -8.5999999999999993E-002  0.37500000000000000     
   1695.0000000000000      -0.10400000000000000       0.36299999999999999     
   1700.0000000000000      -0.12000000000000000       0.34999999999999998     
   1705.0000000000000      -0.13300000000000001       0.33600000000000002     
   1710.0000000000000      -0.14499999999999999       0.32300000000000001     
   1715.0000000000000      -0.15400000000000000       0.30900000000000000     
   1720.0000000000000      -0.16100000000000000       0.29499999999999998     
   1725.0000000000000      -0.16700000000000001       0.28199999999999997     
   1730.0000000000000      -0.17199999999999999       0.27000000000000002     
   1735.0000000000000      -0.17499999999999999       0.25800000000000001     
   1740.0000000000000      -0.17799999999999999       0.24700000000000000     
   1745.0000000000000      -0.17999999999999999       0.23599999999999999     
   1750.0000000000000      -0.18099999999999999       0.22600000000000001     
   1755.0000000000000      -0.18099999999999999       0.21700000000000000     
   1760.0000000000000      -0.18099999999999999       0.20899999999999999     
   1765.0000000000000      -0.17999999999999999       0.20100000000000001     
   1770.0000000000000      -0.17999999999999999       0.19300000000000000     
   1775.0000000000000      -0.17899999999999999       0.18600000000000000     
   1780.0000000000000      -0.17699999999999999       0.17999999999999999     
   1785.0000000000000      -0.17599999999999999       0.17399999999999999     
   1790.0000000000000      -0.17399999999999999       0.16900000000000001     
   1795.0000000000000      -0.17299999999999999       0.16400000000000001     
   1800.0000000000000      -0.17100000000000001       0.15900000000000000     
   1805.0000000000000      -0.16900000000000001       0.15500000000000000     
   1810.0000000000000      -0.16700000000000001       0.15100000000000000     
   1815.0000000000000      -0.16500000000000001       0.14699999999999999     
   1820.0000000000000      -0.16300000000000001       0.14399999999999999     
   1825.0000000000000      -0.16100000000000000       0.14099999999999999     
   1830.0000000000000      -0.15900000000000000       0.13800000000000001     
   1835.0000000000000      -0.15700000000000000       0.13500000000000001     
   1840.0000000000000      -0.15500000000000000       0.13200000000000001     
   1845.0000000000000      -0.15300000000000000       0.13000000000000000     
   1850.0000000000000      -0.15200000000000000       0.12800000000000000     
   1855.0000000000000      -0.14999999999999999       0.12600000000000000     
   1860.0000000000000      -0.14799999999999999       0.12400000000000000     
   1865.0000000000000      -0.14599999999999999       0.12300000000000000     
   1870.0000000000000      -0.14399999999999999       0.12100000000000000     
   1875.0000000000000      -0.14199999999999999       0.12000000000000000     
   1880.0000000000000      -0.14000000000000001       0.11899999999999999     
   1885.0000000000000      -0.13900000000000001       0.11799999999999999     
   1890.0000000000000      -0.13700000000000001       0.11700000000000001     
   1895.0000000000000      -0.13500000000000001       0.11600000000000001     
   1900.0000000000000      -0.13300000000000001       0.11600000000000001     
   1905.0000000000000      -0.13200000000000001       0.11500000000000000     
   1910.0000000000000      -0.13000000000000000       0.11400000000000000     
   1915.0000000000000      -0.12800000000000000       0.11400000000000000     
   1920.0000000000000      -0.12700000000000000       0.11400000000000000     
   1925.0000000000000      -0.12500000000000000       0.11300000000000000     
   1930.0000000000000      -0.12300000000000000       0.11300000000000000     
   1935.0000000000000      -0.12200000000000000       0.11300000000000000     
   1940.0000000000000      -0.12000000000000000       0.11300000000000000     
   1945.0000000000000      -0.11899999999999999       0.11300000000000000     
   1950.0000000000000      -0.11700000000000001       0.11400000000000000     
   1955.0000000000000      -0.11600000000000001       0.11400000000000000     
   1960.0000000000000      -0.11400000000000000       0.11400000000000000     
   1965.0000000000000      -0.11300000000000000       0.11400000000000000     
   1970.0000000000000      -0.11100000000000000       0.11500000000000000     
   1975.0000000000000      -0.11000000000000000       0.11500000000000000     
   1980.0000000000000      -0.10800000000000000       0.11600000000000001     
   1985.0000000000000      -0.10700000000000000       0.11700000000000001     
   1990.0000000000000      -0.10600000000000000       0.11700000000000001     
   1995.0000000000000      -0.10400000000000000       0.11799999999999999     
   2000.0000000000000      -0.10299999999999999       0.11899999999999999     
   2005.0000000000000      -0.10199999999999999       0.12000000000000000     
   2010.0000000000000      -0.10100000000000001       0.12100000000000000     
   2015.0000000000000      -0.10000000000000001       0.12200000000000000     
   2020.0000000000000       -9.8000000000000004E-002  0.12300000000000000     
   2025.0000000000000       -9.7000000000000003E-002  0.12400000000000000     
   2030.0000000000000       -9.6000000000000002E-002  0.12500000000000000     
   2035.0000000000000       -9.5000000000000001E-002  0.12600000000000000     
   2040.0000000000000       -9.4000000000000000E-002  0.12700000000000000     
   2045.0000000000000       -9.2999999999999999E-002  0.12900000000000000     
   2050.0000000000000       -9.1999999999999998E-002  0.13000000000000000     
   2055.0000000000000       -9.0999999999999998E-002  0.13100000000000001     
   2060.0000000000000       -9.0999999999999998E-002  0.13300000000000001     
   2065.0000000000000       -8.9999999999999997E-002  0.13400000000000001     
   2070.0000000000000       -8.8999999999999996E-002  0.13500000000000001     
   2075.0000000000000       -8.7999999999999995E-002  0.13700000000000001     
   2080.0000000000000       -8.7999999999999995E-002  0.13800000000000001     
   2085.0000000000000       -8.6999999999999994E-002  0.14000000000000001     
   2090.0000000000000       -8.5999999999999993E-002  0.14199999999999999     
   2095.0000000000000       -8.5999999999999993E-002  0.14299999999999999     
   2100.0000000000000       -8.5000000000000006E-002  0.14499999999999999     
   2105.0000000000000       -8.5000000000000006E-002  0.14599999999999999     
   2110.0000000000000       -8.5000000000000006E-002  0.14799999999999999     
   2115.0000000000000       -8.4000000000000005E-002  0.14999999999999999     
   2120.0000000000000       -8.4000000000000005E-002  0.15100000000000000     
   2125.0000000000000       -8.4000000000000005E-002  0.15300000000000000     
   2130.0000000000000       -8.4000000000000005E-002  0.15500000000000000     
   2135.0000000000000       -8.3000000000000004E-002  0.15600000000000000     
   2140.0000000000000       -8.3000000000000004E-002  0.15800000000000000     
   2145.0000000000000       -8.3000000000000004E-002  0.16000000000000000     
   2150.0000000000000       -8.3000000000000004E-002  0.16100000000000000     
   2155.0000000000000       -8.4000000000000005E-002  0.16300000000000001     
   2160.0000000000000       -8.4000000000000005E-002  0.16400000000000001     
   2165.0000000000000       -8.4000000000000005E-002  0.16600000000000001     
   2170.0000000000000       -8.4000000000000005E-002  0.16800000000000001     
   2175.0000000000000       -8.4000000000000005E-002  0.16900000000000001     
   2180.0000000000000       -8.5000000000000006E-002  0.17100000000000001     
   2185.0000000000000       -8.5000000000000006E-002  0.17199999999999999     
   2190.0000000000000       -8.5999999999999993E-002  0.17399999999999999     
   2195.0000000000000       -8.5999999999999993E-002  0.17499999999999999     
   2200.0000000000000       -8.6999999999999994E-002  0.17599999999999999     
   2205.0000000000000       -8.6999999999999994E-002  0.17799999999999999     
   2210.0000000000000       -8.7999999999999995E-002  0.17899999999999999     
   2215.0000000000000       -8.7999999999999995E-002  0.17999999999999999     
   2220.0000000000000       -8.8999999999999996E-002  0.18099999999999999     
   2225.0000000000000       -8.9999999999999997E-002  0.18200000000000000     
   2230.0000000000000       -9.0999999999999998E-002  0.18300000000000000     
   2235.0000000000000       -9.0999999999999998E-002  0.18400000000000000     
   2240.0000000000000       -9.1999999999999998E-002  0.18500000000000000     
   2245.0000000000000       -9.2999999999999999E-002  0.18600000000000000     
   2250.0000000000000       -9.4000000000000000E-002  0.18700000000000000     
   2255.0000000000000       -9.4000000000000000E-002  0.18800000000000000     
   2260.0000000000000       -9.5000000000000001E-002  0.18800000000000000     
   2265.0000000000000       -9.6000000000000002E-002  0.18900000000000000     
   2270.0000000000000       -9.7000000000000003E-002  0.19000000000000000     
   2275.0000000000000       -9.8000000000000004E-002  0.19000000000000000     
   2280.0000000000000       -9.8000000000000004E-002  0.19100000000000000     
   2285.0000000000000       -9.9000000000000005E-002  0.19100000000000000     
   2290.0000000000000      -0.10000000000000001       0.19100000000000000     
   2295.0000000000000      -0.10100000000000001       0.19100000000000000     
   2300.0000000000000      -0.10199999999999999       0.19100000000000000     
   2305.0000000000000      -0.10199999999999999       0.19100000000000000     
   2310.0000000000000      -0.10299999999999999       0.19100000000000000     
   2315.0000000000000      -0.10400000000000000       0.19100000000000000     
   2320.0000000000000      -0.10400000000000000       0.19100000000000000     
   2325.0000000000000      -0.10500000000000000       0.19100000000000000     
   2330.0000000000000      -0.10500000000000000       0.19100000000000000     
   2335.0000000000000      -0.10600000000000000       0.19000000000000000     
   2340.0000000000000      -0.10600000000000000       0.19000000000000000     
   2345.0000000000000      -0.10700000000000000       0.19000000000000000     
   2350.0000000000000      -0.10700000000000000       0.18900000000000000     
   2355.0000000000000      -0.10700000000000000       0.18900000000000000     
   2360.0000000000000      -0.10800000000000000       0.18800000000000000     
   2365.0000000000000      -0.10800000000000000       0.18700000000000000     
   2370.0000000000000      -0.10800000000000000       0.18700000000000000     
   2375.0000000000000      -0.10800000000000000       0.18600000000000000     
   2380.0000000000000      -0.10800000000000000       0.18500000000000000     
   2385.0000000000000      -0.10800000000000000       0.18400000000000000     
   2390.0000000000000      -0.10800000000000000       0.18300000000000000     
   2395.0000000000000      -0.10800000000000000       0.18200000000000000     
   2400.0000000000000      -0.10800000000000000       0.18099999999999999     
