   1080.0000000000000        0.0000000000000000        0.0000000000000000     
   1085.0000000000000        0.0000000000000000        0.0000000000000000     
   1090.0000000000000        0.0000000000000000        0.0000000000000000     
   1095.0000000000000        0.0000000000000000        0.0000000000000000     
   1100.0000000000000        0.0000000000000000        0.0000000000000000     
   1105.0000000000000        0.0000000000000000        0.0000000000000000     
   1110.0000000000000        0.0000000000000000        0.0000000000000000     
   1115.0000000000000        0.0000000000000000        0.0000000000000000     
   1120.0000000000000        0.0000000000000000        0.0000000000000000     
   1125.0000000000000        0.0000000000000000        0.0000000000000000     
   1130.0000000000000        0.0000000000000000        0.0000000000000000     
   1135.0000000000000        0.0000000000000000        0.0000000000000000     
   1140.0000000000000        0.0000000000000000        0.0000000000000000     
   1145.0000000000000        0.0000000000000000        0.0000000000000000     
   1150.0000000000000        0.0000000000000000        0.0000000000000000     
   1155.0000000000000        0.0000000000000000        0.0000000000000000     
   1160.0000000000000        0.0000000000000000        0.0000000000000000     
   1165.0000000000000        0.0000000000000000        0.0000000000000000     
   1170.0000000000000        1.0000000000000000E-003   0.0000000000000000     
   1175.0000000000000        1.0000000000000000E-003   0.0000000000000000     
   1180.0000000000000        1.0000000000000000E-003   0.0000000000000000     
   1185.0000000000000        1.0000000000000000E-003   0.0000000000000000     
   1190.0000000000000        1.0000000000000000E-003   0.0000000000000000     
   1195.0000000000000        1.0000000000000000E-003   0.0000000000000000     
   1200.0000000000000        1.0000000000000000E-003   0.0000000000000000     
   1205.0000000000000        2.0000000000000000E-003   0.0000000000000000     
   1210.0000000000000        2.0000000000000000E-003   0.0000000000000000     
   1215.0000000000000        2.0000000000000000E-003   0.0000000000000000     
   1220.0000000000000        2.0000000000000000E-003   0.0000000000000000     
   1225.0000000000000        3.0000000000000001E-003   0.0000000000000000     
   1230.0000000000000        3.0000000000000001E-003   0.0000000000000000     
   1235.0000000000000        3.0000000000000001E-003   0.0000000000000000     
   1240.0000000000000        4.0000000000000001E-003   0.0000000000000000     
   1245.0000000000000        4.0000000000000001E-003   0.0000000000000000     
   1250.0000000000000        5.0000000000000001E-003   0.0000000000000000     
   1255.0000000000000        5.0000000000000001E-003   0.0000000000000000     
   1260.0000000000000        6.0000000000000001E-003   0.0000000000000000     
   1265.0000000000000        6.0000000000000001E-003   0.0000000000000000     
   1270.0000000000000        7.0000000000000001E-003   0.0000000000000000     
   1275.0000000000000        7.0000000000000001E-003   0.0000000000000000     
   1280.0000000000000        8.0000000000000002E-003   0.0000000000000000     
   1285.0000000000000        8.9999999999999993E-003   0.0000000000000000     
   1290.0000000000000        8.9999999999999993E-003   0.0000000000000000     
   1295.0000000000000        1.0000000000000000E-002   0.0000000000000000     
   1300.0000000000000        1.0999999999999999E-002   0.0000000000000000     
   1305.0000000000000        1.2000000000000000E-002   0.0000000000000000     
   1310.0000000000000        1.2999999999999999E-002   0.0000000000000000     
   1315.0000000000000        1.4000000000000000E-002   0.0000000000000000     
   1320.0000000000000        1.4999999999999999E-002   0.0000000000000000     
   1325.0000000000000        1.6000000000000000E-002   0.0000000000000000     
   1330.0000000000000        1.7000000000000001E-002   0.0000000000000000     
   1335.0000000000000        1.7999999999999999E-002   1.0000000000000000E-003
   1340.0000000000000        2.0000000000000000E-002   1.0000000000000000E-003
   1345.0000000000000        2.1000000000000001E-002   1.0000000000000000E-003
   1350.0000000000000        2.1999999999999999E-002   1.0000000000000000E-003
   1355.0000000000000        2.4000000000000000E-002   1.0000000000000000E-003
   1360.0000000000000        2.5000000000000001E-002   1.0000000000000000E-003
   1365.0000000000000        2.7000000000000000E-002   1.0000000000000000E-003
   1370.0000000000000        2.9000000000000001E-002   1.0000000000000000E-003
   1375.0000000000000        2.9999999999999999E-002   1.0000000000000000E-003
   1380.0000000000000        3.2000000000000001E-002   2.0000000000000000E-003
   1385.0000000000000        3.4000000000000002E-002   2.0000000000000000E-003
   1390.0000000000000        3.5999999999999997E-002   2.0000000000000000E-003
   1395.0000000000000        3.9000000000000000E-002   2.0000000000000000E-003
   1400.0000000000000        4.1000000000000002E-002   3.0000000000000001E-003
   1405.0000000000000        4.2999999999999997E-002   3.0000000000000001E-003
   1410.0000000000000        4.5999999999999999E-002   3.0000000000000001E-003
   1415.0000000000000        4.8000000000000001E-002   4.0000000000000001E-003
   1420.0000000000000        5.0999999999999997E-002   4.0000000000000001E-003
   1425.0000000000000        5.3999999999999999E-002   5.0000000000000001E-003
   1430.0000000000000        5.7000000000000002E-002   5.0000000000000001E-003
   1435.0000000000000        5.9999999999999998E-002   6.0000000000000001E-003
   1440.0000000000000        6.3000000000000000E-002   6.0000000000000001E-003
   1445.0000000000000        6.7000000000000004E-002   7.0000000000000001E-003
   1450.0000000000000        7.0000000000000007E-002   8.0000000000000002E-003
   1455.0000000000000        7.3999999999999996E-002   8.9999999999999993E-003
   1460.0000000000000        7.8000000000000000E-002   8.9999999999999993E-003
   1465.0000000000000        8.2000000000000003E-002   1.0000000000000000E-002
   1470.0000000000000        8.6999999999999994E-002   1.2000000000000000E-002
   1475.0000000000000        9.0999999999999998E-002   1.2999999999999999E-002
   1480.0000000000000        9.6000000000000002E-002   1.4000000000000000E-002
   1485.0000000000000       0.10100000000000001        1.6000000000000000E-002
   1490.0000000000000       0.10600000000000000        1.7000000000000001E-002
   1495.0000000000000       0.11200000000000000        1.9000000000000000E-002
   1500.0000000000000       0.11799999999999999        2.1000000000000001E-002
   1505.0000000000000       0.12400000000000000        2.4000000000000000E-002
   1510.0000000000000       0.13000000000000000        2.5999999999999999E-002
   1515.0000000000000       0.13700000000000001        2.9000000000000001E-002
   1520.0000000000000       0.14399999999999999        3.2000000000000001E-002
   1525.0000000000000       0.15100000000000000        3.5999999999999997E-002
   1530.0000000000000       0.15900000000000000        4.0000000000000001E-002
   1535.0000000000000       0.16700000000000001        4.3999999999999997E-002
   1540.0000000000000       0.17599999999999999        4.9000000000000002E-002
   1545.0000000000000       0.18400000000000000        5.3999999999999999E-002
   1550.0000000000000       0.19400000000000001        5.9999999999999998E-002
   1555.0000000000000       0.20399999999999999        6.7000000000000004E-002
   1560.0000000000000       0.21400000000000000        7.4999999999999997E-002
   1565.0000000000000       0.22400000000000000        8.3000000000000004E-002
   1570.0000000000000       0.23499999999999999        9.2999999999999999E-002
   1575.0000000000000       0.24700000000000000       0.10400000000000000     
   1580.0000000000000       0.25900000000000001       0.11600000000000001     
   1585.0000000000000       0.27100000000000002       0.13000000000000000     
   1590.0000000000000       0.28299999999999997       0.14499999999999999     
   1595.0000000000000       0.29499999999999998       0.16300000000000001     
   1600.0000000000000       0.30700000000000000       0.18300000000000000     
   1605.0000000000000       0.31800000000000000       0.20499999999999999     
   1610.0000000000000       0.32900000000000001       0.23000000000000001     
   1615.0000000000000       0.33800000000000002       0.25800000000000001     
   1620.0000000000000       0.34599999999999997       0.28999999999999998     
   1625.0000000000000       0.35099999999999998       0.32400000000000001     
   1630.0000000000000       0.35199999999999998       0.36199999999999999     
   1635.0000000000000       0.34799999999999998       0.40400000000000003     
   1640.0000000000000       0.33900000000000002       0.44700000000000001     
   1645.0000000000000       0.32300000000000001       0.49199999999999999     
   1650.0000000000000       0.29899999999999999       0.53800000000000003     
   1655.0000000000000       0.26700000000000002       0.58099999999999996     
   1660.0000000000000       0.22600000000000001       0.62100000000000000     
   1665.0000000000000       0.17699999999999999       0.65400000000000003     
   1670.0000000000000       0.12200000000000000       0.67800000000000005     
   1675.0000000000000        6.4000000000000001E-002  0.69199999999999995     
   1680.0000000000000        4.0000000000000001E-003  0.69499999999999995     
   1685.0000000000000       -5.3999999999999999E-002  0.68799999999999994     
   1690.0000000000000      -0.10700000000000000       0.67100000000000004     
   1695.0000000000000      -0.15400000000000000       0.64600000000000002     
   1700.0000000000000      -0.19400000000000001       0.61599999999999999     
   1705.0000000000000      -0.22600000000000001       0.58299999999999996     
   1710.0000000000000      -0.25100000000000000       0.54900000000000004     
   1715.0000000000000      -0.26900000000000002       0.51400000000000001     
   1720.0000000000000      -0.28100000000000003       0.48099999999999998     
   1725.0000000000000      -0.28899999999999998       0.45000000000000001     
   1730.0000000000000      -0.29199999999999998       0.42099999999999999     
   1735.0000000000000      -0.29199999999999998       0.39500000000000002     
   1740.0000000000000      -0.28999999999999998       0.37200000000000000     
   1745.0000000000000      -0.28599999999999998       0.35099999999999998     
   1750.0000000000000      -0.28000000000000003       0.33300000000000002     
   1755.0000000000000      -0.27400000000000002       0.31700000000000000     
   1760.0000000000000      -0.26800000000000002       0.30299999999999999     
   1765.0000000000000      -0.26100000000000001       0.29199999999999998     
   1770.0000000000000      -0.25400000000000000       0.28199999999999997     
   1775.0000000000000      -0.24700000000000000       0.27400000000000002     
   1780.0000000000000      -0.24099999999999999       0.26700000000000002     
   1785.0000000000000      -0.23599999999999999       0.26100000000000001     
   1790.0000000000000      -0.23000000000000001       0.25700000000000001     
   1795.0000000000000      -0.22600000000000001       0.25300000000000000     
   1800.0000000000000      -0.22200000000000000       0.24900000000000000     
   1805.0000000000000      -0.21800000000000000       0.24700000000000000     
   1810.0000000000000      -0.21500000000000000       0.24399999999999999     
   1815.0000000000000      -0.21299999999999999       0.24199999999999999     
   1820.0000000000000      -0.21099999999999999       0.23999999999999999     
   1825.0000000000000      -0.20999999999999999       0.23799999999999999     
   1830.0000000000000      -0.20799999999999999       0.23599999999999999     
   1835.0000000000000      -0.20699999999999999       0.23400000000000001     
   1840.0000000000000      -0.20699999999999999       0.23200000000000001     
   1845.0000000000000      -0.20599999999999999       0.23000000000000001     
   1850.0000000000000      -0.20599999999999999       0.22800000000000001     
   1855.0000000000000      -0.20499999999999999       0.22500000000000001     
   1860.0000000000000      -0.20499999999999999       0.22300000000000000     
   1865.0000000000000      -0.20499999999999999       0.22000000000000000     
   1870.0000000000000      -0.20399999999999999       0.21800000000000000     
   1875.0000000000000      -0.20399999999999999       0.21500000000000000     
   1880.0000000000000      -0.20300000000000001       0.21299999999999999     
   1885.0000000000000      -0.20300000000000001       0.20999999999999999     
   1890.0000000000000      -0.20200000000000001       0.20799999999999999     
   1895.0000000000000      -0.20200000000000001       0.20499999999999999     
   1900.0000000000000      -0.20100000000000001       0.20200000000000001     
   1905.0000000000000      -0.20000000000000001       0.20000000000000001     
   1910.0000000000000      -0.19900000000000001       0.19700000000000001     
   1915.0000000000000      -0.19800000000000001       0.19400000000000001     
   1920.0000000000000      -0.19700000000000001       0.19200000000000000     
   1925.0000000000000      -0.19600000000000001       0.18900000000000000     
   1930.0000000000000      -0.19500000000000001       0.18700000000000000     
   1935.0000000000000      -0.19300000000000000       0.18500000000000000     
   1940.0000000000000      -0.19200000000000000       0.18200000000000000     
   1945.0000000000000      -0.19000000000000000       0.17999999999999999     
   1950.0000000000000      -0.18900000000000000       0.17799999999999999     
   1955.0000000000000      -0.18700000000000000       0.17599999999999999     
   1960.0000000000000      -0.18600000000000000       0.17399999999999999     
   1965.0000000000000      -0.18400000000000000       0.17199999999999999     
   1970.0000000000000      -0.18200000000000000       0.17000000000000001     
   1975.0000000000000      -0.17999999999999999       0.16800000000000001     
   1980.0000000000000      -0.17899999999999999       0.16700000000000001     
   1985.0000000000000      -0.17699999999999999       0.16500000000000001     
   1990.0000000000000      -0.17499999999999999       0.16400000000000001     
   1995.0000000000000      -0.17299999999999999       0.16200000000000001     
   2000.0000000000000      -0.17100000000000001       0.16100000000000000     
   2005.0000000000000      -0.16900000000000001       0.16000000000000000     
   2010.0000000000000      -0.16700000000000001       0.15900000000000000     
   2015.0000000000000      -0.16500000000000001       0.15800000000000000     
   2020.0000000000000      -0.16300000000000001       0.15700000000000000     
   2025.0000000000000      -0.16100000000000000       0.15600000000000000     
   2030.0000000000000      -0.15900000000000000       0.15500000000000000     
   2035.0000000000000      -0.15700000000000000       0.15400000000000000     
   2040.0000000000000      -0.15500000000000000       0.15300000000000000     
   2045.0000000000000      -0.15300000000000000       0.15300000000000000     
   2050.0000000000000      -0.15200000000000000       0.15200000000000000     
   2055.0000000000000      -0.14999999999999999       0.15200000000000000     
   2060.0000000000000      -0.14799999999999999       0.15100000000000000     
   2065.0000000000000      -0.14599999999999999       0.15100000000000000     
   2070.0000000000000      -0.14399999999999999       0.15100000000000000     
   2075.0000000000000      -0.14199999999999999       0.15100000000000000     
   2080.0000000000000      -0.14000000000000001       0.14999999999999999     
   2085.0000000000000      -0.13900000000000001       0.14999999999999999     
   2090.0000000000000      -0.13700000000000001       0.14999999999999999     
   2095.0000000000000      -0.13500000000000001       0.14999999999999999     
   2100.0000000000000      -0.13300000000000001       0.14999999999999999     
   2105.0000000000000      -0.13200000000000001       0.14999999999999999     
   2110.0000000000000      -0.13000000000000000       0.15100000000000000     
   2115.0000000000000      -0.12900000000000000       0.15100000000000000     
   2120.0000000000000      -0.12700000000000000       0.15100000000000000     
   2125.0000000000000      -0.12600000000000000       0.15100000000000000     
   2130.0000000000000      -0.12400000000000000       0.15200000000000000     
   2135.0000000000000      -0.12300000000000000       0.15200000000000000     
   2140.0000000000000      -0.12100000000000000       0.15200000000000000     
   2145.0000000000000      -0.12000000000000000       0.15300000000000000     
   2150.0000000000000      -0.11899999999999999       0.15300000000000000     
   2155.0000000000000      -0.11700000000000001       0.15400000000000000     
   2160.0000000000000      -0.11600000000000001       0.15400000000000000     
   2165.0000000000000      -0.11500000000000000       0.15500000000000000     
   2170.0000000000000      -0.11400000000000000       0.15500000000000000     
   2175.0000000000000      -0.11300000000000000       0.15600000000000000     
   2180.0000000000000      -0.11200000000000000       0.15700000000000000     
   2185.0000000000000      -0.11100000000000000       0.15700000000000000     
   2190.0000000000000      -0.11000000000000000       0.15800000000000000     
   2195.0000000000000      -0.10900000000000000       0.15900000000000000     
   2200.0000000000000      -0.10800000000000000       0.15900000000000000     
   2205.0000000000000      -0.10800000000000000       0.16000000000000000     
   2210.0000000000000      -0.10700000000000000       0.16100000000000000     
   2215.0000000000000      -0.10600000000000000       0.16200000000000001     
   2220.0000000000000      -0.10600000000000000       0.16200000000000001     
   2225.0000000000000      -0.10500000000000000       0.16300000000000001     
   2230.0000000000000      -0.10500000000000000       0.16400000000000001     
   2235.0000000000000      -0.10400000000000000       0.16500000000000001     
   2240.0000000000000      -0.10400000000000000       0.16500000000000001     
   2245.0000000000000      -0.10299999999999999       0.16600000000000001     
   2250.0000000000000      -0.10299999999999999       0.16700000000000001     
   2255.0000000000000      -0.10299999999999999       0.16800000000000001     
   2260.0000000000000      -0.10299999999999999       0.16900000000000001     
   2265.0000000000000      -0.10199999999999999       0.16900000000000001     
   2270.0000000000000      -0.10199999999999999       0.17000000000000001     
   2275.0000000000000      -0.10199999999999999       0.17100000000000001     
   2280.0000000000000      -0.10199999999999999       0.17199999999999999     
   2285.0000000000000      -0.10199999999999999       0.17299999999999999     
   2290.0000000000000      -0.10199999999999999       0.17299999999999999     
   2295.0000000000000      -0.10199999999999999       0.17399999999999999     
   2300.0000000000000      -0.10299999999999999       0.17499999999999999     
   2305.0000000000000      -0.10299999999999999       0.17599999999999999     
   2310.0000000000000      -0.10299999999999999       0.17599999999999999     
   2315.0000000000000      -0.10299999999999999       0.17699999999999999     
   2320.0000000000000      -0.10400000000000000       0.17799999999999999     
   2325.0000000000000      -0.10400000000000000       0.17899999999999999     
   2330.0000000000000      -0.10500000000000000       0.17899999999999999     
   2335.0000000000000      -0.10500000000000000       0.17999999999999999     
   2340.0000000000000      -0.10600000000000000       0.18099999999999999     
   2345.0000000000000      -0.10600000000000000       0.18200000000000000     
   2350.0000000000000      -0.10700000000000000       0.18200000000000000     
   2355.0000000000000      -0.10800000000000000       0.18300000000000000     
   2360.0000000000000      -0.10800000000000000       0.18400000000000000     
   2365.0000000000000      -0.10900000000000000       0.18400000000000000     
   2370.0000000000000      -0.11000000000000000       0.18500000000000000     
   2375.0000000000000      -0.11100000000000000       0.18500000000000000     
   2380.0000000000000      -0.11200000000000000       0.18600000000000000     
   2385.0000000000000      -0.11300000000000000       0.18700000000000000     
   2390.0000000000000      -0.11400000000000000       0.18700000000000000     
   2395.0000000000000      -0.11500000000000000       0.18800000000000000     
   2400.0000000000000      -0.11600000000000001       0.18900000000000000     
