   1080.0000000000000        0.0000000000000000        0.0000000000000000     
   1085.0000000000000        0.0000000000000000        0.0000000000000000     
   1090.0000000000000        0.0000000000000000        0.0000000000000000     
   1095.0000000000000        0.0000000000000000        0.0000000000000000     
   1100.0000000000000        0.0000000000000000        0.0000000000000000     
   1105.0000000000000        0.0000000000000000        0.0000000000000000     
   1110.0000000000000        0.0000000000000000        0.0000000000000000     
   1115.0000000000000        0.0000000000000000        0.0000000000000000     
   1120.0000000000000        0.0000000000000000        0.0000000000000000     
   1125.0000000000000        0.0000000000000000        0.0000000000000000     
   1130.0000000000000        0.0000000000000000        0.0000000000000000     
   1135.0000000000000        0.0000000000000000        0.0000000000000000     
   1140.0000000000000        0.0000000000000000        0.0000000000000000     
   1145.0000000000000        0.0000000000000000        0.0000000000000000     
   1150.0000000000000        0.0000000000000000        0.0000000000000000     
   1155.0000000000000        0.0000000000000000        0.0000000000000000     
   1160.0000000000000        0.0000000000000000        0.0000000000000000     
   1165.0000000000000        0.0000000000000000        0.0000000000000000     
   1170.0000000000000        0.0000000000000000        0.0000000000000000     
   1175.0000000000000        0.0000000000000000        0.0000000000000000     
   1180.0000000000000        0.0000000000000000        0.0000000000000000     
   1185.0000000000000        0.0000000000000000        0.0000000000000000     
   1190.0000000000000        0.0000000000000000        0.0000000000000000     
   1195.0000000000000        0.0000000000000000        0.0000000000000000     
   1200.0000000000000        0.0000000000000000        0.0000000000000000     
   1205.0000000000000        0.0000000000000000        0.0000000000000000     
   1210.0000000000000        0.0000000000000000        0.0000000000000000     
   1215.0000000000000        0.0000000000000000        0.0000000000000000     
   1220.0000000000000        0.0000000000000000        0.0000000000000000     
   1225.0000000000000        0.0000000000000000        0.0000000000000000     
   1230.0000000000000        0.0000000000000000        0.0000000000000000     
   1235.0000000000000        0.0000000000000000        0.0000000000000000     
   1240.0000000000000        0.0000000000000000        0.0000000000000000     
   1245.0000000000000        0.0000000000000000        0.0000000000000000     
   1250.0000000000000        0.0000000000000000        0.0000000000000000     
   1255.0000000000000        0.0000000000000000        0.0000000000000000     
   1260.0000000000000        0.0000000000000000        0.0000000000000000     
   1265.0000000000000        0.0000000000000000        0.0000000000000000     
   1270.0000000000000        1.0000000000000000E-003   0.0000000000000000     
   1275.0000000000000        1.0000000000000000E-003   0.0000000000000000     
   1280.0000000000000        1.0000000000000000E-003   0.0000000000000000     
   1285.0000000000000        1.0000000000000000E-003   0.0000000000000000     
   1290.0000000000000        1.0000000000000000E-003   0.0000000000000000     
   1295.0000000000000        1.0000000000000000E-003   0.0000000000000000     
   1300.0000000000000        1.0000000000000000E-003   0.0000000000000000     
   1305.0000000000000        1.0000000000000000E-003   0.0000000000000000     
   1310.0000000000000        1.0000000000000000E-003   0.0000000000000000     
   1315.0000000000000        1.0000000000000000E-003   0.0000000000000000     
   1320.0000000000000        1.0000000000000000E-003   0.0000000000000000     
   1325.0000000000000        1.0000000000000000E-003   0.0000000000000000     
   1330.0000000000000        1.0000000000000000E-003   0.0000000000000000     
   1335.0000000000000        1.0000000000000000E-003   0.0000000000000000     
   1340.0000000000000        1.0000000000000000E-003   0.0000000000000000     
   1345.0000000000000        2.0000000000000000E-003   0.0000000000000000     
   1350.0000000000000        2.0000000000000000E-003   0.0000000000000000     
   1355.0000000000000        2.0000000000000000E-003   0.0000000000000000     
   1360.0000000000000        2.0000000000000000E-003   0.0000000000000000     
   1365.0000000000000        2.0000000000000000E-003   0.0000000000000000     
   1370.0000000000000        2.0000000000000000E-003   0.0000000000000000     
   1375.0000000000000        2.0000000000000000E-003   0.0000000000000000     
   1380.0000000000000        2.0000000000000000E-003   0.0000000000000000     
   1385.0000000000000        2.0000000000000000E-003   0.0000000000000000     
   1390.0000000000000        2.0000000000000000E-003   0.0000000000000000     
   1395.0000000000000        3.0000000000000001E-003   0.0000000000000000     
   1400.0000000000000        3.0000000000000001E-003   0.0000000000000000     
   1405.0000000000000        3.0000000000000001E-003   0.0000000000000000     
   1410.0000000000000        3.0000000000000001E-003   0.0000000000000000     
   1415.0000000000000        3.0000000000000001E-003   0.0000000000000000     
   1420.0000000000000        3.0000000000000001E-003   0.0000000000000000     
   1425.0000000000000        3.0000000000000001E-003   0.0000000000000000     
   1430.0000000000000        3.0000000000000001E-003   0.0000000000000000     
   1435.0000000000000        4.0000000000000001E-003   0.0000000000000000     
   1440.0000000000000        4.0000000000000001E-003   0.0000000000000000     
   1445.0000000000000        4.0000000000000001E-003   0.0000000000000000     
   1450.0000000000000        4.0000000000000001E-003   0.0000000000000000     
   1455.0000000000000        4.0000000000000001E-003   0.0000000000000000     
   1460.0000000000000        4.0000000000000001E-003   0.0000000000000000     
   1465.0000000000000        4.0000000000000001E-003   0.0000000000000000     
   1470.0000000000000        5.0000000000000001E-003   0.0000000000000000     
   1475.0000000000000        5.0000000000000001E-003   0.0000000000000000     
   1480.0000000000000        5.0000000000000001E-003   0.0000000000000000     
   1485.0000000000000        5.0000000000000001E-003   0.0000000000000000     
   1490.0000000000000        5.0000000000000001E-003   0.0000000000000000     
   1495.0000000000000        5.0000000000000001E-003   0.0000000000000000     
   1500.0000000000000        6.0000000000000001E-003   0.0000000000000000     
   1505.0000000000000        6.0000000000000001E-003   0.0000000000000000     
   1510.0000000000000        6.0000000000000001E-003   0.0000000000000000     
   1515.0000000000000        6.0000000000000001E-003   0.0000000000000000     
   1520.0000000000000        6.0000000000000001E-003   0.0000000000000000     
   1525.0000000000000        7.0000000000000001E-003   0.0000000000000000     
   1530.0000000000000        7.0000000000000001E-003   0.0000000000000000     
   1535.0000000000000        7.0000000000000001E-003   0.0000000000000000     
   1540.0000000000000        7.0000000000000001E-003   0.0000000000000000     
   1545.0000000000000        7.0000000000000001E-003   0.0000000000000000     
   1550.0000000000000        8.0000000000000002E-003   0.0000000000000000     
   1555.0000000000000        8.0000000000000002E-003   0.0000000000000000     
   1560.0000000000000        8.0000000000000002E-003   0.0000000000000000     
   1565.0000000000000        8.0000000000000002E-003   0.0000000000000000     
   1570.0000000000000        8.0000000000000002E-003   0.0000000000000000     
   1575.0000000000000        8.9999999999999993E-003   0.0000000000000000     
   1580.0000000000000        8.9999999999999993E-003   0.0000000000000000     
   1585.0000000000000        8.9999999999999993E-003   0.0000000000000000     
   1590.0000000000000        8.9999999999999993E-003   0.0000000000000000     
   1595.0000000000000        1.0000000000000000E-002   0.0000000000000000     
   1600.0000000000000        1.0000000000000000E-002   0.0000000000000000     
   1605.0000000000000        1.0000000000000000E-002   1.0000000000000000E-003
   1610.0000000000000        1.0000000000000000E-002   1.0000000000000000E-003
   1615.0000000000000        1.0999999999999999E-002   1.0000000000000000E-003
   1620.0000000000000        1.0999999999999999E-002   1.0000000000000000E-003
   1625.0000000000000        1.0999999999999999E-002   1.0000000000000000E-003
   1630.0000000000000        1.0999999999999999E-002   1.0000000000000000E-003
   1635.0000000000000        1.2000000000000000E-002   1.0000000000000000E-003
   1640.0000000000000        1.2000000000000000E-002   1.0000000000000000E-003
   1645.0000000000000        1.2000000000000000E-002   1.0000000000000000E-003
   1650.0000000000000        1.2000000000000000E-002   1.0000000000000000E-003
   1655.0000000000000        1.2999999999999999E-002   1.0000000000000000E-003
   1660.0000000000000        1.2999999999999999E-002   1.0000000000000000E-003
   1665.0000000000000        1.2999999999999999E-002   1.0000000000000000E-003
   1670.0000000000000        1.4000000000000000E-002   1.0000000000000000E-003
   1675.0000000000000        1.4000000000000000E-002   1.0000000000000000E-003
   1680.0000000000000        1.4000000000000000E-002   1.0000000000000000E-003
   1685.0000000000000        1.4000000000000000E-002   1.0000000000000000E-003
   1690.0000000000000        1.4999999999999999E-002   1.0000000000000000E-003
   1695.0000000000000        1.4999999999999999E-002   1.0000000000000000E-003
   1700.0000000000000        1.4999999999999999E-002   1.0000000000000000E-003
   1705.0000000000000        1.6000000000000000E-002   2.0000000000000000E-003
   1710.0000000000000        1.6000000000000000E-002   2.0000000000000000E-003
   1715.0000000000000        1.6000000000000000E-002   2.0000000000000000E-003
   1720.0000000000000        1.7000000000000001E-002   2.0000000000000000E-003
   1725.0000000000000        1.7000000000000001E-002   2.0000000000000000E-003
   1730.0000000000000        1.7000000000000001E-002   2.0000000000000000E-003
   1735.0000000000000        1.7999999999999999E-002   2.0000000000000000E-003
   1740.0000000000000        1.7999999999999999E-002   2.0000000000000000E-003
   1745.0000000000000        1.7999999999999999E-002   2.0000000000000000E-003
   1750.0000000000000        1.9000000000000000E-002   2.0000000000000000E-003
   1755.0000000000000        1.9000000000000000E-002   2.0000000000000000E-003
   1760.0000000000000        1.9000000000000000E-002   3.0000000000000001E-003
   1765.0000000000000        2.0000000000000000E-002   3.0000000000000001E-003
   1770.0000000000000        2.0000000000000000E-002   3.0000000000000001E-003
   1775.0000000000000        2.1000000000000001E-002   3.0000000000000001E-003
   1780.0000000000000        2.1000000000000001E-002   3.0000000000000001E-003
   1785.0000000000000        2.1000000000000001E-002   3.0000000000000001E-003
   1790.0000000000000        2.1999999999999999E-002   3.0000000000000001E-003
   1795.0000000000000        2.1999999999999999E-002   4.0000000000000001E-003
   1800.0000000000000        2.1999999999999999E-002   4.0000000000000001E-003
   1805.0000000000000        2.3000000000000000E-002   4.0000000000000001E-003
   1810.0000000000000        2.3000000000000000E-002   4.0000000000000001E-003
   1815.0000000000000        2.4000000000000000E-002   4.0000000000000001E-003
   1820.0000000000000        2.4000000000000000E-002   5.0000000000000001E-003
   1825.0000000000000        2.5000000000000001E-002   5.0000000000000001E-003
   1830.0000000000000        2.5000000000000001E-002   5.0000000000000001E-003
   1835.0000000000000        2.5000000000000001E-002   5.0000000000000001E-003
   1840.0000000000000        2.5999999999999999E-002   5.0000000000000001E-003
   1845.0000000000000        2.5999999999999999E-002   6.0000000000000001E-003
   1850.0000000000000        2.7000000000000000E-002   6.0000000000000001E-003
   1855.0000000000000        2.7000000000000000E-002   6.0000000000000001E-003
   1860.0000000000000        2.8000000000000001E-002   6.0000000000000001E-003
   1865.0000000000000        2.8000000000000001E-002   7.0000000000000001E-003
   1870.0000000000000        2.9000000000000001E-002   7.0000000000000001E-003
   1875.0000000000000        2.9000000000000001E-002   7.0000000000000001E-003
   1880.0000000000000        2.9999999999999999E-002   8.0000000000000002E-003
   1885.0000000000000        2.9999999999999999E-002   8.0000000000000002E-003
   1890.0000000000000        3.1000000000000000E-002   8.0000000000000002E-003
   1895.0000000000000        3.1000000000000000E-002   8.9999999999999993E-003
   1900.0000000000000        3.2000000000000001E-002   8.9999999999999993E-003
   1905.0000000000000        3.2000000000000001E-002   8.9999999999999993E-003
   1910.0000000000000        3.3000000000000002E-002   1.0000000000000000E-002
   1915.0000000000000        3.3000000000000002E-002   1.0000000000000000E-002
   1920.0000000000000        3.4000000000000002E-002   1.0999999999999999E-002
   1925.0000000000000        3.4000000000000002E-002   1.0999999999999999E-002
   1930.0000000000000        3.5000000000000003E-002   1.2000000000000000E-002
   1935.0000000000000        3.5000000000000003E-002   1.2000000000000000E-002
   1940.0000000000000        3.5999999999999997E-002   1.2999999999999999E-002
   1945.0000000000000        3.5999999999999997E-002   1.2999999999999999E-002
   1950.0000000000000        3.6999999999999998E-002   1.4000000000000000E-002
   1955.0000000000000        3.6999999999999998E-002   1.4000000000000000E-002
   1960.0000000000000        3.7999999999999999E-002   1.4999999999999999E-002
   1965.0000000000000        3.7999999999999999E-002   1.6000000000000000E-002
   1970.0000000000000        3.9000000000000000E-002   1.6000000000000000E-002
   1975.0000000000000        3.9000000000000000E-002   1.7000000000000001E-002
   1980.0000000000000        4.0000000000000001E-002   1.7999999999999999E-002
   1985.0000000000000        4.1000000000000002E-002   1.9000000000000000E-002
   1990.0000000000000        4.1000000000000002E-002   1.9000000000000000E-002
   1995.0000000000000        4.2000000000000003E-002   2.0000000000000000E-002
   2000.0000000000000        4.2000000000000003E-002   2.1000000000000001E-002
   2005.0000000000000        4.2999999999999997E-002   2.1999999999999999E-002
   2010.0000000000000        4.2999999999999997E-002   2.3000000000000000E-002
   2015.0000000000000        4.3999999999999997E-002   2.4000000000000000E-002
   2020.0000000000000        4.3999999999999997E-002   2.5000000000000001E-002
   2025.0000000000000        4.3999999999999997E-002   2.5999999999999999E-002
   2030.0000000000000        4.4999999999999998E-002   2.7000000000000000E-002
   2035.0000000000000        4.4999999999999998E-002   2.8000000000000001E-002
   2040.0000000000000        4.5999999999999999E-002   2.9000000000000001E-002
   2045.0000000000000        4.5999999999999999E-002   2.9999999999999999E-002
   2050.0000000000000        4.5999999999999999E-002   3.1000000000000000E-002
   2055.0000000000000        4.7000000000000000E-002   3.3000000000000002E-002
   2060.0000000000000        4.7000000000000000E-002   3.4000000000000002E-002
   2065.0000000000000        4.7000000000000000E-002   3.5000000000000003E-002
   2070.0000000000000        4.8000000000000001E-002   3.6999999999999998E-002
   2075.0000000000000        4.8000000000000001E-002   3.7999999999999999E-002
   2080.0000000000000        4.8000000000000001E-002   4.0000000000000001E-002
   2085.0000000000000        4.8000000000000001E-002   4.1000000000000002E-002
   2090.0000000000000        4.8000000000000001E-002   4.2999999999999997E-002
   2095.0000000000000        4.8000000000000001E-002   4.3999999999999997E-002
   2100.0000000000000        4.8000000000000001E-002   4.5999999999999999E-002
   2105.0000000000000        4.8000000000000001E-002   4.7000000000000000E-002
   2110.0000000000000        4.8000000000000001E-002   4.9000000000000002E-002
   2115.0000000000000        4.7000000000000000E-002   5.0999999999999997E-002
   2120.0000000000000        4.7000000000000000E-002   5.2999999999999999E-002
   2125.0000000000000        4.7000000000000000E-002   5.3999999999999999E-002
   2130.0000000000000        4.5999999999999999E-002   5.6000000000000001E-002
   2135.0000000000000        4.5999999999999999E-002   5.8000000000000003E-002
   2140.0000000000000        4.4999999999999998E-002   5.9999999999999998E-002
   2145.0000000000000        4.3999999999999997E-002   6.0999999999999999E-002
   2150.0000000000000        4.3999999999999997E-002   6.3000000000000000E-002
   2155.0000000000000        4.2999999999999997E-002   6.5000000000000002E-002
   2160.0000000000000        4.2000000000000003E-002   6.7000000000000004E-002
   2165.0000000000000        4.1000000000000002E-002   6.8000000000000005E-002
   2170.0000000000000        3.9000000000000000E-002   7.0000000000000007E-002
   2175.0000000000000        3.7999999999999999E-002   7.1999999999999995E-002
   2180.0000000000000        3.6999999999999998E-002   7.3999999999999996E-002
   2185.0000000000000        3.5000000000000003E-002   7.4999999999999997E-002
   2190.0000000000000        3.4000000000000002E-002   7.6999999999999999E-002
   2195.0000000000000        3.2000000000000001E-002   7.8000000000000000E-002
   2200.0000000000000        2.9999999999999999E-002   8.0000000000000002E-002
   2205.0000000000000        2.9000000000000001E-002   8.1000000000000003E-002
   2210.0000000000000        2.7000000000000000E-002   8.2000000000000003E-002
   2215.0000000000000        2.5000000000000001E-002   8.3000000000000004E-002
   2220.0000000000000        2.3000000000000000E-002   8.4000000000000005E-002
   2225.0000000000000        2.1000000000000001E-002   8.5000000000000006E-002
   2230.0000000000000        1.9000000000000000E-002   8.5999999999999993E-002
   2235.0000000000000        1.7000000000000001E-002   8.6999999999999994E-002
   2240.0000000000000        1.4999999999999999E-002   8.7999999999999995E-002
   2245.0000000000000        1.2000000000000000E-002   8.8999999999999996E-002
   2250.0000000000000        1.0000000000000000E-002   8.8999999999999996E-002
   2255.0000000000000        8.0000000000000002E-003   8.9999999999999997E-002
   2260.0000000000000        6.0000000000000001E-003   8.9999999999999997E-002
   2265.0000000000000        4.0000000000000001E-003   8.9999999999999997E-002
   2270.0000000000000        1.0000000000000000E-003   8.9999999999999997E-002
   2275.0000000000000       -1.0000000000000000E-003   8.9999999999999997E-002
   2280.0000000000000       -3.0000000000000001E-003   8.9999999999999997E-002
   2285.0000000000000       -5.0000000000000001E-003   8.9999999999999997E-002
   2290.0000000000000       -7.0000000000000001E-003   8.9999999999999997E-002
   2295.0000000000000       -8.9999999999999993E-003   8.8999999999999996E-002
   2300.0000000000000       -1.0999999999999999E-002   8.8999999999999996E-002
   2305.0000000000000       -1.2999999999999999E-002   8.8999999999999996E-002
   2310.0000000000000       -1.4999999999999999E-002   8.7999999999999995E-002
   2315.0000000000000       -1.7000000000000001E-002   8.6999999999999994E-002
   2320.0000000000000       -1.9000000000000000E-002   8.6999999999999994E-002
   2325.0000000000000       -2.0000000000000000E-002   8.5999999999999993E-002
   2330.0000000000000       -2.1999999999999999E-002   8.5000000000000006E-002
   2335.0000000000000       -2.4000000000000000E-002   8.5000000000000006E-002
   2340.0000000000000       -2.5000000000000001E-002   8.4000000000000005E-002
   2345.0000000000000       -2.7000000000000000E-002   8.3000000000000004E-002
   2350.0000000000000       -2.8000000000000001E-002   8.2000000000000003E-002
   2355.0000000000000       -2.9999999999999999E-002   8.1000000000000003E-002
   2360.0000000000000       -3.1000000000000000E-002   8.0000000000000002E-002
   2365.0000000000000       -3.2000000000000001E-002   7.9000000000000001E-002
   2370.0000000000000       -3.3000000000000002E-002   7.8000000000000000E-002
   2375.0000000000000       -3.5000000000000003E-002   7.6999999999999999E-002
   2380.0000000000000       -3.5999999999999997E-002   7.5999999999999998E-002
   2385.0000000000000       -3.6999999999999998E-002   7.4999999999999997E-002
   2390.0000000000000       -3.7999999999999999E-002   7.3999999999999996E-002
   2395.0000000000000       -3.9000000000000000E-002   7.2999999999999995E-002
   2400.0000000000000       -4.0000000000000001E-002   7.1999999999999995E-002
