   1080.0000000000000        0.0000000000000000        0.0000000000000000     
   1085.0000000000000       -1.0000000000000000E-003   0.0000000000000000     
   1090.0000000000000       -3.0000000000000001E-003   0.0000000000000000     
   1095.0000000000000       -5.0000000000000001E-003   0.0000000000000000     
   1100.0000000000000       -7.0000000000000001E-003   0.0000000000000000     
   1105.0000000000000       -8.9999999999999993E-003   0.0000000000000000     
   1110.0000000000000       -1.0000000000000000E-002   0.0000000000000000     
   1115.0000000000000       -1.2000000000000000E-002   0.0000000000000000     
   1120.0000000000000       -1.4000000000000000E-002   0.0000000000000000     
   1125.0000000000000       -1.4999999999999999E-002   0.0000000000000000     
   1130.0000000000000       -1.6000000000000000E-002   0.0000000000000000     
   1135.0000000000000       -1.7000000000000001E-002   0.0000000000000000     
   1140.0000000000000       -1.7000000000000001E-002   0.0000000000000000     
   1145.0000000000000       -1.7999999999999999E-002   0.0000000000000000     
   1150.0000000000000       -1.7999999999999999E-002   0.0000000000000000     
   1155.0000000000000       -1.7999999999999999E-002   0.0000000000000000     
   1160.0000000000000       -1.7000000000000001E-002   0.0000000000000000     
   1165.0000000000000       -1.6000000000000000E-002   0.0000000000000000     
   1170.0000000000000       -1.4999999999999999E-002   0.0000000000000000     
   1175.0000000000000       -1.2999999999999999E-002   0.0000000000000000     
   1180.0000000000000       -1.0999999999999999E-002   0.0000000000000000     
   1185.0000000000000       -8.0000000000000002E-003   0.0000000000000000     
   1190.0000000000000       -5.0000000000000001E-003   0.0000000000000000     
   1195.0000000000000       -2.0000000000000000E-003   0.0000000000000000     
   1200.0000000000000        2.0000000000000000E-003   0.0000000000000000     
   1205.0000000000000        6.0000000000000001E-003   0.0000000000000000     
   1210.0000000000000        1.0999999999999999E-002   0.0000000000000000     
   1215.0000000000000        1.7000000000000001E-002   0.0000000000000000     
   1220.0000000000000        2.3000000000000000E-002   1.0000000000000000E-003
   1225.0000000000000        2.9000000000000001E-002   1.0000000000000000E-003
   1230.0000000000000        3.6999999999999998E-002   2.0000000000000000E-003
   1235.0000000000000        4.4999999999999998E-002   2.0000000000000000E-003
   1240.0000000000000        5.2999999999999999E-002   4.0000000000000001E-003
   1245.0000000000000        6.2000000000000000E-002   5.0000000000000001E-003
   1250.0000000000000        7.1999999999999995E-002   7.0000000000000001E-003
   1255.0000000000000        8.3000000000000004E-002   8.9999999999999993E-003
   1260.0000000000000        9.4000000000000000E-002   1.0999999999999999E-002
   1265.0000000000000       0.10600000000000000        1.4999999999999999E-002
   1270.0000000000000       0.11899999999999999        1.9000000000000000E-002
   1275.0000000000000       0.13300000000000001        2.3000000000000000E-002
   1280.0000000000000       0.14699999999999999        2.9000000000000001E-002
   1285.0000000000000       0.16200000000000001        3.5999999999999997E-002
   1290.0000000000000       0.17799999999999999        4.2999999999999997E-002
   1295.0000000000000       0.19400000000000001        5.1999999999999998E-002
   1300.0000000000000       0.21099999999999999        6.3000000000000000E-002
   1305.0000000000000       0.22800000000000001        7.4999999999999997E-002
   1310.0000000000000       0.24500000000000000        8.8999999999999996E-002
   1315.0000000000000       0.26200000000000001       0.10500000000000000     
   1320.0000000000000       0.27900000000000003       0.12300000000000000     
   1325.0000000000000       0.29499999999999998       0.14299999999999999     
   1330.0000000000000       0.31000000000000000       0.16600000000000001     
   1335.0000000000000       0.32400000000000001       0.19000000000000000     
   1340.0000000000000       0.33500000000000002       0.21600000000000000     
   1345.0000000000000       0.34499999999999997       0.24399999999999999     
   1350.0000000000000       0.35199999999999998       0.27400000000000002     
   1355.0000000000000       0.35599999999999998       0.30399999999999999     
   1360.0000000000000       0.35599999999999998       0.33500000000000002     
   1365.0000000000000       0.35399999999999998       0.36599999999999999     
   1370.0000000000000       0.34799999999999998       0.39500000000000002     
   1375.0000000000000       0.34000000000000002       0.42399999999999999     
   1380.0000000000000       0.32800000000000001       0.45100000000000001     
   1385.0000000000000       0.31500000000000000       0.47599999999999998     
   1390.0000000000000       0.29999999999999999       0.49800000000000000     
   1395.0000000000000       0.28299999999999997       0.51800000000000002     
   1400.0000000000000       0.26600000000000001       0.53600000000000003     
   1405.0000000000000       0.24800000000000000       0.55100000000000005     
   1410.0000000000000       0.23000000000000001       0.56399999999999995     
   1415.0000000000000       0.21199999999999999       0.57399999999999995     
   1420.0000000000000       0.19500000000000001       0.58299999999999996     
   1425.0000000000000       0.17799999999999999       0.58999999999999997     
   1430.0000000000000       0.16200000000000001       0.59499999999999997     
   1435.0000000000000       0.14699999999999999       0.59899999999999998     
   1440.0000000000000       0.13300000000000001       0.60199999999999998     
   1445.0000000000000       0.11899999999999999       0.60399999999999998     
   1450.0000000000000       0.10600000000000000       0.60499999999999998     
   1455.0000000000000        9.4000000000000000E-002  0.60599999999999998     
   1460.0000000000000        8.3000000000000004E-002  0.60599999999999998     
   1465.0000000000000        7.2999999999999995E-002  0.60499999999999998     
   1470.0000000000000        6.3000000000000000E-002  0.60399999999999998     
   1475.0000000000000        5.3999999999999999E-002  0.60299999999999998     
   1480.0000000000000        4.5999999999999999E-002  0.60099999999999998     
   1485.0000000000000        3.7999999999999999E-002  0.59899999999999998     
   1490.0000000000000        3.1000000000000000E-002  0.59699999999999998     
   1495.0000000000000        2.5000000000000001E-002  0.59499999999999997     
   1500.0000000000000        1.9000000000000000E-002  0.59199999999999997     
   1505.0000000000000        1.2999999999999999E-002  0.58999999999999997     
   1510.0000000000000        8.0000000000000002E-003  0.58699999999999997     
   1515.0000000000000        3.0000000000000001E-003  0.58499999999999996     
   1520.0000000000000       -1.0000000000000000E-003  0.58199999999999996     
   1525.0000000000000       -5.0000000000000001E-003  0.57999999999999996     
   1530.0000000000000       -8.9999999999999993E-003  0.57699999999999996     
   1535.0000000000000       -1.2999999999999999E-002  0.57499999999999996     
   1540.0000000000000       -1.6000000000000000E-002  0.57199999999999995     
   1545.0000000000000       -1.9000000000000000E-002  0.56899999999999995     
   1550.0000000000000       -2.1000000000000001E-002  0.56699999999999995     
   1555.0000000000000       -2.4000000000000000E-002  0.56399999999999995     
   1560.0000000000000       -2.5999999999999999E-002  0.56200000000000006     
   1565.0000000000000       -2.8000000000000001E-002  0.55900000000000005     
   1570.0000000000000       -2.9999999999999999E-002  0.55700000000000005     
   1575.0000000000000       -3.1000000000000000E-002  0.55400000000000005     
   1580.0000000000000       -3.3000000000000002E-002  0.55200000000000005     
   1585.0000000000000       -3.4000000000000002E-002  0.55000000000000004     
   1590.0000000000000       -3.5000000000000003E-002  0.54700000000000004     
   1595.0000000000000       -3.5999999999999997E-002  0.54500000000000004     
   1600.0000000000000       -3.6999999999999998E-002  0.54200000000000004     
   1605.0000000000000       -3.7999999999999999E-002  0.54000000000000004     
   1610.0000000000000       -3.7999999999999999E-002  0.53800000000000003     
   1615.0000000000000       -3.9000000000000000E-002  0.53600000000000003     
   1620.0000000000000       -3.9000000000000000E-002  0.53400000000000003     
   1625.0000000000000       -4.0000000000000001E-002  0.53100000000000003     
   1630.0000000000000       -4.0000000000000001E-002  0.52900000000000003     
   1635.0000000000000       -4.0000000000000001E-002  0.52700000000000002     
   1640.0000000000000       -4.0000000000000001E-002  0.52500000000000002     
   1645.0000000000000       -4.0000000000000001E-002  0.52300000000000002     
   1650.0000000000000       -4.0000000000000001E-002  0.52100000000000002     
   1655.0000000000000       -3.9000000000000000E-002  0.51900000000000002     
   1660.0000000000000       -3.9000000000000000E-002  0.51700000000000002     
   1665.0000000000000       -3.7999999999999999E-002  0.51500000000000001     
   1670.0000000000000       -3.7999999999999999E-002  0.51300000000000001     
   1675.0000000000000       -3.6999999999999998E-002  0.51200000000000001     
   1680.0000000000000       -3.6999999999999998E-002  0.51000000000000001     
   1685.0000000000000       -3.5999999999999997E-002  0.50800000000000001     
   1690.0000000000000       -3.5000000000000003E-002  0.50600000000000001     
   1695.0000000000000       -3.4000000000000002E-002  0.50500000000000000     
   1700.0000000000000       -3.3000000000000002E-002  0.50300000000000000     
   1705.0000000000000       -3.2000000000000001E-002  0.50200000000000000     
   1710.0000000000000       -3.1000000000000000E-002  0.50100000000000000     
   1715.0000000000000       -2.9999999999999999E-002  0.49900000000000000     
   1720.0000000000000       -2.8000000000000001E-002  0.49800000000000000     
   1725.0000000000000       -2.7000000000000000E-002  0.49700000000000000     
   1730.0000000000000       -2.5999999999999999E-002  0.49600000000000000     
   1735.0000000000000       -2.5000000000000001E-002  0.49500000000000000     
   1740.0000000000000       -2.3000000000000000E-002  0.49399999999999999     
   1745.0000000000000       -2.1999999999999999E-002  0.49299999999999999     
   1750.0000000000000       -2.0000000000000000E-002  0.49199999999999999     
   1755.0000000000000       -1.9000000000000000E-002  0.49099999999999999     
   1760.0000000000000       -1.7000000000000001E-002  0.48999999999999999     
   1765.0000000000000       -1.6000000000000000E-002  0.48999999999999999     
   1770.0000000000000       -1.4000000000000000E-002  0.48899999999999999     
   1775.0000000000000       -1.2999999999999999E-002  0.48899999999999999     
   1780.0000000000000       -1.0999999999999999E-002  0.48799999999999999     
   1785.0000000000000       -1.0000000000000000E-002  0.48799999999999999     
   1790.0000000000000       -8.0000000000000002E-003  0.48799999999999999     
   1795.0000000000000       -7.0000000000000001E-003  0.48699999999999999     
   1800.0000000000000       -5.0000000000000001E-003  0.48699999999999999     
   1805.0000000000000       -4.0000000000000001E-003  0.48699999999999999     
   1810.0000000000000       -2.0000000000000000E-003  0.48699999999999999     
   1815.0000000000000       -1.0000000000000000E-003  0.48699999999999999     
   1820.0000000000000        1.0000000000000000E-003  0.48699999999999999     
   1825.0000000000000        2.0000000000000000E-003  0.48799999999999999     
   1830.0000000000000        3.0000000000000001E-003  0.48799999999999999     
   1835.0000000000000        5.0000000000000001E-003  0.48799999999999999     
   1840.0000000000000        6.0000000000000001E-003  0.48799999999999999     
   1845.0000000000000        8.0000000000000002E-003  0.48899999999999999     
   1850.0000000000000        8.9999999999999993E-003  0.48899999999999999     
   1855.0000000000000        1.0000000000000000E-002  0.48999999999999999     
   1860.0000000000000        1.2000000000000000E-002  0.48999999999999999     
   1865.0000000000000        1.2999999999999999E-002  0.49099999999999999     
   1870.0000000000000        1.4000000000000000E-002  0.49199999999999999     
   1875.0000000000000        1.4999999999999999E-002  0.49199999999999999     
   1880.0000000000000        1.6000000000000000E-002  0.49299999999999999     
   1885.0000000000000        1.7999999999999999E-002  0.49399999999999999     
   1890.0000000000000        1.9000000000000000E-002  0.49500000000000000     
   1895.0000000000000        2.0000000000000000E-002  0.49500000000000000     
   1900.0000000000000        2.1000000000000001E-002  0.49600000000000000     
   1905.0000000000000        2.1999999999999999E-002  0.49700000000000000     
   1910.0000000000000        2.3000000000000000E-002  0.49800000000000000     
   1915.0000000000000        2.4000000000000000E-002  0.49900000000000000     
   1920.0000000000000        2.5000000000000001E-002  0.50000000000000000     
   1925.0000000000000        2.5000000000000001E-002  0.50100000000000000     
   1930.0000000000000        2.5999999999999999E-002  0.50200000000000000     
   1935.0000000000000        2.7000000000000000E-002  0.50300000000000000     
   1940.0000000000000        2.8000000000000001E-002  0.50400000000000000     
   1945.0000000000000        2.8000000000000001E-002  0.50600000000000001     
   1950.0000000000000        2.9000000000000001E-002  0.50700000000000001     
   1955.0000000000000        2.9999999999999999E-002  0.50800000000000001     
   1960.0000000000000        2.9999999999999999E-002  0.50900000000000001     
   1965.0000000000000        3.1000000000000000E-002  0.51000000000000001     
   1970.0000000000000        3.1000000000000000E-002  0.51200000000000001     
   1975.0000000000000        3.2000000000000001E-002  0.51300000000000001     
   1980.0000000000000        3.2000000000000001E-002  0.51400000000000001     
   1985.0000000000000        3.2000000000000001E-002  0.51500000000000001     
   1990.0000000000000        3.3000000000000002E-002  0.51600000000000001     
   1995.0000000000000        3.3000000000000002E-002  0.51800000000000002     
   2000.0000000000000        3.3000000000000002E-002  0.51900000000000002     
   2005.0000000000000        3.3000000000000002E-002  0.52000000000000002     
   2010.0000000000000        3.3000000000000002E-002  0.52100000000000002     
   2015.0000000000000        3.3000000000000002E-002  0.52300000000000002     
   2020.0000000000000        3.4000000000000002E-002  0.52400000000000002     
   2025.0000000000000        3.4000000000000002E-002  0.52500000000000002     
   2030.0000000000000        3.4000000000000002E-002  0.52600000000000002     
   2035.0000000000000        3.3000000000000002E-002  0.52800000000000002     
   2040.0000000000000        3.3000000000000002E-002  0.52900000000000003     
   2045.0000000000000        3.3000000000000002E-002  0.53000000000000003     
   2050.0000000000000        3.3000000000000002E-002  0.53100000000000003     
   2055.0000000000000        3.3000000000000002E-002  0.53200000000000003     
   2060.0000000000000        3.3000000000000002E-002  0.53400000000000003     
   2065.0000000000000        3.2000000000000001E-002  0.53500000000000003     
   2070.0000000000000        3.2000000000000001E-002  0.53600000000000003     
   2075.0000000000000        3.2000000000000001E-002  0.53700000000000003     
   2080.0000000000000        3.1000000000000000E-002  0.53800000000000003     
   2085.0000000000000        3.1000000000000000E-002  0.53900000000000003     
   2090.0000000000000        2.9999999999999999E-002  0.54100000000000004     
   2095.0000000000000        2.9999999999999999E-002  0.54200000000000004     
   2100.0000000000000        2.9000000000000001E-002  0.54300000000000004     
   2105.0000000000000        2.9000000000000001E-002  0.54400000000000004     
   2110.0000000000000        2.8000000000000001E-002  0.54500000000000004     
   2115.0000000000000        2.8000000000000001E-002  0.54600000000000004     
   2120.0000000000000        2.7000000000000000E-002  0.54700000000000004     
   2125.0000000000000        2.5999999999999999E-002  0.54800000000000004     
   2130.0000000000000        2.5999999999999999E-002  0.54900000000000004     
   2135.0000000000000        2.5000000000000001E-002  0.55000000000000004     
   2140.0000000000000        2.4000000000000000E-002  0.55100000000000005     
   2145.0000000000000        2.3000000000000000E-002  0.55200000000000005     
   2150.0000000000000        2.1999999999999999E-002  0.55300000000000005     
   2155.0000000000000        2.1999999999999999E-002  0.55300000000000005     
   2160.0000000000000        2.1000000000000001E-002  0.55400000000000005     
   2165.0000000000000        2.0000000000000000E-002  0.55500000000000005     
   2170.0000000000000        1.9000000000000000E-002  0.55600000000000005     
   2175.0000000000000        1.7999999999999999E-002  0.55700000000000005     
   2180.0000000000000        1.7000000000000001E-002  0.55800000000000005     
   2185.0000000000000        1.6000000000000000E-002  0.55800000000000005     
   2190.0000000000000        1.4999999999999999E-002  0.55900000000000005     
   2195.0000000000000        1.4000000000000000E-002  0.56000000000000005     
   2200.0000000000000        1.2999999999999999E-002  0.56100000000000005     
   2205.0000000000000        1.0999999999999999E-002  0.56100000000000005     
   2210.0000000000000        1.0000000000000000E-002  0.56200000000000006     
   2215.0000000000000        8.9999999999999993E-003  0.56299999999999994     
   2220.0000000000000        8.0000000000000002E-003  0.56299999999999994     
   2225.0000000000000        7.0000000000000001E-003  0.56399999999999995     
   2230.0000000000000        5.0000000000000001E-003  0.56499999999999995     
   2235.0000000000000        4.0000000000000001E-003  0.56499999999999995     
   2240.0000000000000        3.0000000000000001E-003  0.56599999999999995     
   2245.0000000000000        1.0000000000000000E-003  0.56599999999999995     
   2250.0000000000000        0.0000000000000000       0.56699999999999995     
   2255.0000000000000       -1.0000000000000000E-003  0.56799999999999995     
   2260.0000000000000       -3.0000000000000001E-003  0.56799999999999995     
   2265.0000000000000       -4.0000000000000001E-003  0.56899999999999995     
   2270.0000000000000       -6.0000000000000001E-003  0.56899999999999995     
   2275.0000000000000       -7.0000000000000001E-003  0.56999999999999995     
   2280.0000000000000       -8.9999999999999993E-003  0.56999999999999995     
   2285.0000000000000       -1.0000000000000000E-002  0.57099999999999995     
   2290.0000000000000       -1.2000000000000000E-002  0.57099999999999995     
   2295.0000000000000       -1.2999999999999999E-002  0.57199999999999995     
   2300.0000000000000       -1.4999999999999999E-002  0.57199999999999995     
   2305.0000000000000       -1.6000000000000000E-002  0.57299999999999995     
   2310.0000000000000       -1.7999999999999999E-002  0.57299999999999995     
   2315.0000000000000       -2.0000000000000000E-002  0.57299999999999995     
   2320.0000000000000       -2.1999999999999999E-002  0.57399999999999995     
   2325.0000000000000       -2.3000000000000000E-002  0.57399999999999995     
   2330.0000000000000       -2.5000000000000001E-002  0.57499999999999996     
   2335.0000000000000       -2.7000000000000000E-002  0.57499999999999996     
   2340.0000000000000       -2.9000000000000001E-002  0.57599999999999996     
   2345.0000000000000       -2.9999999999999999E-002  0.57599999999999996     
   2350.0000000000000       -3.2000000000000001E-002  0.57599999999999996     
   2355.0000000000000       -3.4000000000000002E-002  0.57699999999999996     
   2360.0000000000000       -3.5999999999999997E-002  0.57699999999999996     
   2365.0000000000000       -3.7999999999999999E-002  0.57799999999999996     
   2370.0000000000000       -4.0000000000000001E-002  0.57799999999999996     
   2375.0000000000000       -4.2000000000000003E-002  0.57899999999999996     
   2380.0000000000000       -4.3999999999999997E-002  0.57899999999999996     
   2385.0000000000000       -4.5999999999999999E-002  0.57999999999999996     
   2390.0000000000000       -4.8000000000000001E-002  0.57999999999999996     
   2395.0000000000000       -5.0000000000000003E-002  0.58099999999999996     
   2400.0000000000000       -5.1999999999999998E-002  0.58099999999999996     
