   1080.0000000000000        0.0000000000000000        0.0000000000000000     
   1085.0000000000000       -1.0000000000000000E-003   0.0000000000000000     
   1090.0000000000000       -1.0000000000000000E-003   0.0000000000000000     
   1095.0000000000000       -2.0000000000000000E-003   0.0000000000000000     
   1100.0000000000000       -3.0000000000000001E-003   0.0000000000000000     
   1105.0000000000000       -4.0000000000000001E-003   0.0000000000000000     
   1110.0000000000000       -6.0000000000000001E-003   0.0000000000000000     
   1115.0000000000000       -7.0000000000000001E-003   0.0000000000000000     
   1120.0000000000000       -8.0000000000000002E-003   0.0000000000000000     
   1125.0000000000000       -8.9999999999999993E-003   0.0000000000000000     
   1130.0000000000000       -1.0999999999999999E-002   0.0000000000000000     
   1135.0000000000000       -1.2000000000000000E-002   0.0000000000000000     
   1140.0000000000000       -1.4000000000000000E-002   0.0000000000000000     
   1145.0000000000000       -1.4999999999999999E-002   0.0000000000000000     
   1150.0000000000000       -1.7000000000000001E-002   0.0000000000000000     
   1155.0000000000000       -1.7999999999999999E-002   0.0000000000000000     
   1160.0000000000000       -2.0000000000000000E-002   0.0000000000000000     
   1165.0000000000000       -2.1000000000000001E-002   0.0000000000000000     
   1170.0000000000000       -2.3000000000000000E-002   1.0000000000000000E-003
   1175.0000000000000       -2.4000000000000000E-002   1.0000000000000000E-003
   1180.0000000000000       -2.5999999999999999E-002   1.0000000000000000E-003
   1185.0000000000000       -2.8000000000000001E-002   1.0000000000000000E-003
   1190.0000000000000       -2.9000000000000001E-002   1.0000000000000000E-003
   1195.0000000000000       -3.1000000000000000E-002   1.0000000000000000E-003
   1200.0000000000000       -3.2000000000000001E-002   1.0000000000000000E-003
   1205.0000000000000       -3.4000000000000002E-002   1.0000000000000000E-003
   1210.0000000000000       -3.5000000000000003E-002   1.0000000000000000E-003
   1215.0000000000000       -3.6999999999999998E-002   1.0000000000000000E-003
   1220.0000000000000       -3.9000000000000000E-002   1.0000000000000000E-003
   1225.0000000000000       -4.0000000000000001E-002   2.0000000000000000E-003
   1230.0000000000000       -4.2000000000000003E-002   2.0000000000000000E-003
   1235.0000000000000       -4.2999999999999997E-002   2.0000000000000000E-003
   1240.0000000000000       -4.4999999999999998E-002   2.0000000000000000E-003
   1245.0000000000000       -4.5999999999999999E-002   2.0000000000000000E-003
   1250.0000000000000       -4.8000000000000001E-002   2.0000000000000000E-003
   1255.0000000000000       -4.9000000000000002E-002   2.0000000000000000E-003
   1260.0000000000000       -5.0999999999999997E-002   3.0000000000000001E-003
   1265.0000000000000       -5.1999999999999998E-002   3.0000000000000001E-003
   1270.0000000000000       -5.3999999999999999E-002   3.0000000000000001E-003
   1275.0000000000000       -5.5000000000000000E-002   3.0000000000000001E-003
   1280.0000000000000       -5.6000000000000001E-002   3.0000000000000001E-003
   1285.0000000000000       -5.8000000000000003E-002   3.0000000000000001E-003
   1290.0000000000000       -5.8999999999999997E-002   4.0000000000000001E-003
   1295.0000000000000       -5.9999999999999998E-002   4.0000000000000001E-003
   1300.0000000000000       -6.2000000000000000E-002   4.0000000000000001E-003
   1305.0000000000000       -6.3000000000000000E-002   4.0000000000000001E-003
   1310.0000000000000       -6.4000000000000001E-002   4.0000000000000001E-003
   1315.0000000000000       -6.6000000000000003E-002   5.0000000000000001E-003
   1320.0000000000000       -6.7000000000000004E-002   5.0000000000000001E-003
   1325.0000000000000       -6.8000000000000005E-002   5.0000000000000001E-003
   1330.0000000000000       -6.9000000000000006E-002   5.0000000000000001E-003
   1335.0000000000000       -7.0000000000000007E-002   5.0000000000000001E-003
   1340.0000000000000       -7.0999999999999994E-002   6.0000000000000001E-003
   1345.0000000000000       -7.1999999999999995E-002   6.0000000000000001E-003
   1350.0000000000000       -7.2999999999999995E-002   6.0000000000000001E-003
   1355.0000000000000       -7.3999999999999996E-002   6.0000000000000001E-003
   1360.0000000000000       -7.4999999999999997E-002   6.0000000000000001E-003
   1365.0000000000000       -7.5999999999999998E-002   7.0000000000000001E-003
   1370.0000000000000       -7.6999999999999999E-002   7.0000000000000001E-003
   1375.0000000000000       -7.8000000000000000E-002   7.0000000000000001E-003
   1380.0000000000000       -7.9000000000000001E-002   7.0000000000000001E-003
   1385.0000000000000       -7.9000000000000001E-002   8.0000000000000002E-003
   1390.0000000000000       -8.0000000000000002E-002   8.0000000000000002E-003
   1395.0000000000000       -8.1000000000000003E-002   8.0000000000000002E-003
   1400.0000000000000       -8.1000000000000003E-002   8.0000000000000002E-003
   1405.0000000000000       -8.2000000000000003E-002   8.9999999999999993E-003
   1410.0000000000000       -8.2000000000000003E-002   8.9999999999999993E-003
   1415.0000000000000       -8.3000000000000004E-002   8.9999999999999993E-003
   1420.0000000000000       -8.3000000000000004E-002   8.9999999999999993E-003
   1425.0000000000000       -8.3000000000000004E-002   1.0000000000000000E-002
   1430.0000000000000       -8.3000000000000004E-002   1.0000000000000000E-002
   1435.0000000000000       -8.4000000000000005E-002   1.0000000000000000E-002
   1440.0000000000000       -8.4000000000000005E-002   1.0999999999999999E-002
   1445.0000000000000       -8.4000000000000005E-002   1.0999999999999999E-002
   1450.0000000000000       -8.4000000000000005E-002   1.0999999999999999E-002
   1455.0000000000000       -8.3000000000000004E-002   1.2000000000000000E-002
   1460.0000000000000       -8.3000000000000004E-002   1.2000000000000000E-002
   1465.0000000000000       -8.3000000000000004E-002   1.2000000000000000E-002
   1470.0000000000000       -8.2000000000000003E-002   1.2999999999999999E-002
   1475.0000000000000       -8.2000000000000003E-002   1.2999999999999999E-002
   1480.0000000000000       -8.1000000000000003E-002   1.4000000000000000E-002
   1485.0000000000000       -8.1000000000000003E-002   1.4000000000000000E-002
   1490.0000000000000       -8.0000000000000002E-002   1.4999999999999999E-002
   1495.0000000000000       -7.9000000000000001E-002   1.6000000000000000E-002
   1500.0000000000000       -7.8000000000000000E-002   1.7000000000000001E-002
   1505.0000000000000       -7.6999999999999999E-002   1.7000000000000001E-002
   1510.0000000000000       -7.5999999999999998E-002   1.7999999999999999E-002
   1515.0000000000000       -7.4999999999999997E-002   1.9000000000000000E-002
   1520.0000000000000       -7.2999999999999995E-002   2.0000000000000000E-002
   1525.0000000000000       -7.1999999999999995E-002   2.1000000000000001E-002
   1530.0000000000000       -7.0999999999999994E-002   2.1999999999999999E-002
   1535.0000000000000       -6.9000000000000006E-002   2.4000000000000000E-002
   1540.0000000000000       -6.7000000000000004E-002   2.5000000000000001E-002
   1545.0000000000000       -6.5000000000000002E-002   2.7000000000000000E-002
   1550.0000000000000       -6.4000000000000001E-002   2.9000000000000001E-002
   1555.0000000000000       -6.2000000000000000E-002   2.9999999999999999E-002
   1560.0000000000000       -5.9999999999999998E-002   3.2000000000000001E-002
   1565.0000000000000       -5.8000000000000003E-002   3.5000000000000003E-002
   1570.0000000000000       -5.6000000000000001E-002   3.6999999999999998E-002
   1575.0000000000000       -5.2999999999999999E-002   4.0000000000000001E-002
   1580.0000000000000       -5.0999999999999997E-002   4.2000000000000003E-002
   1585.0000000000000       -4.9000000000000002E-002   4.4999999999999998E-002
   1590.0000000000000       -4.7000000000000000E-002   4.8000000000000001E-002
   1595.0000000000000       -4.4999999999999998E-002   5.1999999999999998E-002
   1600.0000000000000       -4.2999999999999997E-002   5.5000000000000000E-002
   1605.0000000000000       -4.1000000000000002E-002   5.8999999999999997E-002
   1610.0000000000000       -3.9000000000000000E-002   6.3000000000000000E-002
   1615.0000000000000       -3.6999999999999998E-002   6.8000000000000005E-002
   1620.0000000000000       -3.5000000000000003E-002   7.1999999999999995E-002
   1625.0000000000000       -3.4000000000000002E-002   7.6999999999999999E-002
   1630.0000000000000       -3.3000000000000002E-002   8.1000000000000003E-002
   1635.0000000000000       -3.2000000000000001E-002   8.5999999999999993E-002
   1640.0000000000000       -3.1000000000000000E-002   9.0999999999999998E-002
   1645.0000000000000       -2.9999999999999999E-002   9.7000000000000003E-002
   1650.0000000000000       -2.9999999999999999E-002  0.10199999999999999     
   1655.0000000000000       -2.9999999999999999E-002  0.10700000000000000     
   1660.0000000000000       -2.9999999999999999E-002  0.11200000000000000     
   1665.0000000000000       -2.9999999999999999E-002  0.11799999999999999     
   1670.0000000000000       -3.1000000000000000E-002  0.12300000000000000     
   1675.0000000000000       -3.2000000000000001E-002  0.12800000000000000     
   1680.0000000000000       -3.3000000000000002E-002  0.13400000000000001     
   1685.0000000000000       -3.4000000000000002E-002  0.13900000000000001     
   1690.0000000000000       -3.5999999999999997E-002  0.14399999999999999     
   1695.0000000000000       -3.7999999999999999E-002  0.14899999999999999     
   1700.0000000000000       -4.0000000000000001E-002  0.15300000000000000     
   1705.0000000000000       -4.2000000000000003E-002  0.15800000000000000     
   1710.0000000000000       -4.4999999999999998E-002  0.16200000000000001     
   1715.0000000000000       -4.7000000000000000E-002  0.16600000000000001     
   1720.0000000000000       -5.0000000000000003E-002  0.17000000000000001     
   1725.0000000000000       -5.1999999999999998E-002  0.17399999999999999     
   1730.0000000000000       -5.5000000000000000E-002  0.17699999999999999     
   1735.0000000000000       -5.8000000000000003E-002  0.18099999999999999     
   1740.0000000000000       -6.0999999999999999E-002  0.18400000000000000     
   1745.0000000000000       -6.4000000000000001E-002  0.18700000000000000     
   1750.0000000000000       -6.6000000000000003E-002  0.18900000000000000     
   1755.0000000000000       -6.9000000000000006E-002  0.19200000000000000     
   1760.0000000000000       -7.1999999999999995E-002  0.19400000000000001     
   1765.0000000000000       -7.4999999999999997E-002  0.19600000000000001     
   1770.0000000000000       -7.6999999999999999E-002  0.19800000000000001     
   1775.0000000000000       -8.0000000000000002E-002  0.20000000000000001     
   1780.0000000000000       -8.3000000000000004E-002  0.20200000000000001     
   1785.0000000000000       -8.5000000000000006E-002  0.20399999999999999     
   1790.0000000000000       -8.6999999999999994E-002  0.20499999999999999     
   1795.0000000000000       -8.9999999999999997E-002  0.20699999999999999     
   1800.0000000000000       -9.1999999999999998E-002  0.20799999999999999     
   1805.0000000000000       -9.4000000000000000E-002  0.20899999999999999     
   1810.0000000000000       -9.6000000000000002E-002  0.20999999999999999     
   1815.0000000000000       -9.8000000000000004E-002  0.21099999999999999     
   1820.0000000000000      -0.10000000000000001       0.21199999999999999     
   1825.0000000000000      -0.10199999999999999       0.21299999999999999     
   1830.0000000000000      -0.10400000000000000       0.21400000000000000     
   1835.0000000000000      -0.10500000000000000       0.21500000000000000     
   1840.0000000000000      -0.10700000000000000       0.21600000000000000     
   1845.0000000000000      -0.10900000000000000       0.21700000000000000     
   1850.0000000000000      -0.11000000000000000       0.21700000000000000     
   1855.0000000000000      -0.11100000000000000       0.21800000000000000     
   1860.0000000000000      -0.11300000000000000       0.21900000000000000     
   1865.0000000000000      -0.11400000000000000       0.22000000000000000     
   1870.0000000000000      -0.11500000000000000       0.22000000000000000     
   1875.0000000000000      -0.11600000000000001       0.22100000000000000     
   1880.0000000000000      -0.11799999999999999       0.22200000000000000     
   1885.0000000000000      -0.11899999999999999       0.22200000000000000     
   1890.0000000000000      -0.12000000000000000       0.22300000000000000     
   1895.0000000000000      -0.12100000000000000       0.22300000000000000     
   1900.0000000000000      -0.12100000000000000       0.22400000000000000     
   1905.0000000000000      -0.12200000000000000       0.22500000000000001     
   1910.0000000000000      -0.12300000000000000       0.22500000000000001     
   1915.0000000000000      -0.12400000000000000       0.22600000000000001     
   1920.0000000000000      -0.12500000000000000       0.22600000000000001     
   1925.0000000000000      -0.12600000000000000       0.22700000000000001     
   1930.0000000000000      -0.12600000000000000       0.22800000000000001     
   1935.0000000000000      -0.12700000000000000       0.22800000000000001     
   1940.0000000000000      -0.12800000000000000       0.22900000000000001     
   1945.0000000000000      -0.12800000000000000       0.22900000000000001     
   1950.0000000000000      -0.12900000000000000       0.23000000000000001     
   1955.0000000000000      -0.12900000000000000       0.23100000000000001     
   1960.0000000000000      -0.13000000000000000       0.23100000000000001     
   1965.0000000000000      -0.13100000000000001       0.23200000000000001     
   1970.0000000000000      -0.13100000000000001       0.23300000000000001     
   1975.0000000000000      -0.13200000000000001       0.23300000000000001     
   1980.0000000000000      -0.13200000000000001       0.23400000000000001     
   1985.0000000000000      -0.13300000000000001       0.23400000000000001     
   1990.0000000000000      -0.13300000000000001       0.23499999999999999     
   1995.0000000000000      -0.13400000000000001       0.23599999999999999     
   2000.0000000000000      -0.13400000000000001       0.23599999999999999     
   2005.0000000000000      -0.13500000000000001       0.23699999999999999     
   2010.0000000000000      -0.13500000000000001       0.23799999999999999     
   2015.0000000000000      -0.13500000000000001       0.23799999999999999     
   2020.0000000000000      -0.13600000000000001       0.23899999999999999     
   2025.0000000000000      -0.13600000000000001       0.23999999999999999     
   2030.0000000000000      -0.13700000000000001       0.23999999999999999     
   2035.0000000000000      -0.13700000000000001       0.24099999999999999     
   2040.0000000000000      -0.13800000000000001       0.24199999999999999     
   2045.0000000000000      -0.13800000000000001       0.24199999999999999     
   2050.0000000000000      -0.13900000000000001       0.24299999999999999     
   2055.0000000000000      -0.13900000000000001       0.24399999999999999     
   2060.0000000000000      -0.13900000000000001       0.24500000000000000     
   2065.0000000000000      -0.14000000000000001       0.24500000000000000     
   2070.0000000000000      -0.14000000000000001       0.24600000000000000     
   2075.0000000000000      -0.14099999999999999       0.24700000000000000     
   2080.0000000000000      -0.14099999999999999       0.24700000000000000     
   2085.0000000000000      -0.14199999999999999       0.24800000000000000     
   2090.0000000000000      -0.14199999999999999       0.24900000000000000     
   2095.0000000000000      -0.14299999999999999       0.24900000000000000     
   2100.0000000000000      -0.14299999999999999       0.25000000000000000     
   2105.0000000000000      -0.14399999999999999       0.25100000000000000     
   2110.0000000000000      -0.14399999999999999       0.25200000000000000     
   2115.0000000000000      -0.14499999999999999       0.25200000000000000     
   2120.0000000000000      -0.14499999999999999       0.25300000000000000     
   2125.0000000000000      -0.14599999999999999       0.25400000000000000     
   2130.0000000000000      -0.14599999999999999       0.25400000000000000     
   2135.0000000000000      -0.14699999999999999       0.25500000000000000     
   2140.0000000000000      -0.14699999999999999       0.25600000000000001     
   2145.0000000000000      -0.14799999999999999       0.25700000000000001     
   2150.0000000000000      -0.14799999999999999       0.25700000000000001     
   2155.0000000000000      -0.14899999999999999       0.25800000000000001     
   2160.0000000000000      -0.14999999999999999       0.25900000000000001     
   2165.0000000000000      -0.14999999999999999       0.26000000000000001     
   2170.0000000000000      -0.15100000000000000       0.26000000000000001     
   2175.0000000000000      -0.15100000000000000       0.26100000000000001     
   2180.0000000000000      -0.15200000000000000       0.26200000000000001     
   2185.0000000000000      -0.15300000000000000       0.26300000000000001     
   2190.0000000000000      -0.15300000000000000       0.26300000000000001     
   2195.0000000000000      -0.15400000000000000       0.26400000000000001     
   2200.0000000000000      -0.15500000000000000       0.26500000000000001     
   2205.0000000000000      -0.15500000000000000       0.26600000000000001     
   2210.0000000000000      -0.15600000000000000       0.26600000000000001     
   2215.0000000000000      -0.15700000000000000       0.26700000000000002     
   2220.0000000000000      -0.15800000000000000       0.26800000000000002     
   2225.0000000000000      -0.15800000000000000       0.26900000000000002     
   2230.0000000000000      -0.15900000000000000       0.26900000000000002     
   2235.0000000000000      -0.16000000000000000       0.27000000000000002     
   2240.0000000000000      -0.16100000000000000       0.27100000000000002     
   2245.0000000000000      -0.16100000000000000       0.27200000000000002     
   2250.0000000000000      -0.16200000000000001       0.27300000000000002     
   2255.0000000000000      -0.16300000000000001       0.27300000000000002     
   2260.0000000000000      -0.16400000000000001       0.27400000000000002     
   2265.0000000000000      -0.16500000000000001       0.27500000000000002     
   2270.0000000000000      -0.16600000000000001       0.27600000000000002     
   2275.0000000000000      -0.16700000000000001       0.27600000000000002     
   2280.0000000000000      -0.16700000000000001       0.27700000000000002     
   2285.0000000000000      -0.16800000000000001       0.27800000000000002     
   2290.0000000000000      -0.16900000000000001       0.27900000000000003     
   2295.0000000000000      -0.17000000000000001       0.28000000000000003     
   2300.0000000000000      -0.17100000000000001       0.28100000000000003     
   2305.0000000000000      -0.17199999999999999       0.28100000000000003     
   2310.0000000000000      -0.17299999999999999       0.28199999999999997     
   2315.0000000000000      -0.17399999999999999       0.28299999999999997     
   2320.0000000000000      -0.17499999999999999       0.28399999999999997     
   2325.0000000000000      -0.17599999999999999       0.28499999999999998     
   2330.0000000000000      -0.17699999999999999       0.28599999999999998     
   2335.0000000000000      -0.17799999999999999       0.28699999999999998     
   2340.0000000000000      -0.17899999999999999       0.28699999999999998     
   2345.0000000000000      -0.18099999999999999       0.28799999999999998     
   2350.0000000000000      -0.18200000000000000       0.28899999999999998     
   2355.0000000000000      -0.18300000000000000       0.28999999999999998     
   2360.0000000000000      -0.18400000000000000       0.29099999999999998     
   2365.0000000000000      -0.18500000000000000       0.29199999999999998     
   2370.0000000000000      -0.18600000000000000       0.29299999999999998     
   2375.0000000000000      -0.18700000000000000       0.29399999999999998     
   2380.0000000000000      -0.18900000000000000       0.29499999999999998     
   2385.0000000000000      -0.19000000000000000       0.29599999999999999     
   2390.0000000000000      -0.19100000000000000       0.29699999999999999     
   2395.0000000000000      -0.19200000000000000       0.29799999999999999     
   2400.0000000000000      -0.19400000000000001       0.29899999999999999     
