   1080.0000000000000        1.0000000000000000E-003   0.0000000000000000     
   1085.0000000000000        6.0000000000000001E-003   0.0000000000000000     
   1090.0000000000000        1.2999999999999999E-002   0.0000000000000000     
   1095.0000000000000        2.1999999999999999E-002   0.0000000000000000     
   1100.0000000000000        3.3000000000000002E-002   1.0000000000000000E-003
   1105.0000000000000        4.7000000000000000E-002   2.0000000000000000E-003
   1110.0000000000000        6.2000000000000000E-002   4.0000000000000001E-003
   1115.0000000000000        7.9000000000000001E-002   6.0000000000000001E-003
   1120.0000000000000        9.8000000000000004E-002   1.0000000000000000E-002
   1125.0000000000000       0.11899999999999999        1.4000000000000000E-002
   1130.0000000000000       0.14299999999999999        2.1000000000000001E-002
   1135.0000000000000       0.16800000000000001        2.9000000000000001E-002
   1140.0000000000000       0.19700000000000001        4.0000000000000001E-002
   1145.0000000000000       0.22700000000000001        5.5000000000000000E-002
   1150.0000000000000       0.26000000000000001        7.2999999999999995E-002
   1155.0000000000000       0.29399999999999998        9.6000000000000002E-002
   1160.0000000000000       0.33000000000000002       0.12500000000000000     
   1165.0000000000000       0.36699999999999999       0.16100000000000000     
   1170.0000000000000       0.40300000000000002       0.20399999999999999     
   1175.0000000000000       0.43700000000000000       0.25700000000000001     
   1180.0000000000000       0.46700000000000003       0.32000000000000001     
   1185.0000000000000       0.48799999999999999       0.39300000000000002     
   1190.0000000000000       0.49900000000000000       0.47399999999999998     
   1195.0000000000000       0.49600000000000000       0.56299999999999994     
   1200.0000000000000       0.47599999999999998       0.65400000000000003     
   1205.0000000000000       0.43600000000000000       0.74399999999999999     
   1210.0000000000000       0.37900000000000000       0.82599999999999996     
   1215.0000000000000       0.30499999999999999       0.89600000000000002     
   1220.0000000000000       0.22000000000000000       0.94899999999999995     
   1225.0000000000000       0.12900000000000000       0.98299999999999998     
   1230.0000000000000        3.6999999999999998E-002  0.99800000000000000     
   1235.0000000000000       -5.0000000000000003E-002  0.99700000000000000     
   1240.0000000000000      -0.13000000000000000       0.98199999999999998     
   1245.0000000000000      -0.20000000000000001       0.95699999999999996     
   1250.0000000000000      -0.26100000000000001       0.92500000000000004     
   1255.0000000000000      -0.31300000000000000       0.88900000000000001     
   1260.0000000000000      -0.35499999999999998       0.84999999999999998     
   1265.0000000000000      -0.39000000000000001       0.81100000000000005     
   1270.0000000000000      -0.41799999999999998       0.77200000000000002     
   1275.0000000000000      -0.44000000000000000       0.73399999999999999     
   1280.0000000000000      -0.45800000000000002       0.69799999999999995     
   1285.0000000000000      -0.47099999999999997       0.66300000000000003     
   1290.0000000000000      -0.48099999999999998       0.63000000000000000     
   1295.0000000000000      -0.48899999999999999       0.59899999999999998     
   1300.0000000000000      -0.49399999999999999       0.56999999999999995     
   1305.0000000000000      -0.49700000000000000       0.54300000000000004     
   1310.0000000000000      -0.49900000000000000       0.51700000000000002     
   1315.0000000000000      -0.49900000000000000       0.49299999999999999     
   1320.0000000000000      -0.49800000000000000       0.46999999999999997     
   1325.0000000000000      -0.49600000000000000       0.44800000000000001     
   1330.0000000000000      -0.49399999999999999       0.42799999999999999     
   1335.0000000000000      -0.49099999999999999       0.40899999999999997     
   1340.0000000000000      -0.48699999999999999       0.39100000000000001     
   1345.0000000000000      -0.48299999999999998       0.37300000000000000     
   1350.0000000000000      -0.47899999999999998       0.35699999999999998     
   1355.0000000000000      -0.47399999999999998       0.34100000000000003     
   1360.0000000000000      -0.46899999999999997       0.32600000000000001     
   1365.0000000000000      -0.46300000000000002       0.31200000000000000     
   1370.0000000000000      -0.45700000000000002       0.29799999999999999     
   1375.0000000000000      -0.45100000000000001       0.28499999999999998     
   1380.0000000000000      -0.44500000000000001       0.27200000000000002     
   1385.0000000000000      -0.43900000000000000       0.26000000000000001     
   1390.0000000000000      -0.43200000000000000       0.24900000000000000     
   1395.0000000000000      -0.42499999999999999       0.23799999999999999     
   1400.0000000000000      -0.41799999999999998       0.22700000000000001     
   1405.0000000000000      -0.41099999999999998       0.21700000000000000     
   1410.0000000000000      -0.40400000000000003       0.20699999999999999     
   1415.0000000000000      -0.39700000000000002       0.19800000000000001     
   1420.0000000000000      -0.38900000000000001       0.18900000000000000     
   1425.0000000000000      -0.38100000000000001       0.17999999999999999     
   1430.0000000000000      -0.37300000000000000       0.17199999999999999     
   1435.0000000000000      -0.36499999999999999       0.16400000000000001     
   1440.0000000000000      -0.35699999999999998       0.15600000000000000     
   1445.0000000000000      -0.34899999999999998       0.14899999999999999     
   1450.0000000000000      -0.34000000000000002       0.14299999999999999     
   1455.0000000000000      -0.33200000000000002       0.13700000000000001     
   1460.0000000000000      -0.32400000000000001       0.13100000000000001     
   1465.0000000000000      -0.31500000000000000       0.12500000000000000     
   1470.0000000000000      -0.30599999999999999       0.12000000000000000     
   1475.0000000000000      -0.29799999999999999       0.11500000000000000     
   1480.0000000000000      -0.28899999999999998       0.11100000000000000     
   1485.0000000000000      -0.28100000000000003       0.10700000000000000     
   1490.0000000000000      -0.27200000000000002       0.10400000000000000     
   1495.0000000000000      -0.26400000000000001       0.10000000000000001     
   1500.0000000000000      -0.25500000000000000        9.8000000000000004E-002
   1505.0000000000000      -0.24700000000000000        9.5000000000000001E-002
   1510.0000000000000      -0.23899999999999999        9.2999999999999999E-002
   1515.0000000000000      -0.23100000000000001        9.0999999999999998E-002
   1520.0000000000000      -0.22300000000000000        8.9999999999999997E-002
   1525.0000000000000      -0.21500000000000000        8.7999999999999995E-002
   1530.0000000000000      -0.20699999999999999        8.6999999999999994E-002
   1535.0000000000000      -0.20000000000000001        8.6999999999999994E-002
   1540.0000000000000      -0.19200000000000000        8.5999999999999993E-002
   1545.0000000000000      -0.18500000000000000        8.5999999999999993E-002
   1550.0000000000000      -0.17799999999999999        8.5999999999999993E-002
   1555.0000000000000      -0.17100000000000001        8.5999999999999993E-002
   1560.0000000000000      -0.16500000000000001        8.5999999999999993E-002
   1565.0000000000000      -0.15800000000000000        8.6999999999999994E-002
   1570.0000000000000      -0.15200000000000000        8.6999999999999994E-002
   1575.0000000000000      -0.14599999999999999        8.7999999999999995E-002
   1580.0000000000000      -0.14000000000000001        8.8999999999999996E-002
   1585.0000000000000      -0.13400000000000001        8.9999999999999997E-002
   1590.0000000000000      -0.12900000000000000        9.0999999999999998E-002
   1595.0000000000000      -0.12400000000000000        9.1999999999999998E-002
   1600.0000000000000      -0.11799999999999999        9.4000000000000000E-002
   1605.0000000000000      -0.11300000000000000        9.5000000000000001E-002
   1610.0000000000000      -0.10900000000000000        9.7000000000000003E-002
   1615.0000000000000      -0.10400000000000000        9.8000000000000004E-002
   1620.0000000000000       -9.9000000000000005E-002  0.10000000000000001     
   1625.0000000000000       -9.5000000000000001E-002  0.10100000000000001     
   1630.0000000000000       -9.0999999999999998E-002  0.10299999999999999     
   1635.0000000000000       -8.6999999999999994E-002  0.10400000000000000     
   1640.0000000000000       -8.3000000000000004E-002  0.10600000000000000     
   1645.0000000000000       -7.9000000000000001E-002  0.10800000000000000     
   1650.0000000000000       -7.4999999999999997E-002  0.10900000000000000     
   1655.0000000000000       -7.1999999999999995E-002  0.11100000000000000     
   1660.0000000000000       -6.8000000000000005E-002  0.11300000000000000     
   1665.0000000000000       -6.5000000000000002E-002  0.11500000000000000     
   1670.0000000000000       -6.0999999999999999E-002  0.11600000000000001     
   1675.0000000000000       -5.8000000000000003E-002  0.11799999999999999     
   1680.0000000000000       -5.5000000000000000E-002  0.12000000000000000     
   1685.0000000000000       -5.1999999999999998E-002  0.12200000000000000     
   1690.0000000000000       -4.9000000000000002E-002  0.12300000000000000     
   1695.0000000000000       -4.5999999999999999E-002  0.12500000000000000     
   1700.0000000000000       -4.2999999999999997E-002  0.12700000000000000     
   1705.0000000000000       -4.1000000000000002E-002  0.12900000000000000     
   1710.0000000000000       -3.7999999999999999E-002  0.13000000000000000     
   1715.0000000000000       -3.5000000000000003E-002  0.13200000000000001     
   1720.0000000000000       -3.3000000000000002E-002  0.13400000000000001     
   1725.0000000000000       -2.9999999999999999E-002  0.13600000000000001     
   1730.0000000000000       -2.8000000000000001E-002  0.13700000000000001     
   1735.0000000000000       -2.5000000000000001E-002  0.13900000000000001     
   1740.0000000000000       -2.3000000000000000E-002  0.14099999999999999     
   1745.0000000000000       -2.1000000000000001E-002  0.14299999999999999     
   1750.0000000000000       -1.7999999999999999E-002  0.14499999999999999     
   1755.0000000000000       -1.6000000000000000E-002  0.14599999999999999     
   1760.0000000000000       -1.4000000000000000E-002  0.14799999999999999     
   1765.0000000000000       -1.2000000000000000E-002  0.14999999999999999     
   1770.0000000000000       -1.0000000000000000E-002  0.15200000000000000     
   1775.0000000000000       -8.0000000000000002E-003  0.15400000000000000     
   1780.0000000000000       -6.0000000000000001E-003  0.15600000000000000     
   1785.0000000000000       -4.0000000000000001E-003  0.15800000000000000     
   1790.0000000000000       -2.0000000000000000E-003  0.16000000000000000     
   1795.0000000000000       -1.0000000000000000E-003  0.16200000000000001     
   1800.0000000000000        1.0000000000000000E-003  0.16400000000000001     
   1805.0000000000000        3.0000000000000001E-003  0.16600000000000001     
   1810.0000000000000        4.0000000000000001E-003  0.16800000000000001     
   1815.0000000000000        6.0000000000000001E-003  0.17000000000000001     
   1820.0000000000000        7.0000000000000001E-003  0.17199999999999999     
   1825.0000000000000        8.9999999999999993E-003  0.17399999999999999     
   1830.0000000000000        1.0000000000000000E-002  0.17599999999999999     
   1835.0000000000000        1.2000000000000000E-002  0.17799999999999999     
   1840.0000000000000        1.2999999999999999E-002  0.17999999999999999     
   1845.0000000000000        1.4000000000000000E-002  0.18200000000000000     
   1850.0000000000000        1.4999999999999999E-002  0.18400000000000000     
   1855.0000000000000        1.6000000000000000E-002  0.18600000000000000     
   1860.0000000000000        1.7000000000000001E-002  0.18800000000000000     
   1865.0000000000000        1.7999999999999999E-002  0.19100000000000000     
   1870.0000000000000        1.9000000000000000E-002  0.19300000000000000     
   1875.0000000000000        2.0000000000000000E-002  0.19500000000000001     
   1880.0000000000000        2.1000000000000001E-002  0.19700000000000001     
   1885.0000000000000        2.1999999999999999E-002  0.19900000000000001     
   1890.0000000000000        2.1999999999999999E-002  0.20100000000000001     
   1895.0000000000000        2.3000000000000000E-002  0.20300000000000001     
   1900.0000000000000        2.3000000000000000E-002  0.20499999999999999     
   1905.0000000000000        2.4000000000000000E-002  0.20699999999999999     
   1910.0000000000000        2.4000000000000000E-002  0.20899999999999999     
   1915.0000000000000        2.5000000000000001E-002  0.21099999999999999     
   1920.0000000000000        2.5000000000000001E-002  0.21299999999999999     
   1925.0000000000000        2.5000000000000001E-002  0.21500000000000000     
   1930.0000000000000        2.5000000000000001E-002  0.21700000000000000     
   1935.0000000000000        2.5999999999999999E-002  0.21900000000000000     
   1940.0000000000000        2.5999999999999999E-002  0.22100000000000000     
   1945.0000000000000        2.5999999999999999E-002  0.22300000000000000     
   1950.0000000000000        2.5999999999999999E-002  0.22400000000000000     
   1955.0000000000000        2.5999999999999999E-002  0.22600000000000001     
   1960.0000000000000        2.5000000000000001E-002  0.22800000000000001     
   1965.0000000000000        2.5000000000000001E-002  0.23000000000000001     
   1970.0000000000000        2.5000000000000001E-002  0.23100000000000001     
   1975.0000000000000        2.5000000000000001E-002  0.23300000000000001     
   1980.0000000000000        2.5000000000000001E-002  0.23499999999999999     
   1985.0000000000000        2.4000000000000000E-002  0.23599999999999999     
   1990.0000000000000        2.4000000000000000E-002  0.23799999999999999     
   1995.0000000000000        2.4000000000000000E-002  0.23899999999999999     
   2000.0000000000000        2.3000000000000000E-002  0.23999999999999999     
   2005.0000000000000        2.3000000000000000E-002  0.24199999999999999     
   2010.0000000000000        2.1999999999999999E-002  0.24299999999999999     
   2015.0000000000000        2.1999999999999999E-002  0.24399999999999999     
   2020.0000000000000        2.1000000000000001E-002  0.24600000000000000     
   2025.0000000000000        2.1000000000000001E-002  0.24700000000000000     
   2030.0000000000000        2.0000000000000000E-002  0.24800000000000000     
   2035.0000000000000        2.0000000000000000E-002  0.24900000000000000     
   2040.0000000000000        1.9000000000000000E-002  0.25000000000000000     
   2045.0000000000000        1.9000000000000000E-002  0.25100000000000000     
   2050.0000000000000        1.7999999999999999E-002  0.25200000000000000     
   2055.0000000000000        1.7000000000000001E-002  0.25300000000000000     
   2060.0000000000000        1.7000000000000001E-002  0.25400000000000000     
   2065.0000000000000        1.6000000000000000E-002  0.25500000000000000     
   2070.0000000000000        1.4999999999999999E-002  0.25600000000000001     
   2075.0000000000000        1.4999999999999999E-002  0.25600000000000001     
   2080.0000000000000        1.4000000000000000E-002  0.25700000000000001     
   2085.0000000000000        1.4000000000000000E-002  0.25800000000000001     
   2090.0000000000000        1.2999999999999999E-002  0.25800000000000001     
   2095.0000000000000        1.2000000000000000E-002  0.25900000000000001     
   2100.0000000000000        1.2000000000000000E-002  0.25900000000000001     
   2105.0000000000000        1.0999999999999999E-002  0.26000000000000001     
   2110.0000000000000        1.0999999999999999E-002  0.26000000000000001     
   2115.0000000000000        1.0000000000000000E-002  0.26100000000000001     
   2120.0000000000000        8.9999999999999993E-003  0.26100000000000001     
   2125.0000000000000        8.9999999999999993E-003  0.26100000000000001     
   2130.0000000000000        8.0000000000000002E-003  0.26200000000000001     
   2135.0000000000000        8.0000000000000002E-003  0.26200000000000001     
   2140.0000000000000        7.0000000000000001E-003  0.26200000000000001     
   2145.0000000000000        7.0000000000000001E-003  0.26300000000000001     
   2150.0000000000000        6.0000000000000001E-003  0.26300000000000001     
   2155.0000000000000        5.0000000000000001E-003  0.26300000000000001     
   2160.0000000000000        5.0000000000000001E-003  0.26300000000000001     
   2165.0000000000000        4.0000000000000001E-003  0.26300000000000001     
   2170.0000000000000        4.0000000000000001E-003  0.26300000000000001     
   2175.0000000000000        4.0000000000000001E-003  0.26300000000000001     
   2180.0000000000000        3.0000000000000001E-003  0.26300000000000001     
   2185.0000000000000        3.0000000000000001E-003  0.26300000000000001     
   2190.0000000000000        2.0000000000000000E-003  0.26300000000000001     
   2195.0000000000000        2.0000000000000000E-003  0.26300000000000001     
   2200.0000000000000        1.0000000000000000E-003  0.26300000000000001     
   2205.0000000000000        1.0000000000000000E-003  0.26300000000000001     
   2210.0000000000000        1.0000000000000000E-003  0.26300000000000001     
   2215.0000000000000        0.0000000000000000       0.26300000000000001     
   2220.0000000000000        0.0000000000000000       0.26200000000000001     
   2225.0000000000000        0.0000000000000000       0.26200000000000001     
   2230.0000000000000        0.0000000000000000       0.26200000000000001     
   2235.0000000000000       -1.0000000000000000E-003  0.26200000000000001     
   2240.0000000000000       -1.0000000000000000E-003  0.26200000000000001     
   2245.0000000000000       -1.0000000000000000E-003  0.26100000000000001     
   2250.0000000000000       -1.0000000000000000E-003  0.26100000000000001     
   2255.0000000000000       -2.0000000000000000E-003  0.26100000000000001     
   2260.0000000000000       -2.0000000000000000E-003  0.26000000000000001     
   2265.0000000000000       -2.0000000000000000E-003  0.26000000000000001     
   2270.0000000000000       -2.0000000000000000E-003  0.26000000000000001     
   2275.0000000000000       -2.0000000000000000E-003  0.25900000000000001     
   2280.0000000000000       -2.0000000000000000E-003  0.25900000000000001     
   2285.0000000000000       -2.0000000000000000E-003  0.25900000000000001     
   2290.0000000000000       -2.0000000000000000E-003  0.25800000000000001     
   2295.0000000000000       -2.0000000000000000E-003  0.25800000000000001     
   2300.0000000000000       -2.0000000000000000E-003  0.25700000000000001     
   2305.0000000000000       -2.0000000000000000E-003  0.25700000000000001     
   2310.0000000000000       -2.0000000000000000E-003  0.25600000000000001     
   2315.0000000000000       -2.0000000000000000E-003  0.25600000000000001     
   2320.0000000000000       -2.0000000000000000E-003  0.25500000000000000     
   2325.0000000000000       -2.0000000000000000E-003  0.25500000000000000     
   2330.0000000000000       -2.0000000000000000E-003  0.25400000000000000     
   2335.0000000000000       -2.0000000000000000E-003  0.25400000000000000     
   2340.0000000000000       -2.0000000000000000E-003  0.25300000000000000     
   2345.0000000000000       -2.0000000000000000E-003  0.25300000000000000     
   2350.0000000000000       -2.0000000000000000E-003  0.25200000000000000     
   2355.0000000000000       -2.0000000000000000E-003  0.25200000000000000     
   2360.0000000000000       -1.0000000000000000E-003  0.25100000000000000     
   2365.0000000000000       -1.0000000000000000E-003  0.25100000000000000     
   2370.0000000000000       -1.0000000000000000E-003  0.25000000000000000     
   2375.0000000000000       -1.0000000000000000E-003  0.25000000000000000     
   2380.0000000000000       -1.0000000000000000E-003  0.24900000000000000     
   2385.0000000000000        0.0000000000000000       0.24900000000000000     
   2390.0000000000000        0.0000000000000000       0.24800000000000000     
   2395.0000000000000        0.0000000000000000       0.24700000000000000     
   2400.0000000000000        1.0000000000000000E-003  0.24700000000000000     
