   1080.0000000000000        2.8000000000000001E-002   1.0000000000000000E-003
   1085.0000000000000        5.0999999999999997E-002   3.0000000000000001E-003
   1090.0000000000000        6.6000000000000003E-002   4.0000000000000001E-003
   1095.0000000000000        7.8000000000000000E-002   6.0000000000000001E-003
   1100.0000000000000        8.6999999999999994E-002   8.0000000000000002E-003
   1105.0000000000000        9.6000000000000002E-002   8.9999999999999993E-003
   1110.0000000000000       0.10299999999999999        1.0999999999999999E-002
   1115.0000000000000       0.11000000000000000        1.2000000000000000E-002
   1120.0000000000000       0.11600000000000001        1.4000000000000000E-002
   1125.0000000000000       0.12200000000000000        1.4999999999999999E-002
   1130.0000000000000       0.12700000000000000        1.6000000000000000E-002
   1135.0000000000000       0.13100000000000001        1.7000000000000001E-002
   1140.0000000000000       0.13500000000000001        1.9000000000000000E-002
   1145.0000000000000       0.13900000000000001        2.0000000000000000E-002
   1150.0000000000000       0.14299999999999999        2.1000000000000001E-002
   1155.0000000000000       0.14599999999999999        2.1999999999999999E-002
   1160.0000000000000       0.14899999999999999        2.3000000000000000E-002
   1165.0000000000000       0.15200000000000000        2.4000000000000000E-002
   1170.0000000000000       0.15500000000000000        2.5000000000000001E-002
   1175.0000000000000       0.15700000000000000        2.5000000000000001E-002
   1180.0000000000000       0.16000000000000000        2.5999999999999999E-002
   1185.0000000000000       0.16200000000000001        2.7000000000000000E-002
   1190.0000000000000       0.16400000000000001        2.8000000000000001E-002
   1195.0000000000000       0.16600000000000001        2.8000000000000001E-002
   1200.0000000000000       0.16800000000000001        2.9000000000000001E-002
   1205.0000000000000       0.17000000000000001        2.9999999999999999E-002
   1210.0000000000000       0.17199999999999999        3.1000000000000000E-002
   1215.0000000000000       0.17399999999999999        3.1000000000000000E-002
   1220.0000000000000       0.17599999999999999        3.2000000000000001E-002
   1225.0000000000000       0.17799999999999999        3.3000000000000002E-002
   1230.0000000000000       0.17899999999999999        3.4000000000000002E-002
   1235.0000000000000       0.18099999999999999        3.4000000000000002E-002
   1240.0000000000000       0.18300000000000000        3.5000000000000003E-002
   1245.0000000000000       0.18400000000000000        3.5999999999999997E-002
   1250.0000000000000       0.18600000000000000        3.6999999999999998E-002
   1255.0000000000000       0.18800000000000000        3.6999999999999998E-002
   1260.0000000000000       0.18900000000000000        3.7999999999999999E-002
   1265.0000000000000       0.19100000000000000        3.9000000000000000E-002
   1270.0000000000000       0.19200000000000000        4.0000000000000001E-002
   1275.0000000000000       0.19400000000000001        4.0000000000000001E-002
   1280.0000000000000       0.19600000000000001        4.1000000000000002E-002
   1285.0000000000000       0.19800000000000001        4.2000000000000003E-002
   1290.0000000000000       0.19900000000000001        4.2999999999999997E-002
   1295.0000000000000       0.20100000000000001        4.3999999999999997E-002
   1300.0000000000000       0.20300000000000001        4.4999999999999998E-002
   1305.0000000000000       0.20499999999999999        4.5999999999999999E-002
   1310.0000000000000       0.20699999999999999        4.7000000000000000E-002
   1315.0000000000000       0.20899999999999999        4.8000000000000001E-002
   1320.0000000000000       0.21099999999999999        5.0000000000000003E-002
   1325.0000000000000       0.21299999999999999        5.0999999999999997E-002
   1330.0000000000000       0.21600000000000000        5.1999999999999998E-002
   1335.0000000000000       0.21800000000000000        5.3999999999999999E-002
   1340.0000000000000       0.22000000000000000        5.5000000000000000E-002
   1345.0000000000000       0.22300000000000000        5.7000000000000002E-002
   1350.0000000000000       0.22600000000000001        5.8999999999999997E-002
   1355.0000000000000       0.22900000000000001        6.0999999999999999E-002
   1360.0000000000000       0.23200000000000001        6.3000000000000000E-002
   1365.0000000000000       0.23499999999999999        6.5000000000000002E-002
   1370.0000000000000       0.23899999999999999        6.7000000000000004E-002
   1375.0000000000000       0.24199999999999999        7.0000000000000007E-002
   1380.0000000000000       0.24600000000000000        7.2999999999999995E-002
   1385.0000000000000       0.25000000000000000        7.5999999999999998E-002
   1390.0000000000000       0.25400000000000000        7.9000000000000001E-002
   1395.0000000000000       0.25900000000000001        8.3000000000000004E-002
   1400.0000000000000       0.26200000000000001        8.5999999999999993E-002
   1405.0000000000000       0.26900000000000002        9.0999999999999998E-002
   1410.0000000000000       0.27400000000000002        9.5000000000000001E-002
   1415.0000000000000       0.28000000000000003       0.10000000000000001     
   1420.0000000000000       0.28599999999999998       0.10600000000000000     
   1425.0000000000000       0.29199999999999998       0.11200000000000000     
   1430.0000000000000       0.29899999999999999       0.11899999999999999     
   1435.0000000000000       0.30599999999999999       0.12600000000000000     
   1440.0000000000000       0.31400000000000000       0.13500000000000001     
   1445.0000000000000       0.32200000000000001       0.14399999999999999     
   1450.0000000000000       0.33100000000000002       0.15500000000000000     
   1455.0000000000000       0.34000000000000002       0.16700000000000001     
   1460.0000000000000       0.34999999999999998       0.18099999999999999     
   1465.0000000000000       0.36099999999999999       0.19800000000000001     
   1470.0000000000000       0.37300000000000000       0.21800000000000000     
   1475.0000000000000       0.38600000000000001       0.24299999999999999     
   1480.0000000000000       0.40000000000000002       0.27500000000000002     
   1485.0000000000000       0.41399999999999998       0.32500000000000001     
   1490.0000000000000       0.37300000000000000       0.39000000000000001     
   1495.0000000000000       0.33700000000000002       0.41599999999999998     
   1500.0000000000000       0.30199999999999999       0.43600000000000000     
   1505.0000000000000       0.26600000000000001       0.44900000000000001     
   1510.0000000000000       0.23100000000000001       0.45500000000000002     
   1515.0000000000000       0.19900000000000001       0.45400000000000001     
   1520.0000000000000       0.17000000000000001       0.44800000000000001     
   1525.0000000000000       0.14599999999999999       0.43800000000000000     
   1530.0000000000000       0.12600000000000000       0.42499999999999999     
   1535.0000000000000       0.11100000000000000       0.41099999999999998     
   1540.0000000000000       0.10100000000000001       0.39700000000000002     
   1545.0000000000000        9.4000000000000000E-002  0.38300000000000001     
   1550.0000000000000        8.9999999999999997E-002  0.37000000000000000     
   1555.0000000000000        8.8999999999999996E-002  0.35799999999999998     
   1560.0000000000000        8.9999999999999997E-002  0.34799999999999998     
   1565.0000000000000        9.4000000000000000E-002  0.33800000000000002     
   1570.0000000000000        9.9000000000000005E-002  0.33000000000000002     
   1575.0000000000000       0.10700000000000000       0.32400000000000001     
   1580.0000000000000       0.11600000000000001       0.31800000000000000     
   1585.0000000000000       0.12600000000000000       0.31500000000000000     
   1590.0000000000000       0.13900000000000001       0.31300000000000000     
   1595.0000000000000       0.15300000000000000       0.31300000000000000     
   1600.0000000000000       0.16900000000000001       0.31600000000000000     
   1605.0000000000000       0.18700000000000000       0.32100000000000001     
   1610.0000000000000       0.20699999999999999       0.33100000000000002     
   1615.0000000000000       0.22700000000000001       0.34399999999999997     
   1620.0000000000000       0.24800000000000000       0.36399999999999999     
   1625.0000000000000       0.26800000000000002       0.39000000000000001     
   1630.0000000000000       0.28499999999999998       0.42299999999999999     
   1635.0000000000000       0.29699999999999999       0.46200000000000002     
   1640.0000000000000       0.29999999999999999       0.50700000000000001     
   1645.0000000000000       0.29299999999999998       0.55400000000000005     
   1650.0000000000000       0.27600000000000002       0.59899999999999998     
   1655.0000000000000       0.24900000000000000       0.63900000000000001     
   1660.0000000000000       0.21500000000000000       0.67200000000000004     
   1665.0000000000000       0.17799999999999999       0.69599999999999995     
   1670.0000000000000       0.14099999999999999       0.71199999999999997     
   1675.0000000000000       0.10500000000000000       0.72099999999999997     
   1680.0000000000000        7.0999999999999994E-002  0.72499999999999998     
   1685.0000000000000        4.1000000000000002E-002  0.72399999999999998     
   1690.0000000000000        1.4000000000000000E-002  0.72099999999999997     
   1695.0000000000000       -1.0000000000000000E-002  0.71699999999999997     
   1700.0000000000000       -3.1000000000000000E-002  0.71099999999999997     
   1705.0000000000000       -4.9000000000000002E-002  0.70499999999999996     
   1710.0000000000000       -6.6000000000000003E-002  0.69799999999999995     
   1715.0000000000000       -8.1000000000000003E-002  0.69099999999999995     
   1720.0000000000000       -9.4000000000000000E-002  0.68500000000000005     
   1725.0000000000000      -0.10600000000000000       0.67800000000000005     
   1730.0000000000000      -0.11700000000000001       0.67100000000000004     
   1735.0000000000000      -0.12600000000000000       0.66500000000000004     
   1740.0000000000000      -0.13500000000000001       0.65900000000000003     
   1745.0000000000000      -0.14299999999999999       0.65300000000000002     
   1750.0000000000000      -0.14999999999999999       0.64700000000000002     
   1755.0000000000000      -0.15600000000000000       0.64200000000000002     
   1760.0000000000000      -0.16100000000000000       0.63700000000000001     
   1765.0000000000000      -0.16700000000000001       0.63200000000000001     
   1770.0000000000000      -0.17100000000000001       0.62700000000000000     
   1775.0000000000000      -0.17499999999999999       0.62300000000000000     
   1780.0000000000000      -0.17899999999999999       0.61799999999999999     
   1785.0000000000000      -0.18200000000000000       0.61399999999999999     
   1790.0000000000000      -0.18400000000000000       0.61099999999999999     
   1795.0000000000000      -0.18700000000000000       0.60699999999999998     
   1800.0000000000000      -0.18900000000000000       0.60399999999999998     
   1805.0000000000000      -0.19100000000000000       0.60099999999999998     
   1810.0000000000000      -0.19200000000000000       0.59799999999999998     
   1815.0000000000000      -0.19300000000000000       0.59499999999999997     
   1820.0000000000000      -0.19400000000000001       0.59299999999999997     
   1825.0000000000000      -0.19500000000000001       0.59099999999999997     
   1830.0000000000000      -0.19600000000000001       0.58899999999999997     
   1835.0000000000000      -0.19600000000000001       0.58699999999999997     
   1840.0000000000000      -0.19600000000000001       0.58499999999999996     
   1845.0000000000000      -0.19700000000000001       0.58299999999999996     
   1850.0000000000000      -0.19700000000000001       0.58199999999999996     
   1855.0000000000000      -0.19600000000000001       0.57999999999999996     
   1860.0000000000000      -0.19600000000000001       0.57899999999999996     
   1865.0000000000000      -0.19600000000000001       0.57799999999999996     
   1870.0000000000000      -0.19500000000000001       0.57699999999999996     
   1875.0000000000000      -0.19500000000000001       0.57599999999999996     
   1880.0000000000000      -0.19400000000000001       0.57499999999999996     
   1885.0000000000000      -0.19300000000000000       0.57399999999999995     
   1890.0000000000000      -0.19200000000000000       0.57299999999999995     
   1895.0000000000000      -0.19100000000000000       0.57299999999999995     
   1900.0000000000000      -0.19000000000000000       0.57199999999999995     
   1905.0000000000000      -0.18900000000000000       0.57199999999999995     
   1910.0000000000000      -0.18800000000000000       0.57099999999999995     
   1915.0000000000000      -0.18700000000000000       0.57099999999999995     
   1920.0000000000000      -0.18600000000000000       0.56999999999999995     
   1925.0000000000000      -0.18400000000000000       0.56999999999999995     
   1930.0000000000000      -0.18300000000000000       0.56999999999999995     
   1935.0000000000000      -0.18099999999999999       0.56899999999999995     
   1940.0000000000000      -0.17999999999999999       0.56899999999999995     
   1945.0000000000000      -0.17799999999999999       0.56899999999999995     
   1950.0000000000000      -0.17699999999999999       0.56899999999999995     
   1955.0000000000000      -0.17499999999999999       0.56799999999999995     
   1960.0000000000000      -0.17399999999999999       0.56799999999999995     
   1965.0000000000000      -0.17199999999999999       0.56799999999999995     
   1970.0000000000000      -0.17000000000000001       0.56699999999999995     
   1975.0000000000000      -0.16900000000000001       0.56699999999999995     
   1980.0000000000000      -0.16700000000000001       0.56699999999999995     
   1985.0000000000000      -0.16500000000000001       0.56699999999999995     
   1990.0000000000000      -0.16400000000000001       0.56599999999999995     
   1995.0000000000000      -0.16200000000000001       0.56599999999999995     
   2000.0000000000000      -0.16000000000000000       0.56599999999999995     
   2005.0000000000000      -0.15800000000000000       0.56499999999999995     
   2010.0000000000000      -0.15700000000000000       0.56499999999999995     
   2015.0000000000000      -0.15500000000000000       0.56399999999999995     
   2020.0000000000000      -0.15300000000000000       0.56399999999999995     
   2025.0000000000000      -0.15100000000000000       0.56299999999999994     
   2030.0000000000000      -0.14899999999999999       0.56299999999999994     
   2035.0000000000000      -0.14799999999999999       0.56200000000000006     
   2040.0000000000000      -0.14599999999999999       0.56200000000000006     
   2045.0000000000000      -0.14399999999999999       0.56100000000000005     
   2050.0000000000000      -0.14199999999999999       0.56000000000000005     
   2055.0000000000000      -0.14099999999999999       0.55900000000000005     
   2060.0000000000000      -0.13900000000000001       0.55900000000000005     
   2065.0000000000000      -0.13700000000000001       0.55800000000000005     
   2070.0000000000000      -0.13600000000000001       0.55700000000000005     
   2075.0000000000000      -0.13400000000000001       0.55600000000000005     
   2080.0000000000000      -0.13300000000000001       0.55500000000000005     
   2085.0000000000000      -0.13100000000000001       0.55400000000000005     
   2090.0000000000000      -0.12900000000000000       0.55300000000000005     
   2095.0000000000000      -0.12800000000000000       0.55100000000000005     
   2100.0000000000000      -0.12700000000000000       0.55000000000000004     
   2105.0000000000000      -0.12500000000000000       0.54900000000000004     
   2110.0000000000000      -0.12400000000000000       0.54800000000000004     
   2115.0000000000000      -0.12200000000000000       0.54600000000000004     
   2120.0000000000000      -0.12100000000000000       0.54500000000000004     
   2125.0000000000000      -0.12000000000000000       0.54300000000000004     
   2130.0000000000000      -0.11899999999999999       0.54200000000000004     
   2135.0000000000000      -0.11799999999999999       0.54000000000000004     
   2140.0000000000000      -0.11700000000000001       0.53900000000000003     
   2145.0000000000000      -0.11600000000000001       0.53700000000000003     
   2150.0000000000000      -0.11500000000000000       0.53500000000000003     
   2155.0000000000000      -0.11400000000000000       0.53300000000000003     
   2160.0000000000000      -0.11400000000000000       0.53200000000000003     
   2165.0000000000000      -0.11300000000000000       0.53000000000000003     
   2170.0000000000000      -0.11200000000000000       0.52800000000000002     
   2175.0000000000000      -0.11200000000000000       0.52600000000000002     
   2180.0000000000000      -0.11200000000000000       0.52400000000000002     
   2185.0000000000000      -0.11100000000000000       0.52200000000000002     
   2190.0000000000000      -0.11100000000000000       0.52000000000000002     
   2195.0000000000000      -0.11100000000000000       0.51800000000000002     
   2200.0000000000000      -0.11100000000000000       0.51600000000000001     
   2205.0000000000000      -0.11100000000000000       0.51400000000000001     
   2210.0000000000000      -0.11100000000000000       0.51200000000000001     
   2215.0000000000000      -0.11200000000000000       0.50900000000000001     
   2220.0000000000000      -0.11200000000000000       0.50700000000000001     
   2225.0000000000000      -0.11300000000000000       0.50500000000000000     
   2230.0000000000000      -0.11300000000000000       0.50300000000000000     
   2235.0000000000000      -0.11400000000000000       0.50100000000000000     
   2240.0000000000000      -0.11500000000000000       0.49800000000000000     
   2245.0000000000000      -0.11600000000000001       0.49600000000000000     
   2250.0000000000000      -0.11700000000000001       0.49399999999999999     
   2255.0000000000000      -0.11799999999999999       0.49199999999999999     
   2260.0000000000000      -0.12000000000000000       0.48999999999999999     
   2265.0000000000000      -0.12100000000000000       0.48799999999999999     
   2270.0000000000000      -0.12300000000000000       0.48499999999999999     
   2275.0000000000000      -0.12400000000000000       0.48299999999999998     
   2280.0000000000000      -0.12600000000000000       0.48099999999999998     
   2285.0000000000000      -0.12800000000000000       0.47899999999999998     
   2290.0000000000000      -0.13000000000000000       0.47699999999999998     
   2295.0000000000000      -0.13200000000000001       0.47499999999999998     
   2300.0000000000000      -0.13500000000000001       0.47299999999999998     
   2305.0000000000000      -0.13700000000000001       0.47199999999999998     
   2310.0000000000000      -0.14000000000000001       0.46999999999999997     
   2315.0000000000000      -0.14199999999999999       0.46800000000000003     
   2320.0000000000000      -0.14499999999999999       0.46700000000000003     
   2325.0000000000000      -0.14799999999999999       0.46500000000000002     
   2330.0000000000000      -0.15100000000000000       0.46400000000000002     
   2335.0000000000000      -0.15400000000000000       0.46200000000000002     
   2340.0000000000000      -0.15800000000000000       0.46100000000000002     
   2345.0000000000000      -0.16100000000000000       0.46000000000000002     
   2350.0000000000000      -0.16400000000000001       0.45900000000000002     
   2355.0000000000000      -0.16800000000000001       0.45800000000000002     
   2360.0000000000000      -0.17199999999999999       0.45700000000000002     
   2365.0000000000000      -0.17499999999999999       0.45600000000000002     
   2370.0000000000000      -0.17899999999999999       0.45500000000000002     
   2375.0000000000000      -0.18300000000000000       0.45500000000000002     
   2380.0000000000000      -0.18700000000000000       0.45500000000000002     
   2385.0000000000000      -0.19100000000000000       0.45400000000000001     
   2390.0000000000000      -0.19500000000000001       0.45400000000000001     
   2395.0000000000000      -0.19900000000000001       0.45400000000000001     
   2400.0000000000000      -0.20399999999999999       0.45500000000000002     
