   1080.0000000000000       -1.2999999999999999E-002   0.0000000000000000     
   1085.0000000000000       -2.5999999999999999E-002   1.0000000000000000E-003
   1090.0000000000000       -3.5999999999999997E-002   1.0000000000000000E-003
   1095.0000000000000       -4.4999999999999998E-002   2.0000000000000000E-003
   1100.0000000000000       -5.3999999999999999E-002   3.0000000000000001E-003
   1105.0000000000000       -6.3000000000000000E-002   4.0000000000000001E-003
   1110.0000000000000       -7.0999999999999994E-002   5.0000000000000001E-003
   1115.0000000000000       -7.9000000000000001E-002   6.0000000000000001E-003
   1120.0000000000000       -8.7999999999999995E-002   8.0000000000000002E-003
   1125.0000000000000       -9.6000000000000002E-002   8.9999999999999993E-003
   1130.0000000000000      -0.10400000000000000        1.0999999999999999E-002
   1135.0000000000000      -0.11200000000000000        1.2999999999999999E-002
   1140.0000000000000      -0.12000000000000000        1.4999999999999999E-002
   1145.0000000000000      -0.12800000000000000        1.7000000000000001E-002
   1150.0000000000000      -0.13600000000000001        1.9000000000000000E-002
   1155.0000000000000      -0.14399999999999999        2.1000000000000001E-002
   1160.0000000000000      -0.15100000000000000        2.3000000000000000E-002
   1165.0000000000000      -0.15900000000000000        2.5999999999999999E-002
   1170.0000000000000      -0.16600000000000001        2.8000000000000001E-002
   1175.0000000000000      -0.17399999999999999        3.1000000000000000E-002
   1180.0000000000000      -0.18099999999999999        3.4000000000000002E-002
   1185.0000000000000      -0.18800000000000000        3.6999999999999998E-002
   1190.0000000000000      -0.19500000000000001        3.9000000000000000E-002
   1195.0000000000000      -0.20200000000000001        4.2000000000000003E-002
   1200.0000000000000      -0.20799999999999999        4.4999999999999998E-002
   1205.0000000000000      -0.21500000000000000        4.9000000000000002E-002
   1210.0000000000000      -0.22100000000000000        5.1999999999999998E-002
   1215.0000000000000      -0.22800000000000001        5.5000000000000000E-002
   1220.0000000000000      -0.23400000000000001        5.8000000000000003E-002
   1225.0000000000000      -0.23999999999999999        6.0999999999999999E-002
   1230.0000000000000      -0.24600000000000000        6.5000000000000002E-002
   1235.0000000000000      -0.25200000000000000        6.8000000000000005E-002
   1240.0000000000000      -0.25800000000000001        7.1999999999999995E-002
   1245.0000000000000      -0.26300000000000001        7.4999999999999997E-002
   1250.0000000000000      -0.26900000000000002        7.9000000000000001E-002
   1255.0000000000000      -0.27400000000000002        8.3000000000000004E-002
   1260.0000000000000      -0.27900000000000003        8.5999999999999993E-002
   1265.0000000000000      -0.28499999999999998        8.9999999999999997E-002
   1270.0000000000000      -0.28999999999999998        9.2999999999999999E-002
   1275.0000000000000      -0.29499999999999998        9.7000000000000003E-002
   1280.0000000000000      -0.29999999999999999       0.10100000000000001     
   1285.0000000000000      -0.30399999999999999       0.10500000000000000     
   1290.0000000000000      -0.30900000000000000       0.10800000000000000     
   1295.0000000000000      -0.31400000000000000       0.11200000000000000     
   1300.0000000000000      -0.31800000000000000       0.11600000000000001     
   1305.0000000000000      -0.32300000000000001       0.12000000000000000     
   1310.0000000000000      -0.32700000000000001       0.12300000000000000     
   1315.0000000000000      -0.33100000000000002       0.12700000000000000     
   1320.0000000000000      -0.33600000000000002       0.13100000000000001     
   1325.0000000000000      -0.34000000000000002       0.13500000000000001     
   1330.0000000000000      -0.34399999999999997       0.13800000000000001     
   1335.0000000000000      -0.34799999999999998       0.14199999999999999     
   1340.0000000000000      -0.35199999999999998       0.14599999999999999     
   1345.0000000000000      -0.35499999999999998       0.14999999999999999     
   1350.0000000000000      -0.35899999999999999       0.15400000000000000     
   1355.0000000000000      -0.36299999999999999       0.15700000000000000     
   1360.0000000000000      -0.36599999999999999       0.16100000000000000     
   1365.0000000000000      -0.37000000000000000       0.16500000000000001     
   1370.0000000000000      -0.37300000000000000       0.16800000000000001     
   1375.0000000000000      -0.37600000000000000       0.17199999999999999     
   1380.0000000000000      -0.37900000000000000       0.17599999999999999     
   1385.0000000000000      -0.38200000000000001       0.17899999999999999     
   1390.0000000000000      -0.38500000000000001       0.18300000000000000     
   1395.0000000000000      -0.38700000000000001       0.18600000000000000     
   1400.0000000000000      -0.39000000000000001       0.18900000000000000     
   1405.0000000000000      -0.39200000000000002       0.19300000000000000     
   1410.0000000000000      -0.39400000000000002       0.19600000000000001     
   1415.0000000000000      -0.39600000000000002       0.19900000000000001     
   1420.0000000000000      -0.39800000000000002       0.20200000000000001     
   1425.0000000000000      -0.40000000000000002       0.20499999999999999     
   1430.0000000000000      -0.40100000000000002       0.20799999999999999     
   1435.0000000000000      -0.40200000000000002       0.20999999999999999     
   1440.0000000000000      -0.40300000000000002       0.21299999999999999     
   1445.0000000000000      -0.40400000000000003       0.21500000000000000     
   1450.0000000000000      -0.40400000000000003       0.21800000000000000     
   1455.0000000000000      -0.40500000000000003       0.22000000000000000     
   1460.0000000000000      -0.40500000000000003       0.22200000000000000     
   1465.0000000000000      -0.40400000000000003       0.22400000000000000     
   1470.0000000000000      -0.40300000000000002       0.22600000000000001     
   1475.0000000000000      -0.40200000000000002       0.22700000000000001     
   1480.0000000000000      -0.40100000000000002       0.22900000000000001     
   1485.0000000000000      -0.39900000000000002       0.23000000000000001     
   1490.0000000000000      -0.39700000000000002       0.23100000000000001     
   1495.0000000000000      -0.39400000000000002       0.23200000000000001     
   1500.0000000000000      -0.39000000000000001       0.23300000000000001     
   1505.0000000000000      -0.38600000000000001       0.23400000000000001     
   1510.0000000000000      -0.38100000000000001       0.23499999999999999     
   1515.0000000000000      -0.37500000000000000       0.23599999999999999     
   1520.0000000000000      -0.36899999999999999       0.23699999999999999     
   1525.0000000000000      -0.36199999999999999       0.23799999999999999     
   1530.0000000000000      -0.35299999999999998       0.23999999999999999     
   1535.0000000000000      -0.34399999999999997       0.24199999999999999     
   1540.0000000000000      -0.33400000000000002       0.24399999999999999     
   1545.0000000000000      -0.32200000000000001       0.24800000000000000     
   1550.0000000000000      -0.31000000000000000       0.25300000000000000     
   1555.0000000000000      -0.29699999999999999       0.25900000000000001     
   1560.0000000000000      -0.28299999999999997       0.26700000000000002     
   1565.0000000000000      -0.26900000000000002       0.27700000000000002     
   1570.0000000000000      -0.25400000000000000       0.28899999999999998     
   1575.0000000000000      -0.24099999999999999       0.30299999999999999     
   1580.0000000000000      -0.22800000000000001       0.32000000000000001     
   1585.0000000000000      -0.21600000000000000       0.33900000000000002     
   1590.0000000000000      -0.20699999999999999       0.35899999999999999     
   1595.0000000000000      -0.20000000000000001       0.38100000000000001     
   1600.0000000000000      -0.19600000000000001       0.40400000000000003     
   1605.0000000000000      -0.19400000000000001       0.42699999999999999     
   1610.0000000000000      -0.19500000000000001       0.44900000000000001     
   1615.0000000000000      -0.19900000000000001       0.46999999999999997     
   1620.0000000000000      -0.20499999999999999       0.48999999999999999     
   1625.0000000000000      -0.21199999999999999       0.50800000000000001     
   1630.0000000000000      -0.22100000000000000       0.52500000000000002     
   1635.0000000000000      -0.23100000000000001       0.53900000000000003     
   1640.0000000000000      -0.23999999999999999       0.55200000000000005     
   1645.0000000000000      -0.25000000000000000       0.56200000000000006     
   1650.0000000000000      -0.26000000000000001       0.57199999999999995     
   1655.0000000000000      -0.27000000000000002       0.57899999999999996     
   1660.0000000000000      -0.27900000000000003       0.58599999999999997     
   1665.0000000000000      -0.28699999999999998       0.59199999999999997     
   1670.0000000000000      -0.29499999999999998       0.59599999999999997     
   1675.0000000000000      -0.30299999999999999       0.59999999999999998     
   1680.0000000000000      -0.30900000000000000       0.60399999999999998     
   1685.0000000000000      -0.31600000000000000       0.60599999999999998     
   1690.0000000000000      -0.32100000000000001       0.60899999999999999     
   1695.0000000000000      -0.32600000000000001       0.61099999999999999     
   1700.0000000000000      -0.33100000000000002       0.61199999999999999     
   1705.0000000000000      -0.33400000000000002       0.61399999999999999     
   1710.0000000000000      -0.33800000000000002       0.61499999999999999     
   1715.0000000000000      -0.34100000000000003       0.61699999999999999     
   1720.0000000000000      -0.34399999999999997       0.61799999999999999     
   1725.0000000000000      -0.34599999999999997       0.61899999999999999     
   1730.0000000000000      -0.34799999999999998       0.62000000000000000     
   1735.0000000000000      -0.34999999999999998       0.62100000000000000     
   1740.0000000000000      -0.35099999999999998       0.62200000000000000     
   1745.0000000000000      -0.35199999999999998       0.62300000000000000     
   1750.0000000000000      -0.35299999999999998       0.62400000000000000     
   1755.0000000000000      -0.35399999999999998       0.62500000000000000     
   1760.0000000000000      -0.35399999999999998       0.62700000000000000     
   1765.0000000000000      -0.35499999999999998       0.62800000000000000     
   1770.0000000000000      -0.35499999999999998       0.62900000000000000     
   1775.0000000000000      -0.35499999999999998       0.63000000000000000     
   1780.0000000000000      -0.35499999999999998       0.63100000000000001     
   1785.0000000000000      -0.35499999999999998       0.63300000000000001     
   1790.0000000000000      -0.35499999999999998       0.63400000000000001     
   1795.0000000000000      -0.35399999999999998       0.63500000000000001     
   1800.0000000000000      -0.35399999999999998       0.63700000000000001     
   1805.0000000000000      -0.35399999999999998       0.63800000000000001     
   1810.0000000000000      -0.35299999999999998       0.63900000000000001     
   1815.0000000000000      -0.35199999999999998       0.64000000000000001     
   1820.0000000000000      -0.35199999999999998       0.64200000000000002     
   1825.0000000000000      -0.35099999999999998       0.64300000000000002     
   1830.0000000000000      -0.35099999999999998       0.64400000000000002     
   1835.0000000000000      -0.34999999999999998       0.64600000000000002     
   1840.0000000000000      -0.34899999999999998       0.64700000000000002     
   1845.0000000000000      -0.34799999999999998       0.64800000000000002     
   1850.0000000000000      -0.34799999999999998       0.64900000000000002     
   1855.0000000000000      -0.34699999999999998       0.65100000000000002     
   1860.0000000000000      -0.34599999999999997       0.65200000000000002     
   1865.0000000000000      -0.34499999999999997       0.65300000000000002     
   1870.0000000000000      -0.34399999999999997       0.65400000000000003     
   1875.0000000000000      -0.34300000000000003       0.65500000000000003     
   1880.0000000000000      -0.34200000000000003       0.65600000000000003     
   1885.0000000000000      -0.34100000000000003       0.65700000000000003     
   1890.0000000000000      -0.34000000000000002       0.65800000000000003     
   1895.0000000000000      -0.33900000000000002       0.66000000000000003     
   1900.0000000000000      -0.33800000000000002       0.66100000000000003     
   1905.0000000000000      -0.33700000000000002       0.66100000000000003     
   1910.0000000000000      -0.33600000000000002       0.66200000000000003     
   1915.0000000000000      -0.33500000000000002       0.66300000000000003     
   1920.0000000000000      -0.33400000000000002       0.66400000000000003     
   1925.0000000000000      -0.33300000000000002       0.66500000000000004     
   1930.0000000000000      -0.33200000000000002       0.66600000000000004     
   1935.0000000000000      -0.33100000000000002       0.66700000000000004     
   1940.0000000000000      -0.33000000000000002       0.66700000000000004     
   1945.0000000000000      -0.32900000000000001       0.66800000000000004     
   1950.0000000000000      -0.32800000000000001       0.66900000000000004     
   1955.0000000000000      -0.32600000000000001       0.66900000000000004     
   1960.0000000000000      -0.32500000000000001       0.67000000000000004     
   1965.0000000000000      -0.32400000000000001       0.67000000000000004     
   1970.0000000000000      -0.32300000000000001       0.67100000000000004     
   1975.0000000000000      -0.32200000000000001       0.67100000000000004     
   1980.0000000000000      -0.32100000000000001       0.67200000000000004     
   1985.0000000000000      -0.32000000000000001       0.67200000000000004     
   1990.0000000000000      -0.31800000000000000       0.67300000000000004     
   1995.0000000000000      -0.31700000000000000       0.67300000000000004     
   2000.0000000000000      -0.31600000000000000       0.67300000000000004     
   2005.0000000000000      -0.31500000000000000       0.67300000000000004     
   2010.0000000000000      -0.31400000000000000       0.67300000000000004     
   2015.0000000000000      -0.31300000000000000       0.67400000000000004     
   2020.0000000000000      -0.31100000000000000       0.67400000000000004     
   2025.0000000000000      -0.31000000000000000       0.67400000000000004     
   2030.0000000000000      -0.30900000000000000       0.67400000000000004     
   2035.0000000000000      -0.30800000000000000       0.67400000000000004     
   2040.0000000000000      -0.30700000000000000       0.67300000000000004     
   2045.0000000000000      -0.30499999999999999       0.67300000000000004     
   2050.0000000000000      -0.30399999999999999       0.67300000000000004     
   2055.0000000000000      -0.30299999999999999       0.67300000000000004     
   2060.0000000000000      -0.30199999999999999       0.67200000000000004     
   2065.0000000000000      -0.29999999999999999       0.67200000000000004     
   2070.0000000000000      -0.29899999999999999       0.67200000000000004     
   2075.0000000000000      -0.29799999999999999       0.67100000000000004     
   2080.0000000000000      -0.29699999999999999       0.67100000000000004     
   2085.0000000000000      -0.29499999999999998       0.67000000000000004     
   2090.0000000000000      -0.29399999999999998       0.66900000000000004     
   2095.0000000000000      -0.29299999999999998       0.66900000000000004     
   2100.0000000000000      -0.29099999999999998       0.66800000000000004     
   2105.0000000000000      -0.28999999999999998       0.66700000000000004     
   2110.0000000000000      -0.28899999999999998       0.66600000000000004     
   2115.0000000000000      -0.28699999999999998       0.66500000000000004     
   2120.0000000000000      -0.28599999999999998       0.66400000000000003     
   2125.0000000000000      -0.28499999999999998       0.66300000000000003     
   2130.0000000000000      -0.28299999999999997       0.66200000000000003     
   2135.0000000000000      -0.28199999999999997       0.66100000000000003     
   2140.0000000000000      -0.28000000000000003       0.66000000000000003     
   2145.0000000000000      -0.27900000000000003       0.65800000000000003     
   2150.0000000000000      -0.27700000000000002       0.65700000000000003     
   2155.0000000000000      -0.27600000000000002       0.65600000000000003     
   2160.0000000000000      -0.27400000000000002       0.65400000000000003     
   2165.0000000000000      -0.27300000000000002       0.65300000000000002     
   2170.0000000000000      -0.27100000000000002       0.65100000000000002     
   2175.0000000000000      -0.27000000000000002       0.64900000000000002     
   2180.0000000000000      -0.26800000000000002       0.64800000000000002     
   2185.0000000000000      -0.26600000000000001       0.64600000000000002     
   2190.0000000000000      -0.26400000000000001       0.64400000000000002     
   2195.0000000000000      -0.26300000000000001       0.64200000000000002     
   2200.0000000000000      -0.26100000000000001       0.64000000000000001     
   2205.0000000000000      -0.25900000000000001       0.63800000000000001     
   2210.0000000000000      -0.25700000000000001       0.63500000000000001     
   2215.0000000000000      -0.25500000000000000       0.63300000000000001     
   2220.0000000000000      -0.25300000000000000       0.63100000000000001     
   2225.0000000000000      -0.25100000000000000       0.62800000000000000     
   2230.0000000000000      -0.24900000000000000       0.62600000000000000     
   2235.0000000000000      -0.24600000000000000       0.62300000000000000     
   2240.0000000000000      -0.24399999999999999       0.62100000000000000     
   2245.0000000000000      -0.24199999999999999       0.61799999999999999     
   2250.0000000000000      -0.23899999999999999       0.61499999999999999     
   2255.0000000000000      -0.23699999999999999       0.61199999999999999     
   2260.0000000000000      -0.23400000000000001       0.60899999999999999     
   2265.0000000000000      -0.23100000000000001       0.60599999999999998     
   2270.0000000000000      -0.22900000000000001       0.60299999999999998     
   2275.0000000000000      -0.22600000000000001       0.59999999999999998     
   2280.0000000000000      -0.22300000000000000       0.59699999999999998     
   2285.0000000000000      -0.22000000000000000       0.59399999999999997     
   2290.0000000000000      -0.21600000000000000       0.58999999999999997     
   2295.0000000000000      -0.21299999999999999       0.58699999999999997     
   2300.0000000000000      -0.20999999999999999       0.58399999999999996     
   2305.0000000000000      -0.20599999999999999       0.57999999999999996     
   2310.0000000000000      -0.20200000000000001       0.57599999999999996     
   2315.0000000000000      -0.19800000000000001       0.57299999999999995     
   2320.0000000000000      -0.19400000000000001       0.56899999999999995     
   2325.0000000000000      -0.19000000000000000       0.56499999999999995     
   2330.0000000000000      -0.18600000000000000       0.56200000000000006     
   2335.0000000000000      -0.18099999999999999       0.55800000000000005     
   2340.0000000000000      -0.17699999999999999       0.55400000000000005     
   2345.0000000000000      -0.17199999999999999       0.55000000000000004     
   2350.0000000000000      -0.16700000000000001       0.54700000000000004     
   2355.0000000000000      -0.16200000000000001       0.54300000000000004     
   2360.0000000000000      -0.15600000000000000       0.53900000000000003     
   2365.0000000000000      -0.15100000000000000       0.53500000000000003     
   2370.0000000000000      -0.14499999999999999       0.53100000000000003     
   2375.0000000000000      -0.13900000000000001       0.52800000000000002     
   2380.0000000000000      -0.13300000000000001       0.52400000000000002     
   2385.0000000000000      -0.12600000000000000       0.52000000000000002     
   2390.0000000000000      -0.12000000000000000       0.51700000000000002     
   2395.0000000000000      -0.11300000000000000       0.51300000000000001     
   2400.0000000000000      -0.10600000000000000       0.51000000000000001     
