     4151.        0.00000003        0.00000864        0.00000864       -0.00000000        0.00000000        0.00000000
     4152.        0.00000001        0.00000235        0.00000235       -0.00000000        0.00000000        0.00000000
     4153.        0.00000000        0.00000015        0.00000015       -0.00000000        0.00000000        0.00000000
     4154.        0.00000014       -0.00000000        0.00000014       -0.00000000        0.00000000        0.00000000
     4155.        0.00000218       -0.00000001        0.00000218       -0.00000000        0.00000000        0.00000000
     4156.        0.00000764       -0.00000003        0.00000764       -0.00000000        0.00000000        0.00000000
     4157.        0.00001730       -0.00000007        0.00001730       -0.00000000        0.00000000        0.00000000
     4158.        0.00003168       -0.00000013        0.00003168       -0.00000000        0.00000000        0.00000000
     4159.        0.00005112       -0.00000021        0.00005112       -0.00000000        0.00000000        0.00000000
     4160.        0.00007586       -0.00000032        0.00007586       -0.00000000        0.00000000        0.00000000
     4161.        0.00010606       -0.00000045        0.00010606       -0.00000000        0.00000000        0.00000000
     4162.        0.00014180       -0.00000061        0.00014180       -0.00000000        0.00000000        0.00000000
     4163.        0.00018313       -0.00000080        0.00018313       -0.00000000        0.00000000        0.00000000
     4164.        0.00023007       -0.00000103        0.00023008       -0.00000000        0.00000000        0.00000000
     4165.        0.00028260       -0.00000128        0.00028261       -0.00000000        0.00000000        0.00000000
     4166.        0.00034068       -0.00000157        0.00034069       -0.00000000        0.00000000        0.00000000
     4167.        0.00040425       -0.00000189        0.00040425       -0.00000000        0.00000000        0.00000000
     4168.        0.00047321       -0.00000223        0.00047322       -0.00000000        0.00000000        0.00000000
     4169.        0.00054750       -0.00000260        0.00054750       -0.00000000        0.00000000        0.00000000
     4170.        0.00062699       -0.00000300        0.00062699       -0.00000000        0.00000000        0.00000000
     4171.        0.00071159       -0.00000344        0.00071160       -0.00000000        0.00000000        0.00000000
     4172.        0.00080119       -0.00000391        0.00080120       -0.00000000        0.00000000        0.00000000
     4173.        0.00089567       -0.00000442        0.00089569       -0.00000000        0.00000000        0.00000000
     4174.        0.00099494       -0.00000497        0.00099495       -0.00000000        0.00000000        0.00000000
     4175.        0.00109886       -0.00000555        0.00109888       -0.00000000        0.00000000        0.00000000
     4176.        0.00120731       -0.00000615        0.00120733       -0.00000000        0.00000000        0.00000000
     4177.        0.00132017       -0.00000676        0.00132019       -0.00000000        0.00000000        0.00000000
     4178.        0.00143732       -0.00000739        0.00143734       -0.00000000        0.00000000        0.00000000
     4179.        0.00155862       -0.00000803        0.00155864       -0.00000000        0.00000000        0.00000000
     4180.        0.00168395       -0.00000869        0.00168397       -0.00000000        0.00000000        0.00000000
     4181.        0.00181319       -0.00000937        0.00181321       -0.00000000        0.00000000        0.00000000
     4182.        0.00194621       -0.00001007        0.00194624       -0.00000000        0.00000000        0.00000000
     4183.        0.00208291       -0.00001081        0.00208294       -0.00000000        0.00000000        0.00000000
     4184.        0.00222317       -0.00001160        0.00222321       -0.00000000        0.00000000        0.00000000
     4185.        0.00236692       -0.00001242        0.00236695       -0.00000000        0.00000000        0.00000000
     4186.        0.00251402       -0.00001328        0.00251406       -0.00000000        0.00000000        0.00000000
     4187.        0.00266441       -0.00001418        0.00266444       -0.00000000        0.00000000        0.00000000
     4188.        0.00281796       -0.00001511        0.00281800       -0.00000000        0.00000000        0.00000000
     4189.        0.00297459       -0.00001605        0.00297464       -0.00000000        0.00000000        0.00000000
     4190.        0.00313420       -0.00001700        0.00313425       -0.00000000        0.00000000        0.00000000
     4191.        0.00329670       -0.00001796        0.00329675       -0.00000000        0.00000000        0.00000000
     4192.        0.00346198       -0.00001892        0.00346203       -0.00000000        0.00000000        0.00000000
     4193.        0.00362995       -0.00001987        0.00363000       -0.00000000        0.00000000        0.00000000
     4194.        0.00380051       -0.00002081        0.00380057       -0.00000000        0.00000000        0.00000000
     4195.        0.00397359       -0.00002174        0.00397365       -0.00000000        0.00000000        0.00000000
     4196.        0.00414907       -0.00002268        0.00414913       -0.00000000        0.00000000        0.00000000
     4197.        0.00432690       -0.00002362        0.00432696       -0.00000000        0.00000000        0.00000000
     4198.        0.00450697       -0.00002458        0.00450704       -0.00000000        0.00000000        0.00000000
     4199.        0.00468923       -0.00002557        0.00468930       -0.00000000        0.00000000        0.00000000
     4200.        0.00487362       -0.00002660        0.00487369       -0.00000000        0.00000000        0.00000000
     4201.        0.00506005       -0.00002767        0.00506012       -0.00000000        0.00000000        0.00000000
     4202.        0.00524848       -0.00002880        0.00524856       -0.00000001        0.00000000        0.00000001
     4203.        0.00543888       -0.00002998        0.00543896       -0.00000001        0.00000000        0.00000001
     4204.        0.00563118       -0.00003122        0.00563126       -0.00000001        0.00000000        0.00000001
     4205.        0.00582532       -0.00003251        0.00582541       -0.00000001        0.00000000        0.00000001
     4206.        0.00602127       -0.00003386        0.00602136       -0.00000001        0.00000000        0.00000001
     4207.        0.00621899       -0.00003525        0.00621909       -0.00000001        0.00000000        0.00000001
     4208.        0.00641842       -0.00003668        0.00641853       -0.00000001        0.00000000        0.00000001
     4209.        0.00661953       -0.00003813        0.00661964       -0.00000001        0.00000000        0.00000001
     4210.        0.00682226       -0.00003961        0.00682237       -0.00000001        0.00000000        0.00000001
     4211.        0.00702656       -0.00004109        0.00702668       -0.00000001        0.00000000        0.00000001
     4212.        0.00723239       -0.00004258        0.00723251       -0.00000001        0.00000000        0.00000001
     4213.        0.00743969       -0.00004407        0.00743982       -0.00000001        0.00000000        0.00000001
     4214.        0.00764845       -0.00004555        0.00764858       -0.00000001        0.00000000        0.00000001
     4215.        0.00785858       -0.00004703        0.00785872       -0.00000001        0.00000000        0.00000001
     4216.        0.00807006       -0.00004850        0.00807021       -0.00000001        0.00000000        0.00000001
     4217.        0.00828284       -0.00004997        0.00828299       -0.00000001        0.00000000        0.00000001
     4218.        0.00849689       -0.00005144        0.00849704       -0.00000001        0.00000000        0.00000001
     4219.        0.00871215       -0.00005292        0.00871231       -0.00000001        0.00000000        0.00000001
     4220.        0.00892860       -0.00005442        0.00892876       -0.00000001        0.00000000        0.00000001
     4221.        0.00914622       -0.00005595        0.00914639       -0.00000001        0.00000000        0.00000001
     4222.        0.00936494       -0.00005752        0.00936512       -0.00000001        0.00000000        0.00000001
     4223.        0.00958478       -0.00005914        0.00958496       -0.00000001        0.00000000        0.00000001
     4224.        0.00980569       -0.00006082        0.00980588       -0.00000001        0.00000000        0.00000001
     4225.        0.01002768       -0.00006258        0.01002788       -0.00000001        0.00000000        0.00000001
     4226.        0.01025071       -0.00006442        0.01025091       -0.00000001        0.00000000        0.00000001
     4227.        0.01047476       -0.00006635        0.01047497       -0.00000001        0.00000000        0.00000001
     4228.        0.01069985       -0.00006839        0.01070007       -0.00000001        0.00000000        0.00000001
     4229.        0.01092597       -0.00007053        0.01092620       -0.00000001        0.00000000        0.00000001
     4230.        0.01115309       -0.00007278        0.01115332       -0.00000001        0.00000000        0.00000001
     4231.        0.01138122       -0.00007514        0.01138147       -0.00000001        0.00000000        0.00000001
     4232.        0.01161036       -0.00007761        0.01161062       -0.00000001        0.00000000        0.00000001
     4233.        0.01184049       -0.00008018        0.01184076       -0.00000001        0.00000000        0.00000001
     4234.        0.01207163       -0.00008286        0.01207191       -0.00000001        0.00000000        0.00000001
     4235.        0.01230376       -0.00008564        0.01230405       -0.00000001        0.00000000        0.00000001
     4236.        0.01253687       -0.00008850        0.01253719       -0.00000001        0.00000000        0.00000001
     4237.        0.01277097       -0.00009146        0.01277129       -0.00000001        0.00000000        0.00000001
     4238.        0.01300604       -0.00009449        0.01300638       -0.00000001        0.00000000        0.00000001
     4239.        0.01324208       -0.00009759        0.01324243       -0.00000001        0.00000000        0.00000001
     4240.        0.01347907       -0.00010075        0.01347945       -0.00000001        0.00000000        0.00000001
     4241.        0.01371703       -0.00010398        0.01371742       -0.00000001        0.00000000        0.00000001
     4242.        0.01395591       -0.00010726        0.01395633       -0.00000001        0.00000000        0.00000001
     4243.        0.01419574       -0.00011059        0.01419617       -0.00000001        0.00000000        0.00000001
     4244.        0.01443652       -0.00011396        0.01443697       -0.00000001        0.00000000        0.00000001
     4245.        0.01467811       -0.00011738        0.01467858       -0.00000001        0.00000000        0.00000001
     4246.        0.01492069       -0.00012085        0.01492118       -0.00000001        0.00000000        0.00000001
     4247.        0.01516411       -0.00012436        0.01516462       -0.00000001        0.00000000        0.00000001
     4248.        0.01540850       -0.00012792        0.01540903       -0.00000001        0.00000000        0.00000001
     4249.        0.01565369       -0.00013154        0.01565425       -0.00000001        0.00000000        0.00000001
     4250.        0.01589983       -0.00013521        0.01590041       -0.00000001        0.00000000        0.00000001
     4251.        0.01614675       -0.00013895        0.01614734       -0.00000001        0.00000000        0.00000001
     4252.        0.01639458       -0.00014276        0.01639520       -0.00000001        0.00000000        0.00000001
     4253.        0.01664316       -0.00014665        0.01664380       -0.00000001        0.00000000        0.00000001
     4254.        0.01689278       -0.00015064        0.01689345       -0.00000001        0.00000000        0.00000001
     4255.        0.01714313       -0.00015473        0.01714382       -0.00000001        0.00000000        0.00000001
     4256.        0.01739434       -0.00015894        0.01739506       -0.00000001        0.00000000        0.00000001
     4257.        0.01764640       -0.00016328        0.01764716       -0.00000001        0.00000000        0.00000001
     4258.        0.01789931       -0.00016776        0.01790010       -0.00000001        0.00000000        0.00000001
     4259.        0.01815321       -0.00017239        0.01815402       -0.00000001        0.00000000        0.00000001
     4260.        0.01840792       -0.00017718        0.01840877       -0.00000001        0.00000000        0.00000001
     4261.        0.01866360       -0.00018214        0.01866449       -0.00000001        0.00000000        0.00000001
     4262.        0.01892008       -0.00018729        0.01892101       -0.00000001        0.00000000        0.00000001
     4263.        0.01917751       -0.00019264        0.01917848       -0.00000001        0.00000000        0.00000001
     4264.        0.01943604       -0.00019819        0.01943705       -0.00000001        0.00000000        0.00000001
     4265.        0.01969534       -0.00020395        0.01969640       -0.00000001        0.00000000        0.00000001
     4266.        0.01995573       -0.00020993        0.01995683       -0.00000001        0.00000000        0.00000001
     4267.        0.02021703       -0.00021614        0.02021818       -0.00000001        0.00000000        0.00000001
     4268.        0.02047940       -0.00022256        0.02048061       -0.00000001        0.00000000        0.00000001
     4269.        0.02074283       -0.00022922        0.02074410       -0.00000001        0.00000000        0.00000001
     4270.        0.02100733       -0.00023611        0.02100865       -0.00000001        0.00000000        0.00000001
     4271.        0.02127304       -0.00024324        0.02127443       -0.00000001        0.00000000        0.00000001
     4272.        0.02153963       -0.00025059        0.02154109       -0.00000001        0.00000000        0.00000001
     4273.        0.02180744       -0.00025817        0.02180897       -0.00000001        0.00000000        0.00000001
     4274.        0.02207645       -0.00026598        0.02207805       -0.00000001        0.00000000        0.00000001
     4275.        0.02234666       -0.00027402        0.02234834       -0.00000001        0.00000000        0.00000001
     4276.        0.02261790       -0.00028227        0.02261966       -0.00000001        0.00000000        0.00000001
     4277.        0.02289050       -0.00029074        0.02289235       -0.00000001        0.00000000        0.00000001
     4278.        0.02316430       -0.00029943        0.02316623       -0.00000001        0.00000000        0.00000001
     4279.        0.02343928       -0.00030833        0.02344131       -0.00000001        0.00000000        0.00000001
     4280.        0.02371563       -0.00031742        0.02371775       -0.00000001        0.00000000        0.00000001
     4281.        0.02399316       -0.00032673        0.02399538       -0.00000001        0.00000000        0.00000001
     4282.        0.02427204       -0.00033622        0.02427437       -0.00000001        0.00000000        0.00000001
     4283.        0.02455228       -0.00034591        0.02455472       -0.00000001        0.00000000        0.00000001
     4284.        0.02483370       -0.00035579        0.02483624       -0.00000001        0.00000000        0.00000001
     4285.        0.02511664       -0.00036585        0.02511930       -0.00000001        0.00000000        0.00000001
     4286.        0.02540094       -0.00037610        0.02540372       -0.00000001        0.00000000        0.00000001
     4287.        0.02568658       -0.00038654        0.02568949       -0.00000001        0.00000000        0.00000001
     4288.        0.02597358       -0.00039716        0.02597662       -0.00000001        0.00000000        0.00000001
     4289.        0.02626211       -0.00040796        0.02626528       -0.00000001        0.00000000        0.00000001
     4290.        0.02655217       -0.00041895        0.02655547       -0.00000001        0.00000000        0.00000001
     4291.        0.02684339       -0.00043012        0.02684684       -0.00000001        0.00000000        0.00000001
     4292.        0.02713633       -0.00044148        0.02713993       -0.00000002        0.00000000        0.00000002
     4293.        0.02743063       -0.00045304        0.02743437       -0.00000002        0.00000000        0.00000002
     4294.        0.02772664       -0.00046479        0.02773053       -0.00000002        0.00000000        0.00000002
     4295.        0.02802382       -0.00047675        0.02802787       -0.00000002        0.00000000        0.00000002
     4296.        0.02832271       -0.00048916        0.02832694       -0.00000002        0.00000000        0.00000002
     4297.        0.02862333       -0.00050172        0.02862773       -0.00000002        0.00000000        0.00000002
     4298.        0.02892568       -0.00051437        0.02893025       -0.00000002        0.00000000        0.00000002
     4299.        0.02922957       -0.00052737        0.02923433       -0.00000002        0.00000000        0.00000002
     4300.        0.02953519       -0.00054072        0.02954014       -0.00000002        0.00000000        0.00000002
     4301.        0.02984255       -0.00055410        0.02984770       -0.00000002        0.00000000        0.00000002
     4302.        0.03015165       -0.00056776        0.03015699       -0.00000002        0.00000000        0.00000002
     4303.        0.03046249       -0.00058182        0.03046804       -0.00000002        0.00000000        0.00000002
     4304.        0.03077508       -0.00059625        0.03078085       -0.00000002        0.00000000        0.00000002
     4305.        0.03108979       -0.00061096        0.03109579       -0.00000002        0.00000000        0.00000002
     4306.        0.03140645       -0.00062590        0.03141269       -0.00000002        0.00000000        0.00000002
     4307.        0.03172488       -0.00064112        0.03173136       -0.00000002        0.00000000        0.00000002
     4308.        0.03204545       -0.00065669        0.03205218       -0.00000002        0.00000000        0.00000002
     4309.        0.03236799       -0.00067265        0.03237497       -0.00000002        0.00000000        0.00000002
     4310.        0.03269268       -0.00068904        0.03269994       -0.00000002        0.00000000        0.00000002
     4311.        0.03301955       -0.00070585        0.03302709       -0.00000002        0.00000000        0.00000002
     4312.        0.03334898       -0.00072307        0.03335682       -0.00000002        0.00000000        0.00000002
     4313.        0.03368060       -0.00074068        0.03368874       -0.00000002        0.00000000        0.00000002
     4314.        0.03401480       -0.00075868        0.03402326       -0.00000002        0.00000000        0.00000002
     4315.        0.03435160       -0.00077707        0.03436039       -0.00000002        0.00000000        0.00000002
     4316.        0.03469101       -0.00079585        0.03470014       -0.00000002        0.00000000        0.00000002
     4317.        0.03503324       -0.00081505        0.03504272       -0.00000002        0.00000000        0.00000002
     4318.        0.03537829       -0.00083467        0.03538814       -0.00000002        0.00000000        0.00000002
     4319.        0.03572659       -0.00085474        0.03573681       -0.00000002        0.00000000        0.00000002
     4320.        0.03607814       -0.00087525        0.03608876       -0.00000002        0.00000000        0.00000002
     4321.        0.03643357       -0.00089604        0.03644458       -0.00000002        0.00000000        0.00000002
     4322.        0.03679249       -0.00091661        0.03680391       -0.00000002        0.00000000        0.00000002
     4323.        0.03715593       -0.00093708        0.03716775       -0.00000002        0.00000000        0.00000002
     4324.        0.03752291       -0.00095581        0.03753508       -0.00000002        0.00000000        0.00000002
     4325.        0.03789265       -0.00097515        0.03790519       -0.00000002        0.00000000        0.00000002
     4326.        0.03826798       -0.00099429        0.03828089       -0.00000002        0.00000000        0.00000002
     4327.        0.03864814       -0.00101059        0.03866135       -0.00000002        0.00000000        0.00000002
     4328.        0.03903071       -0.00102379        0.03904413       -0.00000002        0.00000000        0.00000002
     4329.        0.03941426       -0.00103652        0.03942788       -0.00000002        0.00000000        0.00000002
     4330.        0.03980124       -0.00105075        0.03981511       -0.00000002        0.00000000        0.00000002
     4331.        0.04019437       -0.00106492        0.04020847       -0.00000002        0.00000000        0.00000002
     4332.        0.04059387       -0.00107644        0.04060814       -0.00000002        0.00000000        0.00000002
     4333.        0.04099794       -0.00108359        0.04101225       -0.00000002        0.00000000        0.00000002
     4334.        0.04140451       -0.00108604        0.04141875       -0.00000002        0.00000000        0.00000002
     4335.        0.04181193       -0.00108496        0.04182600       -0.00000002        0.00000000        0.00000002
     4336.        0.04221956       -0.00108258        0.04223344       -0.00000002        0.00000000        0.00000002
     4337.        0.04262844       -0.00108090        0.04264214       -0.00000002        0.00000000        0.00000002
     4338.        0.04304108       -0.00108039        0.04305464       -0.00000002        0.00000000        0.00000002
     4339.        0.04345962       -0.00107990        0.04347303       -0.00000002        0.00000000        0.00000002
     4340.        0.04388451       -0.00107749        0.04389774       -0.00000002        0.00000000        0.00000002
     4341.        0.04431559       -0.00107124        0.04432853       -0.00000002        0.00000000        0.00000002
     4342.        0.04475182       -0.00105973        0.04476437       -0.00000002        0.00000000        0.00000002
     4343.        0.04519154       -0.00104220        0.04520356       -0.00000002        0.00000000        0.00000002
     4344.        0.04563282       -0.00101871        0.04564419       -0.00000002        0.00000000        0.00000002
     4345.        0.04607459       -0.00099003        0.04608522       -0.00000002        0.00000000        0.00000002
     4346.        0.04651554       -0.00095753        0.04652540       -0.00000002        0.00000000        0.00000002
     4347.        0.04695587       -0.00092288        0.04696494       -0.00000002        0.00000000        0.00000002
     4348.        0.04739599       -0.00088753        0.04740430       -0.00000002        0.00000000        0.00000002
     4349.        0.04783762       -0.00085241        0.04784522       -0.00000002        0.00000000        0.00000002
     4350.        0.04828185       -0.00081765        0.04828877       -0.00000002        0.00000000        0.00000002
     4351.        0.04873043       -0.00078263        0.04873671       -0.00000002        0.00000000        0.00000002
     4352.        0.04918426       -0.00074621        0.04918992       -0.00000002        0.00000000        0.00000002
     4353.        0.04964403       -0.00070692        0.04964906       -0.00000002        0.00000000        0.00000002
     4354.        0.05010911       -0.00066332        0.05011350       -0.00000002        0.00000000        0.00000002
     4355.        0.05057909       -0.00061412        0.05058282       -0.00000002        0.00000000        0.00000002
     4356.        0.05105311       -0.00055833        0.05105617       -0.00000002        0.00000000        0.00000002
     4357.        0.05152963       -0.00049536        0.05153201       -0.00000002        0.00000000        0.00000002
     4358.        0.05200754       -0.00042503        0.05200928       -0.00000002        0.00000000        0.00000002
     4359.        0.05248550       -0.00034756        0.05248665       -0.00000002        0.00000000        0.00000002
     4360.        0.05296214       -0.00026359        0.05296279       -0.00000002        0.00000000        0.00000002
     4361.        0.05343654       -0.00017407        0.05343682       -0.00000002        0.00000000        0.00000002
     4362.        0.05390844       -0.00008015        0.05390850       -0.00000002        0.00000000        0.00000002
     4363.        0.05437736        0.00001691        0.05437737       -0.00000002       -0.00000000        0.00000002
     4364.        0.05484394        0.00011593        0.05484406       -0.00000002       -0.00000000        0.00000002
     4365.        0.05530859        0.00021594        0.05530901       -0.00000002       -0.00000000        0.00000002
     4366.        0.05577220        0.00031626        0.05577310       -0.00000002       -0.00000000        0.00000002
     4367.        0.05623612        0.00041659        0.05623766       -0.00000002       -0.00000000        0.00000002
     4368.        0.05670125        0.00051704        0.05670360       -0.00000002       -0.00000000        0.00000002
     4369.        0.05716850        0.00061805        0.05717184       -0.00000002       -0.00000000        0.00000002
     4370.        0.05763858        0.00072035        0.05764308       -0.00000003       -0.00000000        0.00000003
     4371.        0.05811217        0.00082487        0.05811802       -0.00000003       -0.00000000        0.00000003
     4372.        0.05858953        0.00093265        0.05859695       -0.00000003       -0.00000000        0.00000003
     4373.        0.05907021        0.00104471        0.05907945       -0.00000003       -0.00000000        0.00000003
     4374.        0.05955399        0.00116205        0.05956532       -0.00000003       -0.00000000        0.00000003
     4375.        0.06004017        0.00128551        0.06005393       -0.00000003       -0.00000000        0.00000003
     4376.        0.06052807        0.00141575        0.06054463       -0.00000003       -0.00000000        0.00000003
     4377.        0.06101675        0.00155326        0.06103651       -0.00000003       -0.00000000        0.00000003
     4378.        0.06150478        0.00169825        0.06152822       -0.00000003       -0.00000000        0.00000003
     4379.        0.06199121        0.00185072        0.06201884       -0.00000003       -0.00000000        0.00000003
     4380.        0.06247532        0.00201045        0.06250766       -0.00000003       -0.00000000        0.00000003
     4381.        0.06295587        0.00217697        0.06299350       -0.00000003       -0.00000000        0.00000003
     4382.        0.06343189        0.00234963        0.06347539       -0.00000003       -0.00000000        0.00000003
     4383.        0.06390262        0.00252762        0.06395259       -0.00000003       -0.00000000        0.00000003
     4384.        0.06436800        0.00271000        0.06442502       -0.00000003       -0.00000000        0.00000003
     4385.        0.06482727        0.00289581        0.06489191       -0.00000003       -0.00000000        0.00000003
     4386.        0.06528061        0.00308403        0.06535341       -0.00000003       -0.00000000        0.00000003
     4387.        0.06572820        0.00327368        0.06580968       -0.00000003       -0.00000000        0.00000003
     4388.        0.06617024        0.00346389        0.06626085       -0.00000003       -0.00000000        0.00000003
     4389.        0.06660741        0.00365396        0.06670756       -0.00000003       -0.00000000        0.00000003
     4390.        0.06704013        0.00384328        0.06715020       -0.00000003       -0.00000000        0.00000003
     4391.        0.06746957        0.00403147        0.06758991       -0.00000003       -0.00000000        0.00000003
     4392.        0.06789596        0.00421839        0.06802688       -0.00000003       -0.00000000        0.00000003
     4393.        0.06832024        0.00440402        0.06846204       -0.00000003       -0.00000000        0.00000003
     4394.        0.06874335        0.00458857        0.06889632       -0.00000003       -0.00000000        0.00000003
     4395.        0.06916553        0.00477244        0.06932999       -0.00000003       -0.00000000        0.00000003
     4396.        0.06958750        0.00495609        0.06976376       -0.00000003       -0.00000000        0.00000003
     4397.        0.07000974        0.00514011        0.07019818       -0.00000003       -0.00000000        0.00000003
     4398.        0.07043199        0.00532515        0.07063302       -0.00000003       -0.00000000        0.00000003
     4399.        0.07085451        0.00551190        0.07106857       -0.00000003       -0.00000000        0.00000003
     4400.        0.07127702        0.00570100        0.07150465       -0.00000003       -0.00000000        0.00000003
     4401.        0.07169929        0.00589312        0.07194107       -0.00000003       -0.00000000        0.00000003
     4402.        0.07212105        0.00608884        0.07237762       -0.00000003       -0.00000000        0.00000003
     4403.        0.07254153        0.00628859        0.07281360       -0.00000003       -0.00000000        0.00000003
     4404.        0.07296048        0.00649281        0.07324881       -0.00000003       -0.00000000        0.00000003
     4405.        0.07337663        0.00670174        0.07368204       -0.00000003       -0.00000000        0.00000003
     4406.        0.07378944        0.00691553        0.07411279       -0.00000003       -0.00000000        0.00000003
     4407.        0.07419838        0.00713421        0.07454057       -0.00000003       -0.00000000        0.00000003
     4408.        0.07460216        0.00735770        0.07496411       -0.00000003       -0.00000000        0.00000003
     4409.        0.07500048        0.00758572        0.07538312       -0.00000003       -0.00000000        0.00000003
     4410.        0.07539203        0.00781795        0.07579630       -0.00000003       -0.00000000        0.00000003
     4411.        0.07577676        0.00805391        0.07620356       -0.00000003       -0.00000000        0.00000003
     4412.        0.07615361        0.00829307        0.07660383       -0.00000003       -0.00000000        0.00000003
     4413.        0.07652199        0.00853478        0.07699648       -0.00000003       -0.00000000        0.00000003
     4414.        0.07688186        0.00877832        0.07738139       -0.00000003       -0.00000000        0.00000003
     4415.        0.07723238        0.00902297        0.07775767       -0.00000003       -0.00000000        0.00000003
     4416.        0.07757374        0.00926789        0.07812541       -0.00000003       -0.00000000        0.00000003
     4417.        0.07790562        0.00951237        0.07848421       -0.00000003       -0.00000000        0.00000003
     4418.        0.07822796        0.00975558        0.07883391       -0.00000003       -0.00000000        0.00000003
     4419.        0.07854120        0.00999677        0.07917484       -0.00000003       -0.00000000        0.00000003
     4420.        0.07884502        0.01023529        0.07950660       -0.00000003       -0.00000000        0.00000003
     4421.        0.07914015        0.01047047        0.07982978       -0.00000003       -0.00000000        0.00000003
     4422.        0.07942677        0.01070178        0.08014450       -0.00000003       -0.00000000        0.00000003
     4423.        0.07970563        0.01092872        0.08045138       -0.00000003       -0.00000000        0.00000003
     4424.        0.07997639        0.01115098        0.08075003       -0.00000003       -0.00000000        0.00000003
     4425.        0.08024033        0.01136822        0.08104163       -0.00000003       -0.00000000        0.00000003
     4426.        0.08049765        0.01158033        0.08132635       -0.00000003       -0.00000000        0.00000003
     4427.        0.08074885        0.01178721        0.08160462       -0.00000003       -0.00000000        0.00000003
     4428.        0.08099414        0.01198889        0.08187664       -0.00000003       -0.00000000        0.00000003
     4429.        0.08123401        0.01218545        0.08214286       -0.00000003       -0.00000000        0.00000003
     4430.        0.08146923        0.01237709        0.08240405       -0.00000003       -0.00000000        0.00000003
     4431.        0.08169924        0.01256404        0.08265967       -0.00000003       -0.00000000        0.00000003
     4432.        0.08192506        0.01274659        0.08291074       -0.00000003       -0.00000000        0.00000003
     4433.        0.08214641        0.01292505        0.08315702       -0.00000003       -0.00000000        0.00000003
     4434.        0.08236299        0.01309979        0.08339824       -0.00000003       -0.00000000        0.00000003
     4435.        0.08257530        0.01327119        0.08363495       -0.00000003       -0.00000000        0.00000003
     4436.        0.08278305        0.01343953        0.08386689       -0.00000003       -0.00000001        0.00000003
     4437.        0.08298569        0.01360521        0.08409355       -0.00000003       -0.00000001        0.00000003
     4438.        0.08318290        0.01376852        0.08431469       -0.00000003       -0.00000001        0.00000003
     4439.        0.08337465        0.01392968        0.08453028       -0.00000003       -0.00000001        0.00000003
     4440.        0.08356011        0.01408899        0.08473955       -0.00000003       -0.00000001        0.00000003
     4441.        0.08373869        0.01424652        0.08494193       -0.00000003       -0.00000001        0.00000003
     4442.        0.08391009        0.01440238        0.08513714       -0.00000003       -0.00000001        0.00000003
     4443.        0.08407317        0.01455660        0.08532405       -0.00000003       -0.00000001        0.00000003
     4444.        0.08422734        0.01470910        0.08550206       -0.00000003       -0.00000001        0.00000003
     4445.        0.08437173        0.01485968        0.08567029       -0.00000003       -0.00000001        0.00000003
     4446.        0.08450547        0.01500810        0.08582783       -0.00000003       -0.00000001        0.00000003
     4447.        0.08462766        0.01515400        0.08597374       -0.00000003       -0.00000001        0.00000003
     4448.        0.08473742        0.01529688        0.08610706       -0.00000003       -0.00000001        0.00000003
     4449.        0.08483331        0.01543610        0.08622624       -0.00000003       -0.00000001        0.00000003
     4450.        0.08491469        0.01557091        0.08633051       -0.00000003       -0.00000001        0.00000003
     4451.        0.08497955        0.01570037        0.08641773       -0.00000003       -0.00000001        0.00000003
     4452.        0.08502723        0.01582336        0.08648705       -0.00000003       -0.00000001        0.00000003
     4453.        0.08505571        0.01593845        0.08653617       -0.00000003       -0.00000001        0.00000003
     4454.        0.08506321        0.01604392        0.08656302       -0.00000003       -0.00000001        0.00000003
     4455.        0.08504710        0.01613751        0.08656459       -0.00000003       -0.00000001        0.00000003
     4456.        0.08500474        0.01621630        0.08653771       -0.00000003       -0.00000001        0.00000003
     4457.        0.08493180        0.01627624        0.08647732       -0.00000003       -0.00000001        0.00000003
     4458.        0.08482166        0.01631120        0.08637574       -0.00000003       -0.00000001        0.00000003
     4459.        0.08466513        0.01631116        0.08622203       -0.00000003       -0.00000001        0.00000003
     4460.        0.08444256        0.01625662        0.08599316       -0.00000003       -0.00000001        0.00000003
     4461.        0.08410879        0.01609617        0.08563513       -0.00000003       -0.00000001        0.00000003
     4462.        0.08351898        0.01540002        0.08492691       -0.00000003       -0.00000001        0.00000003
     4463.        0.08391779        0.01479408        0.08521186       -0.00000003       -0.00000001        0.00000003
     4464.        0.08502422        0.01447444        0.08624748       -0.00000003       -0.00000001        0.00000003
     4465.        0.08456874        0.01443462        0.08579178       -0.00000003       -0.00000001        0.00000003
     4466.        0.08523094        0.01365131        0.08631727       -0.00000003       -0.00000000        0.00000003
     4467.        0.08601513        0.01419075        0.08717786       -0.00000003       -0.00000000        0.00000003
     4468.        0.08573452        0.01453366        0.08695766       -0.00000003       -0.00000001        0.00000003
     4469.        0.08550244        0.01419589        0.08667290       -0.00000003       -0.00000000        0.00000003
     4470.        0.08575986        0.01365272        0.08683979       -0.00000003       -0.00000000        0.00000003
     4471.        0.08643517        0.01344802        0.08747507       -0.00000003       -0.00000000        0.00000003
     4472.        0.08698056        0.01377458        0.08806450       -0.00000003       -0.00000000        0.00000003
     4473.        0.08705932        0.01421888        0.08821282       -0.00000003       -0.00000000        0.00000003
     4474.        0.08684984        0.01442554        0.08803971       -0.00000003       -0.00000000        0.00000003
     4475.        0.08660849        0.01435011        0.08778927       -0.00000003       -0.00000000        0.00000003
     4476.        0.08648809        0.01407697        0.08762619       -0.00000003       -0.00000000        0.00000003
     4477.        0.08656187        0.01372390        0.08764304       -0.00000003       -0.00000000        0.00000003
     4478.        0.08683470        0.01342360        0.08786613       -0.00000003       -0.00000000        0.00000003
     4479.        0.08723279        0.01329242        0.08823972       -0.00000003       -0.00000000        0.00000003
     4480.        0.08761967        0.01337292        0.08863432       -0.00000003       -0.00000000        0.00000003
     4481.        0.08787217        0.01360759        0.08891954       -0.00000003       -0.00000000        0.00000003
     4482.        0.08794180        0.01388479        0.08903116       -0.00000003       -0.00000000        0.00000003
     4483.        0.08785546        0.01410746        0.08898091       -0.00000003       -0.00000000        0.00000003
     4484.        0.08767490        0.01422405        0.08882124       -0.00000003       -0.00000000        0.00000003
     4485.        0.08746179        0.01422291        0.08861070       -0.00000003       -0.00000000        0.00000003
     4486.        0.08726551        0.01411629        0.08839988       -0.00000003       -0.00000000        0.00000003
     4487.        0.08712164        0.01392885        0.08822807       -0.00000003       -0.00000000        0.00000003
     4488.        0.08705327        0.01369226        0.08812349       -0.00000003       -0.00000000        0.00000003
     4489.        0.08707089        0.01344266        0.08810247       -0.00000003       -0.00000000        0.00000003
     4490.        0.08717170        0.01321762        0.08816808       -0.00000003       -0.00000000        0.00000003
     4491.        0.08733888        0.01305136        0.08830865       -0.00000003       -0.00000000        0.00000003
     4492.        0.08754178        0.01296839        0.08849713       -0.00000003       -0.00000000        0.00000003
     4493.        0.08774354        0.01297766        0.08869808       -0.00000003       -0.00000000        0.00000003
     4494.        0.08790705        0.01307102        0.08887351       -0.00000003       -0.00000000        0.00000003
     4495.        0.08800482        0.01322637        0.08899317       -0.00000003       -0.00000000        0.00000003
     4496.        0.08802300        0.01341460        0.08903931       -0.00000003       -0.00000000        0.00000003
     4497.        0.08796086        0.01360673        0.08900706       -0.00000003       -0.00000000        0.00000003
     4498.        0.08782765        0.01377903        0.08890196       -0.00000003       -0.00000000        0.00000003
     4499.        0.08763839        0.01391512        0.08873622       -0.00000003       -0.00000000        0.00000003
     4500.        0.08741033        0.01400591        0.08852531       -0.00000003       -0.00000000        0.00000003
     4501.        0.08716024        0.01404833        0.08828513       -0.00000003       -0.00000000        0.00000003
     4502.        0.08690351        0.01404382        0.08803095       -0.00000003       -0.00000000        0.00000003
     4503.        0.08665256        0.01399713        0.08777577       -0.00000003       -0.00000000        0.00000003
     4504.        0.08641809        0.01391546        0.08753129       -0.00000003       -0.00000000        0.00000003
     4505.        0.08620875        0.01380782        0.08730753       -0.00000003       -0.00000000        0.00000003
     4506.        0.08602985        0.01368449        0.08711143       -0.00000003       -0.00000000        0.00000003
     4507.        0.08588464        0.01355673        0.08694801       -0.00000003       -0.00000000        0.00000003
     4508.        0.08577358        0.01343623        0.08681958       -0.00000003       -0.00000000        0.00000003
     4509.        0.08569349        0.01333436        0.08672474       -0.00000003       -0.00000000        0.00000003
     4510.        0.08563900        0.01326133        0.08665969       -0.00000003       -0.00000000        0.00000003
     4511.        0.08560160        0.01322553        0.08661726       -0.00000003       -0.00000000        0.00000003
     4512.        0.08557121        0.01323246        0.08658828       -0.00000003       -0.00000000        0.00000003
     4513.        0.08553612        0.01328452        0.08656158       -0.00000003       -0.00000000        0.00000003
     4514.        0.08548515        0.01338059        0.08652602       -0.00000003       -0.00000000        0.00000003
     4515.        0.08540831        0.01351650        0.08647124       -0.00000003       -0.00000000        0.00000003
     4516.        0.08529709        0.01368559        0.08638801       -0.00000003       -0.00000000        0.00000003
     4517.        0.08514601        0.01387962        0.08626985       -0.00000003       -0.00000000        0.00000003
     4518.        0.08495240        0.01408960        0.08611287       -0.00000003       -0.00000000        0.00000003
     4519.        0.08471543        0.01430678        0.08591500       -0.00000003       -0.00000000        0.00000003
     4520.        0.08443676        0.01452302        0.08567663       -0.00000003       -0.00000000        0.00000003
     4521.        0.08411965        0.01473149        0.08539983       -0.00000003       -0.00000000        0.00000003
     4522.        0.08376893        0.01492661        0.08508841       -0.00000003       -0.00000000        0.00000003
     4523.        0.08338916        0.01510430        0.08474605       -0.00000003       -0.00000000        0.00000003
     4524.        0.08298621        0.01526169        0.08437790       -0.00000003       -0.00000000        0.00000003
     4525.        0.08256499        0.01539721        0.08398841       -0.00000003       -0.00000000        0.00000003
     4526.        0.08213146        0.01551023        0.08358315       -0.00000003       -0.00000000        0.00000003
     4527.        0.08169029        0.01560102        0.08316667       -0.00000003       -0.00000000        0.00000003
     4528.        0.08124590        0.01567061        0.08274336       -0.00000003       -0.00000000        0.00000003
     4529.        0.08080305        0.01572059        0.08231810       -0.00000003       -0.00000000        0.00000003
     4530.        0.08036525        0.01575321        0.08189467       -0.00000003       -0.00000000        0.00000003
     4531.        0.07993573        0.01577103        0.08147666       -0.00000003       -0.00000000        0.00000003
     4532.        0.07951709        0.01577710        0.08106716       -0.00000002       -0.00000000        0.00000003
     4533.        0.07911195        0.01577469        0.08066934       -0.00000002       -0.00000000        0.00000003
     4534.        0.07872199        0.01576737        0.08028550       -0.00000002       -0.00000000        0.00000003
     4535.        0.07834792        0.01575885        0.07991707       -0.00000002       -0.00000000        0.00000002
     4536.        0.07799048        0.01575287        0.07956550       -0.00000002       -0.00000000        0.00000002
     4537.        0.07764912        0.01575314        0.07923097       -0.00000002       -0.00000000        0.00000002
     4538.        0.07732263        0.01576311        0.07891302       -0.00000002       -0.00000000        0.00000002
     4539.        0.07701012        0.01578604        0.07861144       -0.00000002       -0.00000000        0.00000002
     4540.        0.07670909        0.01582469        0.07832436       -0.00000002       -0.00000000        0.00000002
     4541.        0.07641700        0.01588133        0.07804982       -0.00000002       -0.00000000        0.00000002
     4542.        0.07613100        0.01595757        0.07778543       -0.00000002       -0.00000000        0.00000002
     4543.        0.07584819        0.01605446        0.07752867       -0.00000002       -0.00000000        0.00000002
     4544.        0.07556536        0.01617225        0.07727655       -0.00000002       -0.00000000        0.00000002
     4545.        0.07527924        0.01631059        0.07702597       -0.00000002       -0.00000001        0.00000002
     4546.        0.07498723        0.01646859        0.07677434       -0.00000002       -0.00000001        0.00000002
     4547.        0.07468701        0.01664472        0.07651925       -0.00000002       -0.00000001        0.00000002
     4548.        0.07437594        0.01683710        0.07625791       -0.00000002       -0.00000001        0.00000002
     4549.        0.07405333        0.01704355        0.07598933       -0.00000002       -0.00000001        0.00000002
     4550.        0.07371715        0.01726174        0.07571120       -0.00000002       -0.00000001        0.00000002
     4551.        0.07336768        0.01748915        0.07542338       -0.00000002       -0.00000001        0.00000002
     4552.        0.07300421        0.01772339        0.07512478       -0.00000002       -0.00000001        0.00000002
     4553.        0.07262734        0.01796210        0.07481556       -0.00000002       -0.00000001        0.00000002
     4554.        0.07223735        0.01820317        0.07449557       -0.00000002       -0.00000001        0.00000002
     4555.        0.07183551        0.01844458        0.07416565       -0.00000002       -0.00000001        0.00000002
     4556.        0.07142277        0.01868464        0.07382634       -0.00000002       -0.00000001        0.00000002
     4557.        0.07100041        0.01892189        0.07347854       -0.00000002       -0.00000001        0.00000002
     4558.        0.07057040        0.01915507        0.07312385       -0.00000002       -0.00000001        0.00000002
     4559.        0.07013403        0.01938327        0.07276327       -0.00000002       -0.00000001        0.00000002
     4560.        0.06969296        0.01960569        0.07239814       -0.00000002       -0.00000001        0.00000002
     4561.        0.06924850        0.01982187        0.07202959       -0.00000002       -0.00000001        0.00000002
     4562.        0.06880233        0.02003148        0.07165906       -0.00000002       -0.00000001        0.00000002
     4563.        0.06835645        0.02023439        0.07128839       -0.00000002       -0.00000001        0.00000002
     4564.        0.06791221        0.02043066        0.07091883       -0.00000002       -0.00000001        0.00000002
     4565.        0.06747065        0.02062049        0.07055135       -0.00000002       -0.00000001        0.00000002
     4566.        0.06703345        0.02080427        0.07018761       -0.00000002       -0.00000001        0.00000002
     4567.        0.06660200        0.02098242        0.06982899       -0.00000002       -0.00000001        0.00000002
     4568.        0.06617700        0.02115553        0.06947627       -0.00000002       -0.00000001        0.00000002
     4569.        0.06576019        0.02132433        0.06913125       -0.00000002       -0.00000001        0.00000002
     4570.        0.06535194        0.02148959        0.06879447       -0.00000002       -0.00000001        0.00000002
     4571.        0.06495332        0.02165218        0.06846715       -0.00000002       -0.00000001        0.00000002
     4572.        0.06456506        0.02181307        0.06815025       -0.00000002       -0.00000001        0.00000002
     4573.        0.06418789        0.02197321        0.06784473       -0.00000002       -0.00000001        0.00000002
     4574.        0.06382221        0.02213368        0.06755127       -0.00000002       -0.00000001        0.00000002
     4575.        0.06346841        0.02229556        0.06727059       -0.00000002       -0.00000001        0.00000002
     4576.        0.06312623        0.02245996        0.06700276       -0.00000002       -0.00000001        0.00000002
     4577.        0.06279639        0.02262797        0.06674887       -0.00000002       -0.00000001        0.00000002
     4578.        0.06247828        0.02280071        0.06650870       -0.00000002       -0.00000001        0.00000002
     4579.        0.06217160        0.02297926        0.06628239       -0.00000002       -0.00000001        0.00000002
     4580.        0.06187643        0.02316460        0.06607035       -0.00000002       -0.00000001        0.00000002
     4581.        0.06159212        0.02335773        0.06587239       -0.00000002       -0.00000001        0.00000002
     4582.        0.06131769        0.02355953        0.06568798       -0.00000002       -0.00000001        0.00000002
     4583.        0.06105286        0.02377073        0.06551717       -0.00000002       -0.00000001        0.00000002
     4584.        0.06079594        0.02399202        0.06535873       -0.00000002       -0.00000001        0.00000002
     4585.        0.06054697        0.02422397        0.06521301       -0.00000002       -0.00000001        0.00000002
     4586.        0.06030391        0.02446693        0.06507836       -0.00000002       -0.00000001        0.00000002
     4587.        0.06006680        0.02472119        0.06495505       -0.00000002       -0.00000001        0.00000002
     4588.        0.05983358        0.02498690        0.06484136       -0.00000002       -0.00000001        0.00000002
     4589.        0.05960358        0.02526396        0.06473681       -0.00000002       -0.00000001        0.00000002
     4590.        0.05937542        0.02555225        0.06464022       -0.00000002       -0.00000001        0.00000002
     4591.        0.05914842        0.02585146        0.06455101       -0.00000002       -0.00000001        0.00000002
     4592.        0.05892154        0.02616111        0.06446822       -0.00000002       -0.00000001        0.00000002
     4593.        0.05869339        0.02648072        0.06439055       -0.00000002       -0.00000001        0.00000002
     4594.        0.05846361        0.02680959        0.06431756       -0.00000002       -0.00000001        0.00000002
     4595.        0.05823116        0.02714698        0.06424817       -0.00000002       -0.00000001        0.00000002
     4596.        0.05799567        0.02749217        0.06418190       -0.00000002       -0.00000001        0.00000002
     4597.        0.05775608        0.02784421        0.06411759       -0.00000002       -0.00000001        0.00000002
     4598.        0.05751238        0.02820227        0.06405499       -0.00000002       -0.00000001        0.00000002
     4599.        0.05726385        0.02856536        0.06399319       -0.00000002       -0.00000001        0.00000002
     4600.        0.05701047        0.02893264        0.06393192       -0.00000002       -0.00000001        0.00000002
     4601.        0.05675223        0.02930311        0.06387087       -0.00000002       -0.00000001        0.00000002
     4602.        0.05648840        0.02967590        0.06380908       -0.00000002       -0.00000001        0.00000002
     4603.        0.05622004        0.03005017        0.06374720       -0.00000002       -0.00000001        0.00000002
     4604.        0.05594641        0.03042500        0.06368423       -0.00000002       -0.00000001        0.00000002
     4605.        0.05566786        0.03079960        0.06362017       -0.00000002       -0.00000001        0.00000002
     4606.        0.05538472        0.03117321        0.06355498       -0.00000002       -0.00000001        0.00000002
     4607.        0.05509734        0.03154512        0.06348867       -0.00000002       -0.00000001        0.00000002
     4608.        0.05480606        0.03191471        0.06342123       -0.00000002       -0.00000001        0.00000002
     4609.        0.05451087        0.03228128        0.06335232       -0.00000002       -0.00000001        0.00000002
     4610.        0.05421284        0.03264432        0.06328257       -0.00000002       -0.00000001        0.00000002
     4611.        0.05391195        0.03300338        0.06321172       -0.00000002       -0.00000001        0.00000002
     4612.        0.05360857        0.03335792        0.06313977       -0.00000001       -0.00000001        0.00000002
     4613.        0.05330376        0.03370758        0.06306736       -0.00000001       -0.00000001        0.00000002
     4614.        0.05299717        0.03405204        0.06299398       -0.00000001       -0.00000001        0.00000002
     4615.        0.05269023        0.03439102        0.06292061       -0.00000001       -0.00000001        0.00000002
     4616.        0.05238258        0.03472421        0.06284669       -0.00000001       -0.00000001        0.00000002
     4617.        0.05207532        0.03505151        0.06277299       -0.00000001       -0.00000001        0.00000002
     4618.        0.05176846        0.03537267        0.06269927       -0.00000001       -0.00000001        0.00000002
     4619.        0.05146271        0.03568766        0.06262603       -0.00000001       -0.00000001        0.00000002
     4620.        0.05115882        0.03599639        0.06255370       -0.00000001       -0.00000001        0.00000002
     4621.        0.05085717        0.03629885        0.06248246       -0.00000001       -0.00000001        0.00000002
     4622.        0.05055776        0.03659492        0.06241214       -0.00000001       -0.00000001        0.00000002
     4623.        0.05026135        0.03688486        0.06234337       -0.00000001       -0.00000001        0.00000002
     4624.        0.04996831        0.03716886        0.06227644       -0.00000001       -0.00000001        0.00000002
     4625.        0.04967939        0.03744652        0.06221160       -0.00000001       -0.00000001        0.00000002
     4626.        0.04939425        0.03771854        0.06214885       -0.00000001       -0.00000001        0.00000002
     4627.        0.04911400        0.03798455        0.06208874       -0.00000001       -0.00000001        0.00000002
     4628.        0.04883832        0.03824524        0.06203128       -0.00000001       -0.00000001        0.00000002
     4629.        0.04856831        0.03850059        0.06197722       -0.00000001       -0.00000001        0.00000002
     4630.        0.04830327        0.03875058        0.06192587       -0.00000001       -0.00000001        0.00000002
     4631.        0.04804433        0.03899629        0.06187866       -0.00000001       -0.00000001        0.00000002
     4632.        0.04779115        0.03923696        0.06183473       -0.00000001       -0.00000001        0.00000002
     4633.        0.04754450        0.03947405        0.06179547       -0.00000001       -0.00000001        0.00000002
     4634.        0.04730403        0.03970680        0.06176003       -0.00000001       -0.00000001        0.00000002
     4635.        0.04707015        0.03993593        0.06172907       -0.00000001       -0.00000001        0.00000002
     4636.        0.04684289        0.04016217        0.06170297       -0.00000001       -0.00000001        0.00000002
     4637.        0.04662226        0.04038514        0.06168140       -0.00000001       -0.00000001        0.00000002
     4638.        0.04640869        0.04060555        0.06166504       -0.00000001       -0.00000001        0.00000002
     4639.        0.04620181        0.04082416        0.06165403       -0.00000001       -0.00000001        0.00000002
     4640.        0.04600168        0.04104057        0.06164805       -0.00000001       -0.00000001        0.00000002
     4641.        0.04580868        0.04125551        0.06164781       -0.00000001       -0.00000001        0.00000002
     4642.        0.04562210        0.04146937        0.06165293       -0.00000001       -0.00000001        0.00000002
     4643.        0.04544234        0.04168212        0.06166365       -0.00000001       -0.00000001        0.00000002
     4644.        0.04526907        0.04189452        0.06168014       -0.00000001       -0.00000001        0.00000002
     4645.        0.04510192        0.04210656        0.06170207       -0.00000001       -0.00000001        0.00000002
     4646.        0.04494131        0.04231899        0.06173021       -0.00000001       -0.00000001        0.00000002
     4647.        0.04478651        0.04253144        0.06176370       -0.00000001       -0.00000001        0.00000002
     4648.        0.04463792        0.04274427        0.06180305       -0.00000001       -0.00000001        0.00000002
     4649.        0.04449444        0.04295825        0.06184793       -0.00000001       -0.00000001        0.00000002
     4650.        0.04435646        0.04317299        0.06189833       -0.00000001       -0.00000001        0.00000002
     4651.        0.04422363        0.04338926        0.06195448       -0.00000001       -0.00000001        0.00000002
     4652.        0.04409598        0.04360668        0.06201612       -0.00000001       -0.00000001        0.00000002
     4653.        0.04397239        0.04382564        0.06208267       -0.00000001       -0.00000001        0.00000002
     4654.        0.04385325        0.04404613        0.06215440       -0.00000001       -0.00000001        0.00000002
     4655.        0.04373821        0.04426855        0.06223131       -0.00000001       -0.00000001        0.00000002
     4656.        0.04362652        0.04449251        0.06231258       -0.00000001       -0.00000001        0.00000002
     4657.        0.04351858        0.04471841        0.06239874       -0.00000001       -0.00000001        0.00000002
     4658.        0.04341364        0.04494624        0.06248927       -0.00000001       -0.00000001        0.00000002
     4659.        0.04331171        0.04517602        0.06258416       -0.00000001       -0.00000001        0.00000002
     4660.        0.04321205        0.04540737        0.06268261       -0.00000001       -0.00000001        0.00000002
     4661.        0.04311504        0.04564067        0.06278517       -0.00000001       -0.00000001        0.00000002
     4662.        0.04301993        0.04587555        0.06289102       -0.00000001       -0.00000001        0.00000002
     4663.        0.04292673        0.04611239        0.06300045       -0.00000001       -0.00000001        0.00000002
     4664.        0.04283545        0.04635043        0.06311290       -0.00000001       -0.00000001        0.00000002
     4665.        0.04274532        0.04659007        0.06322813       -0.00000001       -0.00000001        0.00000002
     4666.        0.04265636        0.04683129        0.06334615       -0.00000001       -0.00000001        0.00000002
     4667.        0.04256819        0.04707373        0.06346642       -0.00000001       -0.00000001        0.00000002
     4668.        0.04248118        0.04731700        0.06358891       -0.00000001       -0.00000001        0.00000002
     4669.        0.04239498        0.04756187        0.06371393       -0.00000001       -0.00000001        0.00000002
     4670.        0.04230918        0.04780718        0.06384037       -0.00000001       -0.00000001        0.00000002
     4671.        0.04222380        0.04805294        0.06396823       -0.00000001       -0.00000001        0.00000002
     4672.        0.04213883        0.04829954        0.06409779       -0.00000001       -0.00000001        0.00000002
     4673.        0.04205428        0.04854658        0.06422876       -0.00000001       -0.00000001        0.00000002
     4674.        0.04196977        0.04879407        0.06436088       -0.00000001       -0.00000001        0.00000002
     4675.        0.04188530        0.04904161        0.06449386       -0.00000001       -0.00000001        0.00000002
     4676.        0.04180086        0.04928881        0.06462739       -0.00000001       -0.00000001        0.00000002
     4677.        0.04171646        0.04953646        0.06476206       -0.00000001       -0.00000001        0.00000002
     4678.        0.04163210        0.04978338        0.06489697       -0.00000001       -0.00000001        0.00000002
     4679.        0.04154739        0.05002995        0.06503216       -0.00000001       -0.00000001        0.00000002
     4680.        0.04146312        0.05027579        0.06516782       -0.00000001       -0.00000001        0.00000002
     4681.        0.04137811        0.05052127        0.06530350       -0.00000001       -0.00000001        0.00000002
     4682.        0.04129354        0.05076601        0.06543962       -0.00000001       -0.00000001        0.00000002
     4683.        0.04120901        0.05100960        0.06557562       -0.00000001       -0.00000001        0.00000002
     4684.        0.04112414        0.05125243        0.06571154       -0.00000001       -0.00000001        0.00000002
     4685.        0.04103932        0.05149372        0.06584701       -0.00000001       -0.00000001        0.00000002
     4686.        0.04095456        0.05173423        0.06598262       -0.00000001       -0.00000001        0.00000002
     4687.        0.04086984        0.05197358        0.06611805       -0.00000001       -0.00000001        0.00000002
     4688.        0.04078519        0.05221136        0.06625298       -0.00000001       -0.00000001        0.00000002
     4689.        0.04070058        0.05244756        0.06638738       -0.00000001       -0.00000001        0.00000002
     4690.        0.04061644        0.05268218        0.06652148       -0.00000001       -0.00000001        0.00000002
     4691.        0.04053236        0.05291560        0.06665533       -0.00000001       -0.00000001        0.00000002
     4692.        0.04044834        0.05314742        0.06678860       -0.00000001       -0.00000001        0.00000002
     4693.        0.04036518        0.05337725        0.06692143       -0.00000001       -0.00000001        0.00000002
     4694.        0.04028209        0.05360545        0.06705365       -0.00000001       -0.00000001        0.00000002
     4695.        0.04019947        0.05383204        0.06718546       -0.00000001       -0.00000001        0.00000002
     4696.        0.04011732        0.05405700        0.06731685       -0.00000001       -0.00000001        0.00000002
     4697.        0.04003609        0.05427992        0.06744775       -0.00000001       -0.00000001        0.00000002
     4698.        0.03995534        0.05450120        0.06757818       -0.00000001       -0.00000001        0.00000002
     4699.        0.03987531        0.05472043        0.06770795       -0.00000001       -0.00000001        0.00000002
     4700.        0.03979600        0.05493800        0.06783735       -0.00000001       -0.00000001        0.00000002
     4701.        0.03971756        0.05515391        0.06796644       -0.00000001       -0.00000001        0.00000002
     4702.        0.03964000        0.05536773        0.06809490       -0.00000001       -0.00000001        0.00000002
     4703.        0.03956339        0.05557988        0.06822305       -0.00000001       -0.00000001        0.00000002
     4704.        0.03948777        0.05578993        0.06835057       -0.00000001       -0.00000001        0.00000002
     4705.        0.03941321        0.05599869        0.06847814       -0.00000001       -0.00000001        0.00000002
     4706.        0.03933974        0.05620535        0.06860507       -0.00000001       -0.00000001        0.00000002
     4707.        0.03926742        0.05641029        0.06873173       -0.00000001       -0.00000001        0.00000002
     4708.        0.03919636        0.05661351        0.06885815       -0.00000001       -0.00000001        0.00000002
     4709.        0.03912651        0.05681542        0.06898460       -0.00000001       -0.00000001        0.00000002
     4710.        0.03905797        0.05701518        0.06911046       -0.00000001       -0.00000001        0.00000002
     4711.        0.03899077        0.05721362        0.06923639       -0.00000001       -0.00000001        0.00000002
     4712.        0.03892492        0.05741071        0.06936238       -0.00000001       -0.00000001        0.00000002
     4713.        0.03886052        0.05760564        0.06948777       -0.00000001       -0.00000001        0.00000002
     4714.        0.03879756        0.05779963        0.06961356       -0.00000001       -0.00000001        0.00000002
     4715.        0.03873606        0.05799227        0.06973941       -0.00000001       -0.00000001        0.00000002
     4716.        0.03867606        0.05818313        0.06986497       -0.00000001       -0.00000001        0.00000002
     4717.        0.03861756        0.05837303        0.06999090       -0.00000001       -0.00000001        0.00000002
     4718.        0.03856066        0.05856155        0.07011691       -0.00000001       -0.00000001        0.00000002
     4719.        0.03850529        0.05874911        0.07024326       -0.00000001       -0.00000001        0.00000002
     4720.        0.03845147        0.05893529        0.07036962       -0.00000001       -0.00000001        0.00000002
     4721.        0.03839923        0.05912048        0.07049633       -0.00000001       -0.00000001        0.00000002
     4722.        0.03834858        0.05930469        0.07062337       -0.00000001       -0.00000001        0.00000002
     4723.        0.03829951        0.05948792        0.07075072       -0.00000001       -0.00000001        0.00000002
     4724.        0.03825203        0.05967015        0.07087838       -0.00000001       -0.00000001        0.00000002
     4725.        0.03820606        0.05985181        0.07100663       -0.00000001       -0.00000001        0.00000002
     4726.        0.03816171        0.06003246        0.07113517       -0.00000001       -0.00000001        0.00000002
     4727.        0.03811892        0.06021252        0.07126430       -0.00000001       -0.00000001        0.00000002
     4728.        0.03807763        0.06039200        0.07139397       -0.00000001       -0.00000001        0.00000002
     4729.        0.03803784        0.06057088        0.07152418       -0.00000001       -0.00000001        0.00000002
     4730.        0.03799951        0.06074957        0.07165524       -0.00000001       -0.00000001        0.00000002
     4731.        0.03796265        0.06092726        0.07178644       -0.00000001       -0.00000001        0.00000002
     4732.        0.03792718        0.06110517        0.07191880       -0.00000001       -0.00000001        0.00000002
     4733.        0.03789311        0.06128248        0.07205158       -0.00000001       -0.00000001        0.00000002
     4734.        0.03786041        0.06145918        0.07218478       -0.00000001       -0.00000001        0.00000002
     4735.        0.03782894        0.06163612        0.07231901       -0.00000001       -0.00000001        0.00000002
     4736.        0.03779876        0.06181244        0.07245360       -0.00000001       -0.00000001        0.00000002
     4737.        0.03776975        0.06198898        0.07258918       -0.00000001       -0.00000001        0.00000002
     4738.        0.03774196        0.06216534        0.07272540       -0.00000001       -0.00000001        0.00000002
     4739.        0.03771521        0.06234149        0.07286219       -0.00000001       -0.00000001        0.00000002
     4740.        0.03768948        0.06251787        0.07299987       -0.00000001       -0.00000001        0.00000002
     4741.        0.03766476        0.06269406        0.07313808       -0.00000001       -0.00000001        0.00000002
     4742.        0.03764099        0.06287046        0.07327714       -0.00000001       -0.00000001        0.00000002
     4743.        0.03761806        0.06304709        0.07341699       -0.00000001       -0.00000001        0.00000002
     4744.        0.03759596        0.06322352        0.07355725       -0.00000001       -0.00000001        0.00000002
     4745.        0.03757459        0.06339975        0.07369788       -0.00000001       -0.00000001        0.00000002
     4746.        0.03755391        0.06357662        0.07383957       -0.00000001       -0.00000002        0.00000002
     4747.        0.03753386        0.06375329        0.07398157       -0.00000001       -0.00000002        0.00000002
     4748.        0.03751433        0.06393018        0.07412417       -0.00000001       -0.00000002        0.00000002
     4749.        0.03749534        0.06410729        0.07426739       -0.00000001       -0.00000002        0.00000002
