     4151.        0.00000000        0.00001044        0.00001044       -0.00000000        0.00000000        0.00000000
     4152.        0.00000000        0.00000284        0.00000284       -0.00000000        0.00000000        0.00000000
     4153.        0.00000000        0.00000018        0.00000018       -0.00000000        0.00000000        0.00000000
     4154.        0.00000017       -0.00000000        0.00000017       -0.00000000        0.00000000        0.00000000
     4155.        0.00000264       -0.00000000        0.00000264       -0.00000000        0.00000000        0.00000000
     4156.        0.00000924       -0.00000000        0.00000924       -0.00000000        0.00000000        0.00000000
     4157.        0.00002092       -0.00000000        0.00002092       -0.00000000        0.00000000        0.00000000
     4158.        0.00003829       -0.00000001        0.00003829       -0.00000000        0.00000000        0.00000000
     4159.        0.00006177       -0.00000001        0.00006177       -0.00000000        0.00000000        0.00000000
     4160.        0.00009165       -0.00000001        0.00009165       -0.00000000        0.00000000        0.00000000
     4161.        0.00012810       -0.00000002        0.00012810       -0.00000000        0.00000000        0.00000000
     4162.        0.00017123       -0.00000001        0.00017123       -0.00000000        0.00000000        0.00000000
     4163.        0.00022109       -0.00000001        0.00022109       -0.00000000        0.00000000        0.00000000
     4164.        0.00027769        0.00000000        0.00027769       -0.00000000       -0.00000000        0.00000000
     4165.        0.00034099        0.00000002        0.00034099       -0.00000000       -0.00000000        0.00000000
     4166.        0.00041093        0.00000005        0.00041093       -0.00000000       -0.00000000        0.00000000
     4167.        0.00048744        0.00000009        0.00048744       -0.00000000       -0.00000000        0.00000000
     4168.        0.00057039        0.00000016        0.00057039       -0.00000000       -0.00000000        0.00000000
     4169.        0.00065967        0.00000025        0.00065967       -0.00000000       -0.00000000        0.00000000
     4170.        0.00075514        0.00000036        0.00075514       -0.00000000       -0.00000000        0.00000000
     4171.        0.00085665        0.00000050        0.00085665       -0.00000000       -0.00000000        0.00000000
     4172.        0.00096407        0.00000065        0.00096407       -0.00000000       -0.00000000        0.00000000
     4173.        0.00107725        0.00000082        0.00107725       -0.00000000       -0.00000000        0.00000000
     4174.        0.00119604        0.00000101        0.00119604       -0.00000000       -0.00000000        0.00000000
     4175.        0.00132029        0.00000125        0.00132029       -0.00000000       -0.00000000        0.00000000
     4176.        0.00144981        0.00000154        0.00144981       -0.00000000       -0.00000000        0.00000000
     4177.        0.00158445        0.00000188        0.00158446       -0.00000000       -0.00000000        0.00000000
     4178.        0.00172404        0.00000230        0.00172404       -0.00000000       -0.00000000        0.00000000
     4179.        0.00186841        0.00000279        0.00186841       -0.00000000       -0.00000000        0.00000000
     4180.        0.00201737        0.00000334        0.00201737       -0.00000000       -0.00000000        0.00000000
     4181.        0.00217078        0.00000396        0.00217078       -0.00000000       -0.00000000        0.00000000
     4182.        0.00232846        0.00000464        0.00232847       -0.00000000       -0.00000000        0.00000000
     4183.        0.00249027        0.00000536        0.00249027       -0.00000000       -0.00000000        0.00000000
     4184.        0.00265606        0.00000613        0.00265607       -0.00000000       -0.00000000        0.00000000
     4185.        0.00282570        0.00000694        0.00282570       -0.00000000       -0.00000000        0.00000000
     4186.        0.00299903        0.00000780        0.00299904       -0.00000000       -0.00000000        0.00000000
     4187.        0.00317596        0.00000871        0.00317597       -0.00000000       -0.00000000        0.00000000
     4188.        0.00335632        0.00000970        0.00335633       -0.00000000       -0.00000000        0.00000000
     4189.        0.00353999        0.00001078        0.00354000       -0.00000000       -0.00000000        0.00000000
     4190.        0.00372682        0.00001195        0.00372684       -0.00000000       -0.00000000        0.00000000
     4191.        0.00391668        0.00001323        0.00391671       -0.00000000       -0.00000000        0.00000000
     4192.        0.00410945        0.00001464        0.00410947       -0.00000000       -0.00000000        0.00000000
     4193.        0.00430497        0.00001618        0.00430500       -0.00000000       -0.00000000        0.00000000
     4194.        0.00450312        0.00001785        0.00450315       -0.00000000       -0.00000000        0.00000000
     4195.        0.00470375        0.00001965        0.00470380       -0.00000000       -0.00000000        0.00000000
     4196.        0.00490677        0.00002157        0.00490682       -0.00000001       -0.00000000        0.00000001
     4197.        0.00511205        0.00002361        0.00511210       -0.00000001       -0.00000000        0.00000001
     4198.        0.00531947        0.00002576        0.00531953       -0.00000001       -0.00000000        0.00000001
     4199.        0.00552892        0.00002799        0.00552899       -0.00000001       -0.00000000        0.00000001
     4200.        0.00574033        0.00003031        0.00574041       -0.00000001       -0.00000000        0.00000001
     4201.        0.00595359        0.00003269        0.00595368       -0.00000001       -0.00000000        0.00000001
     4202.        0.00616862        0.00003514        0.00616872       -0.00000001       -0.00000000        0.00000001
     4203.        0.00638534        0.00003765        0.00638545       -0.00000001       -0.00000000        0.00000001
     4204.        0.00660369        0.00004022        0.00660382       -0.00000001       -0.00000000        0.00000001
     4205.        0.00682360        0.00004286        0.00682373       -0.00000001       -0.00000000        0.00000001
     4206.        0.00704498        0.00004557        0.00704512       -0.00000001       -0.00000000        0.00000001
     4207.        0.00726776        0.00004838        0.00726792       -0.00000001       -0.00000000        0.00000001
     4208.        0.00749188        0.00005128        0.00749205       -0.00000001       -0.00000000        0.00000001
     4209.        0.00771727        0.00005429        0.00771746       -0.00000001       -0.00000000        0.00000001
     4210.        0.00794385        0.00005744        0.00794406       -0.00000001       -0.00000000        0.00000001
     4211.        0.00817154        0.00006072        0.00817176       -0.00000001       -0.00000000        0.00000001
     4212.        0.00840027        0.00006416        0.00840052       -0.00000001       -0.00000000        0.00000001
     4213.        0.00862998        0.00006775        0.00863025       -0.00000001       -0.00000000        0.00000001
     4214.        0.00886058        0.00007152        0.00886086       -0.00000001       -0.00000000        0.00000001
     4215.        0.00909200        0.00007545        0.00909232       -0.00000001       -0.00000000        0.00000001
     4216.        0.00932418        0.00007955        0.00932452       -0.00000001       -0.00000000        0.00000001
     4217.        0.00955704        0.00008381        0.00955741       -0.00000001       -0.00000000        0.00000001
     4218.        0.00979051        0.00008824        0.00979091       -0.00000001       -0.00000000        0.00000001
     4219.        0.01002456        0.00009282        0.01002499       -0.00000001       -0.00000000        0.00000001
     4220.        0.01025909        0.00009754        0.01025956       -0.00000001       -0.00000000        0.00000001
     4221.        0.01049408        0.00010239        0.01049458       -0.00000001       -0.00000000        0.00000001
     4222.        0.01072946        0.00010736        0.01073000       -0.00000001       -0.00000000        0.00000001
     4223.        0.01096521        0.00011243        0.01096578       -0.00000001       -0.00000000        0.00000001
     4224.        0.01120126        0.00011760        0.01120188       -0.00000001       -0.00000000        0.00000001
     4225.        0.01143759        0.00012284        0.01143825       -0.00000001       -0.00000000        0.00000001
     4226.        0.01167419        0.00012814        0.01167489       -0.00000001       -0.00000000        0.00000001
     4227.        0.01191100        0.00013350        0.01191175       -0.00000001       -0.00000000        0.00000001
     4228.        0.01214801        0.00013892        0.01214880       -0.00000001       -0.00000000        0.00000001
     4229.        0.01238521        0.00014438        0.01238606       -0.00000001       -0.00000000        0.00000001
     4230.        0.01262257        0.00014989        0.01262346       -0.00000001       -0.00000000        0.00000001
     4231.        0.01286006        0.00015545        0.01286100       -0.00000001       -0.00000000        0.00000001
     4232.        0.01309768        0.00016106        0.01309867       -0.00000001       -0.00000000        0.00000001
     4233.        0.01333540        0.00016673        0.01333644       -0.00000001       -0.00000000        0.00000001
     4234.        0.01357320        0.00017246        0.01357430       -0.00000001       -0.00000000        0.00000001
     4235.        0.01381108        0.00017827        0.01381223       -0.00000001       -0.00000000        0.00000001
     4236.        0.01404906        0.00018417        0.01405026       -0.00000001       -0.00000000        0.00000001
     4237.        0.01428696        0.00019017        0.01428822       -0.00000001       -0.00000000        0.00000001
     4238.        0.01452489        0.00019627        0.01452622       -0.00000001       -0.00000000        0.00000001
     4239.        0.01476282        0.00020249        0.01476421       -0.00000001       -0.00000000        0.00000001
     4240.        0.01500072        0.00020884        0.01500218       -0.00000001       -0.00000000        0.00000001
     4241.        0.01523856        0.00021534        0.01524009       -0.00000001       -0.00000000        0.00000001
     4242.        0.01547631        0.00022197        0.01547790       -0.00000001       -0.00000000        0.00000001
     4243.        0.01571394        0.00022876        0.01571560       -0.00000001       -0.00000000        0.00000001
     4244.        0.01595141        0.00023571        0.01595315       -0.00000001       -0.00000000        0.00000001
     4245.        0.01618870        0.00024282        0.01619052       -0.00000001       -0.00000000        0.00000001
     4246.        0.01642578        0.00025010        0.01642769       -0.00000001       -0.00000000        0.00000001
     4247.        0.01666263        0.00025753        0.01666462       -0.00000001       -0.00000000        0.00000001
     4248.        0.01689920        0.00026513        0.01690128       -0.00000001       -0.00000000        0.00000001
     4249.        0.01713563        0.00027288        0.01713780       -0.00000001       -0.00000000        0.00000001
     4250.        0.01737174        0.00028079        0.01737401       -0.00000001       -0.00000000        0.00000001
     4251.        0.01760749        0.00028884        0.01760986       -0.00000001       -0.00000000        0.00000001
     4252.        0.01784287        0.00029702        0.01784535       -0.00000001       -0.00000000        0.00000001
     4253.        0.01807800        0.00030534        0.01808058       -0.00000001       -0.00000000        0.00000001
     4254.        0.01831270        0.00031377        0.01831539       -0.00000001       -0.00000000        0.00000001
     4255.        0.01854709        0.00032230        0.01854989       -0.00000001       -0.00000000        0.00000001
     4256.        0.01878100        0.00033093        0.01878392       -0.00000001       -0.00000000        0.00000001
     4257.        0.01901471        0.00033965        0.01901775       -0.00000001       -0.00000000        0.00000001
     4258.        0.01924790        0.00034844        0.01925105       -0.00000001       -0.00000000        0.00000001
     4259.        0.01948068        0.00035728        0.01948395       -0.00000001       -0.00000000        0.00000001
     4260.        0.01971319        0.00036618        0.01971659       -0.00000001       -0.00000000        0.00000001
     4261.        0.01994526        0.00037512        0.01994879       -0.00000001       -0.00000000        0.00000001
     4262.        0.02017686        0.00038410        0.02018051       -0.00000001       -0.00000000        0.00000001
     4263.        0.02040813        0.00039310        0.02041191       -0.00000001       -0.00000000        0.00000001
     4264.        0.02063904        0.00040212        0.02064296       -0.00000001       -0.00000000        0.00000001
     4265.        0.02086958        0.00041116        0.02087363       -0.00000001       -0.00000000        0.00000001
     4266.        0.02109973        0.00042022        0.02110391       -0.00000001       -0.00000000        0.00000001
     4267.        0.02132962        0.00042928        0.02133394       -0.00000001       -0.00000000        0.00000001
     4268.        0.02155909        0.00043836        0.02156354       -0.00000001       -0.00000000        0.00000001
     4269.        0.02178826        0.00044746        0.02179286       -0.00000001       -0.00000000        0.00000001
     4270.        0.02201714        0.00045657        0.02202187       -0.00000001       -0.00000000        0.00000001
     4271.        0.02224569        0.00046571        0.02225056       -0.00000001       -0.00000000        0.00000001
     4272.        0.02247390        0.00047488        0.02247891       -0.00000001       -0.00000000        0.00000001
     4273.        0.02270192        0.00048408        0.02270708       -0.00000001       -0.00000000        0.00000001
     4274.        0.02292957        0.00049332        0.02293488       -0.00000001       -0.00000000        0.00000001
     4275.        0.02315683        0.00050261        0.02316229       -0.00000001       -0.00000000        0.00000001
     4276.        0.02338403        0.00051196        0.02338963       -0.00000001       -0.00000000        0.00000001
     4277.        0.02361081        0.00052137        0.02361656       -0.00000001       -0.00000000        0.00000001
     4278.        0.02383732        0.00053086        0.02384323       -0.00000001       -0.00000000        0.00000001
     4279.        0.02406373        0.00054044        0.02406979       -0.00000001       -0.00000000        0.00000001
     4280.        0.02428967        0.00055010        0.02429590       -0.00000001       -0.00000000        0.00000001
     4281.        0.02451548        0.00055987        0.02452187       -0.00000001       -0.00000000        0.00000001
     4282.        0.02474115        0.00056974        0.02474770       -0.00000001       -0.00000000        0.00000001
     4283.        0.02496631        0.00057973        0.02497304       -0.00000001       -0.00000000        0.00000001
     4284.        0.02519147        0.00058984        0.02519837       -0.00000001       -0.00000000        0.00000001
     4285.        0.02541628        0.00060008        0.02542336       -0.00000001       -0.00000000        0.00000001
     4286.        0.02564072        0.00061045        0.02564798       -0.00000001       -0.00000000        0.00000001
     4287.        0.02586495        0.00062095        0.02587240       -0.00000001       -0.00000000        0.00000001
     4288.        0.02608896        0.00063160        0.02609661       -0.00000001       -0.00000000        0.00000001
     4289.        0.02631275        0.00064239        0.02632059       -0.00000001       -0.00000000        0.00000001
     4290.        0.02653629        0.00065332        0.02654433       -0.00000001       -0.00000000        0.00000001
     4291.        0.02675958        0.00066440        0.02676783       -0.00000001       -0.00000000        0.00000001
     4292.        0.02698261        0.00067561        0.02699107       -0.00000002       -0.00000000        0.00000002
     4293.        0.02720537        0.00068698        0.02721404       -0.00000002       -0.00000000        0.00000002
     4294.        0.02742803        0.00069848        0.02743692       -0.00000002       -0.00000000        0.00000002
     4295.        0.02765039        0.00071012        0.02765950       -0.00000002       -0.00000000        0.00000002
     4296.        0.02787245        0.00072189        0.02788179       -0.00000002       -0.00000000        0.00000002
     4297.        0.02809419        0.00073380        0.02810377       -0.00000002       -0.00000000        0.00000002
     4298.        0.02831579        0.00074583        0.02832561       -0.00000002       -0.00000000        0.00000002
     4299.        0.02853724        0.00075799        0.02854731       -0.00000002       -0.00000000        0.00000002
     4300.        0.02875835        0.00077028        0.02876867       -0.00000002       -0.00000000        0.00000002
     4301.        0.02897948        0.00078267        0.02899005       -0.00000002       -0.00000000        0.00000002
     4302.        0.02920024        0.00079518        0.02921107       -0.00000002       -0.00000000        0.00000002
     4303.        0.02942082        0.00080780        0.02943191       -0.00000002       -0.00000000        0.00000002
     4304.        0.02964140        0.00082053        0.02965275       -0.00000002       -0.00000000        0.00000002
     4305.        0.02986158        0.00083334        0.02987321       -0.00000002       -0.00000000        0.00000002
     4306.        0.03008175        0.00084621        0.03009365       -0.00000002       -0.00000000        0.00000002
     4307.        0.03030189        0.00085916        0.03031406       -0.00000002       -0.00000000        0.00000002
     4308.        0.03052199        0.00087220        0.03053445       -0.00000002       -0.00000000        0.00000002
     4309.        0.03074187        0.00088533        0.03075461       -0.00000002       -0.00000000        0.00000002
     4310.        0.03096170        0.00089854        0.03097474       -0.00000002       -0.00000000        0.00000002
     4311.        0.03118148        0.00091181        0.03119481       -0.00000002       -0.00000000        0.00000002
     4312.        0.03140139        0.00092513        0.03141502       -0.00000002       -0.00000000        0.00000002
     4313.        0.03162105        0.00093848        0.03163497       -0.00000002       -0.00000000        0.00000002
     4314.        0.03184102        0.00095185        0.03185525       -0.00000002       -0.00000000        0.00000002
     4315.        0.03206092        0.00096526        0.03207545       -0.00000002       -0.00000000        0.00000002
     4316.        0.03228114        0.00097873        0.03229597       -0.00000002       -0.00000000        0.00000002
     4317.        0.03250147        0.00099226        0.03251661       -0.00000002       -0.00000000        0.00000002
     4318.        0.03272210        0.00100587        0.03273756       -0.00000002       -0.00000000        0.00000002
     4319.        0.03294304        0.00101955        0.03295882       -0.00000002       -0.00000000        0.00000002
     4320.        0.03316429        0.00103333        0.03318038       -0.00000002       -0.00000000        0.00000002
     4321.        0.03338603        0.00104724        0.03340246       -0.00000002       -0.00000000        0.00000002
     4322.        0.03360808        0.00106141        0.03362484       -0.00000002       -0.00000000        0.00000002
     4323.        0.03383103        0.00107582        0.03384813       -0.00000002       -0.00000000        0.00000002
     4324.        0.03405408        0.00109091        0.03407155       -0.00000002       -0.00000000        0.00000002
     4325.        0.03427742        0.00110602        0.03429526       -0.00000002       -0.00000000        0.00000002
     4326.        0.03450187        0.00112139        0.03452009       -0.00000002       -0.00000000        0.00000002
     4327.        0.03472724        0.00113777        0.03474587       -0.00000002       -0.00000000        0.00000002
     4328.        0.03495249        0.00115525        0.03497158       -0.00000002       -0.00000000        0.00000002
     4329.        0.03517763        0.00117308        0.03519719       -0.00000002       -0.00000000        0.00000002
     4330.        0.03540327        0.00119073        0.03542329       -0.00000002       -0.00000000        0.00000002
     4331.        0.03563002        0.00120866        0.03565052       -0.00000002       -0.00000000        0.00000002
     4332.        0.03585810        0.00122763        0.03587911       -0.00000002       -0.00000000        0.00000002
     4333.        0.03608710        0.00124812        0.03610868       -0.00000002       -0.00000000        0.00000002
     4334.        0.03631599        0.00127023        0.03633820       -0.00000002       -0.00000000        0.00000002
     4335.        0.03654476        0.00129361        0.03656764       -0.00000002       -0.00000000        0.00000002
     4336.        0.03677277        0.00131764        0.03679637       -0.00000002       -0.00000000        0.00000002
     4337.        0.03700085        0.00134176        0.03702517       -0.00000002       -0.00000000        0.00000002
     4338.        0.03722943        0.00136585        0.03725447       -0.00000002       -0.00000000        0.00000002
     4339.        0.03745913        0.00139024        0.03748492       -0.00000002       -0.00000000        0.00000002
     4340.        0.03768996        0.00141548        0.03771653       -0.00000002       -0.00000000        0.00000002
     4341.        0.03792213        0.00144209        0.03794954       -0.00000002       -0.00000000        0.00000002
     4342.        0.03815524        0.00147047        0.03818356       -0.00000002       -0.00000000        0.00000002
     4343.        0.03838863        0.00150082        0.03841796       -0.00000002       -0.00000000        0.00000002
     4344.        0.03862189        0.00153313        0.03865231       -0.00000002       -0.00000000        0.00000002
     4345.        0.03885479        0.00156717        0.03888638       -0.00000002       -0.00000000        0.00000002
     4346.        0.03908711        0.00160256        0.03911995       -0.00000002       -0.00000000        0.00000002
     4347.        0.03931884        0.00163886        0.03935298       -0.00000002       -0.00000000        0.00000002
     4348.        0.03954996        0.00167567        0.03958545       -0.00000002       -0.00000000        0.00000002
     4349.        0.03978092        0.00171274        0.03981777       -0.00000002       -0.00000000        0.00000002
     4350.        0.04001212        0.00175005        0.04005038       -0.00000002       -0.00000000        0.00000002
     4351.        0.04024402        0.00178777        0.04028371       -0.00000002       -0.00000000        0.00000002
     4352.        0.04047704        0.00182623        0.04051822       -0.00000002       -0.00000000        0.00000002
     4353.        0.04071121        0.00186582        0.04075394       -0.00000002       -0.00000000        0.00000002
     4354.        0.04094629        0.00190695        0.04099067       -0.00000002       -0.00000000        0.00000002
     4355.        0.04118230        0.00194996        0.04122844       -0.00000002       -0.00000000        0.00000002
     4356.        0.04141879        0.00199511        0.04146682       -0.00000002       -0.00000000        0.00000002
     4357.        0.04165577        0.00204257        0.04170582       -0.00000002       -0.00000000        0.00000002
     4358.        0.04189257        0.00209238        0.04194479       -0.00000002       -0.00000000        0.00000002
     4359.        0.04212873        0.00214448        0.04218327       -0.00000002       -0.00000000        0.00000002
     4360.        0.04236447        0.00219870        0.04242149       -0.00000002       -0.00000000        0.00000002
     4361.        0.04259888        0.00225477        0.04265851       -0.00000002       -0.00000000        0.00000002
     4362.        0.04283240        0.00231242        0.04289478       -0.00000002       -0.00000000        0.00000002
     4363.        0.04306457        0.00237126        0.04312980       -0.00000002       -0.00000000        0.00000002
     4364.        0.04329582        0.00243100        0.04336401       -0.00000002       -0.00000000        0.00000002
     4365.        0.04352614        0.00249139        0.04359739       -0.00000002       -0.00000000        0.00000002
     4366.        0.04375576        0.00255221        0.04383013       -0.00000002       -0.00000000        0.00000002
     4367.        0.04398489        0.00261339        0.04406246       -0.00000002       -0.00000000        0.00000002
     4368.        0.04421420        0.00267497        0.04429505       -0.00000002       -0.00000000        0.00000002
     4369.        0.04444371        0.00273704        0.04452791       -0.00000002       -0.00000000        0.00000002
     4370.        0.04467340        0.00279977        0.04476105       -0.00000002       -0.00000000        0.00000002
     4371.        0.04490397        0.00286342        0.04499517       -0.00000002       -0.00000000        0.00000002
     4372.        0.04513518        0.00292826        0.04523007       -0.00000002       -0.00000000        0.00000002
     4373.        0.04536682        0.00299457        0.04546555       -0.00000002       -0.00000000        0.00000002
     4374.        0.04559934        0.00306259        0.04570207       -0.00000002       -0.00000000        0.00000002
     4375.        0.04583205        0.00313258        0.04593898       -0.00000002       -0.00000000        0.00000002
     4376.        0.04606518        0.00320470        0.04617652       -0.00000002       -0.00000000        0.00000002
     4377.        0.04629826        0.00327913        0.04641424       -0.00000002       -0.00000000        0.00000002
     4378.        0.04653106        0.00335590        0.04665192       -0.00000002       -0.00000000        0.00000002
     4379.        0.04676332        0.00343505        0.04688932       -0.00000002       -0.00000000        0.00000002
     4380.        0.04699506        0.00351658        0.04712644       -0.00000002       -0.00000000        0.00000002
     4381.        0.04722578        0.00360035        0.04736282       -0.00000002       -0.00000000        0.00000002
     4382.        0.04745524        0.00368622        0.04759819       -0.00000002       -0.00000000        0.00000002
     4383.        0.04768318        0.00377405        0.04783230       -0.00000002       -0.00000000        0.00000002
     4384.        0.04790984        0.00386356        0.04806537       -0.00000002       -0.00000000        0.00000002
     4385.        0.04813472        0.00395456        0.04829689       -0.00000002       -0.00000000        0.00000002
     4386.        0.04835805        0.00404678        0.04852708       -0.00000002       -0.00000000        0.00000002
     4387.        0.04858004        0.00414002        0.04875613       -0.00000002       -0.00000000        0.00000002
     4388.        0.04880046        0.00423404        0.04898380       -0.00000002       -0.00000000        0.00000002
     4389.        0.04901929        0.00432864        0.04921003       -0.00000002       -0.00000000        0.00000002
     4390.        0.04923723        0.00442369        0.04943555       -0.00000002       -0.00000000        0.00000002
     4391.        0.04945403        0.00451908        0.04966008       -0.00000002       -0.00000000        0.00000002
     4392.        0.04967018        0.00461474        0.04988410       -0.00000002       -0.00000000        0.00000002
     4393.        0.04988567        0.00471070        0.05010759       -0.00000002       -0.00000000        0.00000002
     4394.        0.05010098        0.00480697        0.05033105       -0.00000002       -0.00000000        0.00000002
     4395.        0.05031609        0.00490365        0.05055448       -0.00000002       -0.00000000        0.00000002
     4396.        0.05053102        0.00500085        0.05077788       -0.00000002       -0.00000000        0.00000002
     4397.        0.05074601        0.00509871        0.05100151       -0.00000002       -0.00000000        0.00000002
     4398.        0.05096129        0.00519745        0.05122564       -0.00000002       -0.00000000        0.00000002
     4399.        0.05117687        0.00529717        0.05145029       -0.00000002       -0.00000000        0.00000002
     4400.        0.05139276        0.00539815        0.05167548       -0.00000002       -0.00000000        0.00000002
     4401.        0.05160869        0.00550050        0.05190099       -0.00000002       -0.00000000        0.00000002
     4402.        0.05182492        0.00560444        0.05212708       -0.00000002       -0.00000000        0.00000002
     4403.        0.05204121        0.00571011        0.05235354       -0.00000002       -0.00000000        0.00000002
     4404.        0.05225754        0.00581764        0.05258037       -0.00000002       -0.00000000        0.00000002
     4405.        0.05247342        0.00592717        0.05280711       -0.00000002       -0.00000000        0.00000002
     4406.        0.05268909        0.00603877        0.05303401       -0.00000002       -0.00000000        0.00000002
     4407.        0.05290429        0.00615249        0.05326084       -0.00000002       -0.00000000        0.00000002
     4408.        0.05311878        0.00626839        0.05348736       -0.00000002       -0.00000000        0.00000002
     4409.        0.05333254        0.00638643        0.05371356       -0.00000002       -0.00000000        0.00000002
     4410.        0.05354506        0.00650659        0.05393894       -0.00000002       -0.00000000        0.00000002
     4411.        0.05375633        0.00662884        0.05416350       -0.00000002       -0.00000000        0.00000002
     4412.        0.05396635        0.00675307        0.05438723       -0.00000002       -0.00000000        0.00000002
     4413.        0.05417483        0.00687918        0.05460985       -0.00000002       -0.00000000        0.00000002
     4414.        0.05438178        0.00700705        0.05483135       -0.00000002       -0.00000000        0.00000002
     4415.        0.05458693        0.00713650        0.05505145       -0.00000002       -0.00000000        0.00000002
     4416.        0.05479025        0.00726740        0.05527013       -0.00000002       -0.00000000        0.00000002
     4417.        0.05499149        0.00739962        0.05548710       -0.00000002       -0.00000000        0.00000002
     4418.        0.05519115        0.00753293        0.05570285       -0.00000002       -0.00000000        0.00000002
     4419.        0.05538894        0.00766719        0.05591709       -0.00000002       -0.00000000        0.00000002
     4420.        0.05558487        0.00780226        0.05612978       -0.00000002       -0.00000000        0.00000002
     4421.        0.05577891        0.00793796        0.05634090       -0.00000002       -0.00000000        0.00000002
     4422.        0.05597131        0.00807417        0.05655068       -0.00000002       -0.00000000        0.00000002
     4423.        0.05616207        0.00821075        0.05675909       -0.00000002       -0.00000000        0.00000002
     4424.        0.05635143        0.00834761        0.05696636       -0.00000002       -0.00000000        0.00000002
     4425.        0.05653938        0.00848465        0.05717247       -0.00000002       -0.00000000        0.00000002
     4426.        0.05672592        0.00862187        0.05737740       -0.00000002       -0.00000000        0.00000002
     4427.        0.05691155        0.00875917        0.05758166       -0.00000002       -0.00000000        0.00000002
     4428.        0.05709628        0.00889657        0.05778524       -0.00000002       -0.00000000        0.00000002
     4429.        0.05728009        0.00903408        0.05798814       -0.00000002       -0.00000000        0.00000002
     4430.        0.05746352        0.00917173        0.05819086       -0.00000002       -0.00000000        0.00000002
     4431.        0.05764602        0.00930959        0.05839291       -0.00000002       -0.00000000        0.00000002
     4432.        0.05782813        0.00944771        0.05859481       -0.00000002       -0.00000000        0.00000002
     4433.        0.05801010        0.00958620        0.05879682       -0.00000002       -0.00000000        0.00000002
     4434.        0.05819166        0.00972514        0.05899871       -0.00000002       -0.00000000        0.00000002
     4435.        0.05837283        0.00986464        0.05920049       -0.00000002       -0.00000000        0.00000002
     4436.        0.05855412        0.01000482        0.05940270       -0.00000002       -0.00000000        0.00000002
     4437.        0.05873500        0.01014582        0.05960484       -0.00000002       -0.00000000        0.00000002
     4438.        0.05891573        0.01028773        0.05980720       -0.00000002       -0.00000000        0.00000002
     4439.        0.05909660        0.01043068        0.06001006       -0.00000002       -0.00000000        0.00000002
     4440.        0.05927678        0.01057481        0.06021265       -0.00000002       -0.00000000        0.00000002
     4441.        0.05945708        0.01072017        0.06041578       -0.00000002       -0.00000000        0.00000002
     4442.        0.05963696        0.01086692        0.06061895       -0.00000002       -0.00000000        0.00000002
     4443.        0.05981643        0.01101510        0.06082218       -0.00000002       -0.00000000        0.00000002
     4444.        0.05999519        0.01116480        0.06102521       -0.00000002       -0.00000000        0.00000002
     4445.        0.06017353        0.01131612        0.06122833       -0.00000002       -0.00000000        0.00000002
     4446.        0.06035116        0.01146905        0.06143128       -0.00000002       -0.00000000        0.00000002
     4447.        0.06052808        0.01162369        0.06163407       -0.00000002       -0.00000000        0.00000002
     4448.        0.06070402        0.01178001        0.06183645       -0.00000002       -0.00000000        0.00000002
     4449.        0.06087868        0.01193802        0.06203814       -0.00000002       -0.00000000        0.00000002
     4450.        0.06105234        0.01209773        0.06223941       -0.00000002       -0.00000000        0.00000002
     4451.        0.06122472        0.01225912        0.06243999       -0.00000002       -0.00000000        0.00000002
     4452.        0.06139553        0.01242210        0.06263960       -0.00000002       -0.00000000        0.00000002
     4453.        0.06156504        0.01258669        0.06283852       -0.00000002       -0.00000000        0.00000002
     4454.        0.06173268        0.01275276        0.06303616       -0.00000002       -0.00000000        0.00000002
     4455.        0.06189873        0.01292027        0.06323280       -0.00000002       -0.00000000        0.00000002
     4456.        0.06206289        0.01308910        0.06342813       -0.00000002       -0.00000000        0.00000002
     4457.        0.06222544        0.01325916        0.06362241       -0.00000002       -0.00000000        0.00000002
     4458.        0.06238580        0.01343037        0.06381507       -0.00000002       -0.00000000        0.00000002
     4459.        0.06254424        0.01360255        0.06400634       -0.00000002       -0.00000000        0.00000002
     4460.        0.06270048        0.01377566        0.06419594       -0.00000002       -0.00000000        0.00000002
     4461.        0.06285477        0.01394950        0.06438409       -0.00000002       -0.00000000        0.00000002
     4462.        0.06300711        0.01412398        0.06457075       -0.00000002       -0.00000001        0.00000002
     4463.        0.06315720        0.01429897        0.06475564       -0.00000002       -0.00000001        0.00000002
     4464.        0.06330532        0.01447441        0.06493899       -0.00000002       -0.00000001        0.00000002
     4465.        0.06345174        0.01465014        0.06512104       -0.00000002       -0.00000001        0.00000002
     4466.        0.06359617        0.01482623        0.06530153       -0.00000002       -0.00000001        0.00000002
     4467.        0.06373830        0.01500232        0.06548008       -0.00000002       -0.00000001        0.00000002
     4468.        0.06387899        0.01517838        0.06565751       -0.00000002       -0.00000001        0.00000002
     4469.        0.06401794        0.01535459        0.06583358       -0.00000002       -0.00000001        0.00000002
     4470.        0.06415486        0.01553085        0.06600798       -0.00000002       -0.00000001        0.00000002
     4471.        0.06429001        0.01570675        0.06618087       -0.00000002       -0.00000001        0.00000002
     4472.        0.06442368        0.01588210        0.06635248       -0.00000002       -0.00000001        0.00000002
     4473.        0.06455616        0.01605705        0.06652313       -0.00000002       -0.00000001        0.00000002
     4474.        0.06468742        0.01623177        0.06669283       -0.00000002       -0.00000001        0.00000002
     4475.        0.06481719        0.01640633        0.06686132       -0.00000002       -0.00000001        0.00000002
     4476.        0.06494603        0.01658071        0.06702915       -0.00000002       -0.00000001        0.00000002
     4477.        0.06507335        0.01675478        0.06719571       -0.00000002       -0.00000001        0.00000002
     4478.        0.06519945        0.01692827        0.06736122       -0.00000002       -0.00000001        0.00000002
     4479.        0.06532460        0.01710104        0.06752591       -0.00000002       -0.00000001        0.00000002
     4480.        0.06544909        0.01727317        0.06769007       -0.00000002       -0.00000001        0.00000002
     4481.        0.06557292        0.01744479        0.06785373       -0.00000002       -0.00000001        0.00000002
     4482.        0.06569668        0.01761613        0.06801751       -0.00000002       -0.00000001        0.00000002
     4483.        0.06582006        0.01778734        0.06818116       -0.00000002       -0.00000001        0.00000002
     4484.        0.06594308        0.01795861        0.06834472       -0.00000002       -0.00000001        0.00000002
     4485.        0.06606543        0.01812998        0.06850793       -0.00000002       -0.00000001        0.00000002
     4486.        0.06618740        0.01830153        0.06867109       -0.00000002       -0.00000001        0.00000002
     4487.        0.06630900        0.01847319        0.06883417       -0.00000002       -0.00000001        0.00000002
     4488.        0.06642993        0.01864491        0.06899688       -0.00000002       -0.00000001        0.00000002
     4489.        0.06655019        0.01881663        0.06915919       -0.00000002       -0.00000001        0.00000002
     4490.        0.06667006        0.01898834        0.06932138       -0.00000002       -0.00000001        0.00000002
     4491.        0.06678985        0.01916007        0.06948376       -0.00000002       -0.00000001        0.00000002
     4492.        0.06690956        0.01933194        0.06964634       -0.00000002       -0.00000001        0.00000002
     4493.        0.06702919        0.01950408        0.06980918       -0.00000002       -0.00000001        0.00000002
     4494.        0.06714873        0.01967666        0.06997230       -0.00000002       -0.00000001        0.00000002
     4495.        0.06726819        0.01984985        0.07013577       -0.00000002       -0.00000001        0.00000002
     4496.        0.06738788        0.02002383        0.07029993       -0.00000002       -0.00000001        0.00000002
     4497.        0.06750718        0.02019876        0.07046424       -0.00000002       -0.00000001        0.00000002
     4498.        0.06762610        0.02037468        0.07062873       -0.00000002       -0.00000001        0.00000002
     4499.        0.06774464        0.02055174        0.07079343       -0.00000002       -0.00000001        0.00000002
     4500.        0.06786280        0.02072993        0.07095836       -0.00000002       -0.00000001        0.00000002
     4501.        0.06798026        0.02090928        0.07112323       -0.00000002       -0.00000001        0.00000002
     4502.        0.06809674        0.02108974        0.07128775       -0.00000002       -0.00000001        0.00000002
     4503.        0.06821222        0.02127128        0.07145190       -0.00000002       -0.00000001        0.00000002
     4504.        0.06832700        0.02145384        0.07161596       -0.00000002       -0.00000001        0.00000002
     4505.        0.06844047        0.02163733        0.07177933       -0.00000002       -0.00000001        0.00000002
     4506.        0.06855292        0.02182176        0.07194229       -0.00000002       -0.00000001        0.00000002
     4507.        0.06866437        0.02200701        0.07210481       -0.00000002       -0.00000001        0.00000002
     4508.        0.06877449        0.02219307        0.07226661       -0.00000002       -0.00000001        0.00000002
     4509.        0.06888389        0.02237994        0.07242826       -0.00000002       -0.00000001        0.00000002
     4510.        0.06899196        0.02256760        0.07258917       -0.00000002       -0.00000001        0.00000002
     4511.        0.06909900        0.02275612        0.07274966       -0.00000002       -0.00000001        0.00000002
     4512.        0.06920469        0.02294548        0.07290942       -0.00000002       -0.00000001        0.00000002
     4513.        0.06930965        0.02313570        0.07306906       -0.00000002       -0.00000001        0.00000002
     4514.        0.06941294        0.02332684        0.07322771       -0.00000002       -0.00000001        0.00000002
     4515.        0.06951518        0.02351886        0.07338595       -0.00000002       -0.00000001        0.00000002
     4516.        0.06961606        0.02371180        0.07354350       -0.00000002       -0.00000001        0.00000002
     4517.        0.06971557        0.02390567        0.07370035       -0.00000002       -0.00000001        0.00000002
     4518.        0.06981338        0.02410036        0.07385619       -0.00000002       -0.00000001        0.00000002
     4519.        0.06990982        0.02429592        0.07401131       -0.00000002       -0.00000001        0.00000002
     4520.        0.07000423        0.02449222        0.07416510       -0.00000002       -0.00000001        0.00000002
     4521.        0.07009694        0.02468923        0.07431782       -0.00000002       -0.00000001        0.00000002
     4522.        0.07018792        0.02488682        0.07446945       -0.00000002       -0.00000001        0.00000002
     4523.        0.07027687        0.02508493        0.07461965       -0.00000002       -0.00000001        0.00000002
     4524.        0.07036377        0.02528341        0.07476838       -0.00000002       -0.00000001        0.00000002
     4525.        0.07044893        0.02548216        0.07491590       -0.00000002       -0.00000001        0.00000002
     4526.        0.07053202        0.02568107        0.07506186       -0.00000002       -0.00000001        0.00000002
     4527.        0.07061272        0.02588000        0.07520592       -0.00000002       -0.00000001        0.00000002
     4528.        0.07069197        0.02607885        0.07534893       -0.00000002       -0.00000001        0.00000002
     4529.        0.07076881        0.02627744        0.07548993       -0.00000002       -0.00000001        0.00000002
     4530.        0.07084419        0.02647575        0.07562979       -0.00000002       -0.00000001        0.00000002
     4531.        0.07091746        0.02667362        0.07576786       -0.00000002       -0.00000001        0.00000002
     4532.        0.07098894        0.02687100        0.07590442       -0.00000002       -0.00000001        0.00000002
     4533.        0.07105893        0.02706777        0.07603970       -0.00000002       -0.00000001        0.00000002
     4534.        0.07112743        0.02726395        0.07617371       -0.00000002       -0.00000001        0.00000002
     4535.        0.07119412        0.02745943        0.07630611       -0.00000002       -0.00000001        0.00000002
     4536.        0.07125962        0.02765422        0.07643749       -0.00000002       -0.00000001        0.00000002
     4537.        0.07132394        0.02784825        0.07656781       -0.00000002       -0.00000001        0.00000002
     4538.        0.07138707        0.02804156        0.07669709       -0.00000002       -0.00000001        0.00000002
     4539.        0.07144868        0.02823413        0.07682500       -0.00000002       -0.00000001        0.00000002
     4540.        0.07150942        0.02842595        0.07695214       -0.00000002       -0.00000001        0.00000002
     4541.        0.07156928        0.02861703        0.07707851       -0.00000002       -0.00000001        0.00000002
     4542.        0.07162794        0.02880742        0.07720382       -0.00000002       -0.00000001        0.00000002
     4543.        0.07168604        0.02899711        0.07732865       -0.00000002       -0.00000001        0.00000002
     4544.        0.07174292        0.02918612        0.07745241       -0.00000002       -0.00000001        0.00000002
     4545.        0.07179924        0.02937447        0.07757571       -0.00000002       -0.00000001        0.00000002
     4546.        0.07185500        0.02956220        0.07769855       -0.00000002       -0.00000001        0.00000002
     4547.        0.07190954        0.02974934        0.07782034       -0.00000002       -0.00000001        0.00000002
     4548.        0.07196383        0.02993584        0.07794195       -0.00000002       -0.00000001        0.00000002
     4549.        0.07201724        0.03012180        0.07806283       -0.00000002       -0.00000001        0.00000002
     4550.        0.07207006        0.03030722        0.07818326       -0.00000002       -0.00000001        0.00000002
     4551.        0.07212232        0.03049209        0.07830324       -0.00000002       -0.00000001        0.00000002
     4552.        0.07217401        0.03067643        0.07842277       -0.00000002       -0.00000001        0.00000002
     4553.        0.07222512        0.03086028        0.07854187       -0.00000002       -0.00000001        0.00000002
     4554.        0.07227599        0.03104364        0.07866083       -0.00000002       -0.00000001        0.00000002
     4555.        0.07232595        0.03122649        0.07877903       -0.00000002       -0.00000001        0.00000002
     4556.        0.07237566        0.03140894        0.07889713       -0.00000002       -0.00000001        0.00000002
     4557.        0.07242480        0.03159087        0.07901478       -0.00000002       -0.00000001        0.00000002
     4558.        0.07247369        0.03177243        0.07913231       -0.00000002       -0.00000001        0.00000002
     4559.        0.07252201        0.03195353        0.07924941       -0.00000002       -0.00000001        0.00000002
     4560.        0.07257008        0.03213424        0.07936640       -0.00000002       -0.00000001        0.00000002
     4561.        0.07261757        0.03231457        0.07948297       -0.00000002       -0.00000001        0.00000002
     4562.        0.07266481        0.03249453        0.07959943       -0.00000002       -0.00000001        0.00000002
     4563.        0.07271214        0.03267415        0.07971609       -0.00000002       -0.00000001        0.00000002
     4564.        0.07275889        0.03285348        0.07983237       -0.00000002       -0.00000001        0.00000002
     4565.        0.07280540        0.03303253        0.07994857       -0.00000002       -0.00000001        0.00000002
     4566.        0.07285200        0.03321130        0.08006501       -0.00000002       -0.00000001        0.00000002
     4567.        0.07289803        0.03338990        0.08018109       -0.00000002       -0.00000001        0.00000002
     4568.        0.07294414        0.03356832        0.08029745       -0.00000002       -0.00000001        0.00000002
     4569.        0.07299035        0.03374666        0.08041411       -0.00000002       -0.00000001        0.00000002
     4570.        0.07303599        0.03392502        0.08053050       -0.00000002       -0.00000001        0.00000002
     4571.        0.07308172        0.03410308        0.08064712       -0.00000002       -0.00000001        0.00000002
     4572.        0.07312755        0.03428151        0.08076422       -0.00000002       -0.00000001        0.00000002
     4573.        0.07317314        0.03445960        0.08088123       -0.00000002       -0.00000001        0.00000002
     4574.        0.07321850        0.03463839        0.08099856       -0.00000002       -0.00000001        0.00000002
     4575.        0.07326395        0.03481685        0.08111609       -0.00000002       -0.00000001        0.00000002
     4576.        0.07330918        0.03499599        0.08123395       -0.00000002       -0.00000001        0.00000002
     4577.        0.07335451        0.03517515        0.08135217       -0.00000002       -0.00000001        0.00000002
     4578.        0.07339926        0.03535466        0.08147026       -0.00000002       -0.00000001        0.00000002
     4579.        0.07344412        0.03553486        0.08158900       -0.00000002       -0.00000001        0.00000002
     4580.        0.07348841        0.03571506        0.08170747       -0.00000002       -0.00000001        0.00000002
     4581.        0.07353280        0.03589596        0.08182660       -0.00000002       -0.00000001        0.00000002
     4582.        0.07357662        0.03607755        0.08194577       -0.00000002       -0.00000001        0.00000002
     4583.        0.07362020        0.03625950        0.08206513       -0.00000002       -0.00000001        0.00000002
     4584.        0.07366321        0.03644214        0.08218454       -0.00000002       -0.00000001        0.00000002
     4585.        0.07370564        0.03662548        0.08230399       -0.00000002       -0.00000001        0.00000002
     4586.        0.07374784        0.03680951        0.08242380       -0.00000002       -0.00000001        0.00000002
     4587.        0.07378910        0.03699390        0.08254320       -0.00000002       -0.00000001        0.00000002
     4588.        0.07383014        0.03717934        0.08266312       -0.00000002       -0.00000001        0.00000002
     4589.        0.07387024        0.03736513        0.08278264       -0.00000002       -0.00000001        0.00000002
     4590.        0.07390941        0.03755162        0.08290190       -0.00000002       -0.00000001        0.00000002
     4591.        0.07394799        0.03773882        0.08302123       -0.00000002       -0.00000001        0.00000002
     4592.        0.07398529        0.03792673        0.08314000       -0.00000002       -0.00000001        0.00000002
     4593.        0.07402200        0.03811534        0.08325885       -0.00000002       -0.00000001        0.00000002
     4594.        0.07405741        0.03830467        0.08337714       -0.00000002       -0.00000001        0.00000002
     4595.        0.07409188        0.03849435        0.08349504       -0.00000002       -0.00000001        0.00000002
     4596.        0.07412505        0.03868439        0.08361223       -0.00000002       -0.00000001        0.00000002
     4597.        0.07415727        0.03887549        0.08372935       -0.00000002       -0.00000001        0.00000002
     4598.        0.07418818        0.03906660        0.08384560       -0.00000002       -0.00000001        0.00000002
     4599.        0.07421778        0.03925842        0.08396132       -0.00000002       -0.00000001        0.00000002
     4600.        0.07424607        0.03945061        0.08407633       -0.00000002       -0.00000001        0.00000002
     4601.        0.07427303        0.03964280        0.08419047       -0.00000002       -0.00000001        0.00000002
     4602.        0.07429832        0.03983570        0.08430376       -0.00000002       -0.00000001        0.00000002
     4603.        0.07432228        0.04002861        0.08441618       -0.00000002       -0.00000001        0.00000002
     4604.        0.07434491        0.04022188        0.08452790       -0.00000002       -0.00000001        0.00000002
     4605.        0.07436621        0.04041516        0.08463875       -0.00000002       -0.00000001        0.00000002
     4606.        0.07438580        0.04060843        0.08474840       -0.00000002       -0.00000001        0.00000002
     4607.        0.07440370        0.04080170        0.08485687       -0.00000002       -0.00000001        0.00000002
     4608.        0.07442024        0.04099498        0.08496447       -0.00000002       -0.00000001        0.00000002
     4609.        0.07443543        0.04118789        0.08507100       -0.00000002       -0.00000001        0.00000002
     4610.        0.07444890        0.04138080        0.08517634       -0.00000002       -0.00000001        0.00000002
     4611.        0.07446101        0.04157334        0.08528062       -0.00000002       -0.00000001        0.00000002
     4612.        0.07447139        0.04176551        0.08538352       -0.00000002       -0.00000001        0.00000002
     4613.        0.07448040        0.04195767        0.08548553       -0.00000002       -0.00000001        0.00000002
     4614.        0.07448804        0.04214910        0.08558629       -0.00000002       -0.00000001        0.00000002
     4615.        0.07449393        0.04233978        0.08568548       -0.00000002       -0.00000001        0.00000002
     4616.        0.07449843        0.04253045        0.08578377       -0.00000002       -0.00000001        0.00000002
     4617.        0.07450155        0.04272001        0.08588061       -0.00000002       -0.00000001        0.00000002
     4618.        0.07450363        0.04290918        0.08597667       -0.00000002       -0.00000001        0.00000002
     4619.        0.07450395        0.04309795        0.08607132       -0.00000002       -0.00000001        0.00000002
     4620.        0.07450324        0.04328561        0.08616482       -0.00000002       -0.00000001        0.00000002
     4621.        0.07450112        0.04347250        0.08625703       -0.00000002       -0.00000001        0.00000002
     4622.        0.07449795        0.04365862        0.08634825       -0.00000002       -0.00000001        0.00000002
     4623.        0.07449338        0.04384361        0.08643798       -0.00000002       -0.00000001        0.00000002
     4624.        0.07448775        0.04402818        0.08652690       -0.00000002       -0.00000001        0.00000002
     4625.        0.07448106        0.04421161        0.08661463       -0.00000002       -0.00000001        0.00000002
     4626.        0.07447296        0.04439388        0.08670085       -0.00000002       -0.00000001        0.00000002
     4627.        0.07446416        0.04457536        0.08678637       -0.00000002       -0.00000001        0.00000002
     4628.        0.07445430        0.04475604        0.08687086       -0.00000002       -0.00000001        0.00000002
     4629.        0.07444374        0.04493555        0.08695444       -0.00000002       -0.00000001        0.00000002
     4630.        0.07443212        0.04511389        0.08703679       -0.00000002       -0.00000001        0.00000002
     4631.        0.07441980        0.04529141        0.08711841       -0.00000002       -0.00000001        0.00000002
     4632.        0.07440640        0.04546775        0.08719879       -0.00000002       -0.00000001        0.00000002
     4633.        0.07439268        0.04564290        0.08727855       -0.00000002       -0.00000001        0.00000002
     4634.        0.07437788        0.04581722        0.08735723       -0.00000002       -0.00000001        0.00000002
     4635.        0.07436274        0.04599033        0.08743528       -0.00000002       -0.00000001        0.00000002
     4636.        0.07434653        0.04616261        0.08751225       -0.00000002       -0.00000001        0.00000002
     4637.        0.07433036        0.04633330        0.08758868       -0.00000002       -0.00000001        0.00000002
     4638.        0.07431310        0.04650352        0.08766422       -0.00000002       -0.00000001        0.00000002
     4639.        0.07429589        0.04667214        0.08773920       -0.00000002       -0.00000001        0.00000002
     4640.        0.07427796        0.04683990        0.08781339       -0.00000002       -0.00000001        0.00000002
     4641.        0.07425970        0.04700680        0.08788710       -0.00000002       -0.00000001        0.00000002
     4642.        0.07424110        0.04717246        0.08796012       -0.00000002       -0.00000001        0.00000002
     4643.        0.07422180        0.04733687        0.08803212       -0.00000002       -0.00000001        0.00000002
     4644.        0.07420290        0.04750040        0.08810425       -0.00000002       -0.00000001        0.00000002
     4645.        0.07418330        0.04766305        0.08817555       -0.00000002       -0.00000001        0.00000002
     4646.        0.07416337        0.04782481        0.08824635       -0.00000002       -0.00000001        0.00000002
     4647.        0.07414347        0.04798531        0.08831673       -0.00000002       -0.00000001        0.00000002
     4648.        0.07412363        0.04814490        0.08838690       -0.00000002       -0.00000001        0.00000002
     4649.        0.07410345        0.04830360        0.08845654       -0.00000002       -0.00000001        0.00000002
     4650.        0.07408332        0.04846101        0.08852575       -0.00000002       -0.00000001        0.00000002
     4651.        0.07406285        0.04861790        0.08859462       -0.00000002       -0.00000001        0.00000002
     4652.        0.07404244        0.04877386        0.08866326       -0.00000002       -0.00000001        0.00000002
     4653.        0.07402246        0.04892891        0.08873197       -0.00000002       -0.00000001        0.00000002
     4654.        0.07400215        0.04908304        0.08880013       -0.00000002       -0.00000001        0.00000002
     4655.        0.07398190        0.04923624        0.08886804       -0.00000002       -0.00000001        0.00000002
     4656.        0.07396170        0.04938888        0.08893591       -0.00000002       -0.00000001        0.00000002
     4657.        0.07394157        0.04954059        0.08900352       -0.00000002       -0.00000001        0.00000002
     4658.        0.07392187        0.04969137        0.08907118       -0.00000002       -0.00000001        0.00000002
     4659.        0.07390186        0.04984158        0.08913847       -0.00000002       -0.00000001        0.00000002
     4660.        0.07388229        0.04999084        0.08920581       -0.00000002       -0.00000001        0.00000002
     4661.        0.07386279        0.05013992        0.08927330       -0.00000002       -0.00000001        0.00000002
     4662.        0.07384373        0.05028804        0.08934083       -0.00000002       -0.00000001        0.00000002
     4663.        0.07382437        0.05043521        0.08940776       -0.00000002       -0.00000001        0.00000002
     4664.        0.07380585        0.05058218        0.08947547       -0.00000002       -0.00000001        0.00000002
     4665.        0.07378701        0.05072857        0.08954279       -0.00000002       -0.00000001        0.00000002
     4666.        0.07376864        0.05087400        0.08961013       -0.00000002       -0.00000001        0.00000002
     4667.        0.07375074        0.05101922        0.08967793       -0.00000002       -0.00000001        0.00000002
     4668.        0.07373291        0.05116385        0.08974565       -0.00000002       -0.00000001        0.00000002
     4669.        0.07371517        0.05130789        0.08981328       -0.00000002       -0.00000001        0.00000002
     4670.        0.07369790        0.05145173        0.08988137       -0.00000002       -0.00000001        0.00000002
     4671.        0.07368110        0.05159497        0.08994968       -0.00000002       -0.00000001        0.00000002
     4672.        0.07366440        0.05173760        0.09001791       -0.00000002       -0.00000001        0.00000002
     4673.        0.07364818        0.05188003        0.09008658       -0.00000002       -0.00000001        0.00000002
     4674.        0.07363205        0.05202224        0.09015538       -0.00000002       -0.00000001        0.00000002
     4675.        0.07361641        0.05216384        0.09022440       -0.00000002       -0.00000001        0.00000002
     4676.        0.07360086        0.05230523        0.09029354       -0.00000002       -0.00000001        0.00000002
     4677.        0.07358581        0.05244640        0.09036313       -0.00000002       -0.00000001        0.00000002
     4678.        0.07357086        0.05258695        0.09043262       -0.00000002       -0.00000001        0.00000002
     4679.        0.07355641        0.05272767        0.09050278       -0.00000002       -0.00000001        0.00000002
     4680.        0.07354246        0.05286817        0.09057337       -0.00000002       -0.00000001        0.00000002
     4681.        0.07352862        0.05300844        0.09064409       -0.00000002       -0.00000001        0.00000002
     4682.        0.07351489        0.05314848        0.09071493       -0.00000002       -0.00000001        0.00000002
     4683.        0.07350167        0.05328829        0.09078622       -0.00000002       -0.00000001        0.00000002
     4684.        0.07348895        0.05342827        0.09085817       -0.00000002       -0.00000001        0.00000002
     4685.        0.07347636        0.05356802        0.09093024       -0.00000002       -0.00000001        0.00000002
     4686.        0.07346389        0.05370754        0.09100243       -0.00000002       -0.00000001        0.00000002
     4687.        0.07345194        0.05384722        0.09107530       -0.00000002       -0.00000001        0.00000002
     4688.        0.07344011        0.05398666        0.09114828       -0.00000002       -0.00000001        0.00000002
     4689.        0.07342880        0.05412627        0.09122194       -0.00000002       -0.00000001        0.00000002
     4690.        0.07341763        0.05426603        0.09129595       -0.00000002       -0.00000001        0.00000002
     4691.        0.07340658        0.05440556        0.09137008       -0.00000002       -0.00000001        0.00000002
     4692.        0.07339567        0.05454526        0.09144457       -0.00000002       -0.00000001        0.00000002
     4693.        0.07338529        0.05468511        0.09151974       -0.00000002       -0.00000001        0.00000002
     4694.        0.07337505        0.05482512        0.09159526       -0.00000002       -0.00000001        0.00000002
     4695.        0.07336495        0.05496489        0.09167091       -0.00000002       -0.00000001        0.00000002
     4696.        0.07335499        0.05510523        0.09174715       -0.00000002       -0.00000001        0.00000002
     4697.        0.07334557        0.05524572        0.09182408       -0.00000002       -0.00000001        0.00000002
     4698.        0.07333589        0.05538597        0.09190081       -0.00000002       -0.00000001        0.00000002
     4699.        0.07332636        0.05552679        0.09197814       -0.00000002       -0.00000001        0.00000002
     4700.        0.07331738        0.05566776        0.09205616       -0.00000002       -0.00000001        0.00000002
     4701.        0.07330814        0.05580890        0.09213423       -0.00000002       -0.00000001        0.00000002
     4702.        0.07329906        0.05595059        0.09221291       -0.00000002       -0.00000001        0.00000002
     4703.        0.07329012        0.05609205        0.09229171       -0.00000002       -0.00000001        0.00000002
     4704.        0.07328094        0.05623407        0.09237081       -0.00000002       -0.00000001        0.00000002
     4705.        0.07327191        0.05637626        0.09245028       -0.00000002       -0.00000001        0.00000002
     4706.        0.07326304        0.05651900        0.09253038       -0.00000002       -0.00000001        0.00000002
     4707.        0.07325432        0.05666192        0.09261084       -0.00000002       -0.00000001        0.00000002
     4708.        0.07324495        0.05680499        0.09269105       -0.00000002       -0.00000001        0.00000002
     4709.        0.07323615        0.05694864        0.09277220       -0.00000002       -0.00000001        0.00000002
     4710.        0.07322710        0.05709244        0.09285341       -0.00000002       -0.00000001        0.00000002
     4711.        0.07321781        0.05723641        0.09293468       -0.00000002       -0.00000001        0.00000002
     4712.        0.07320827        0.05738096        0.09301626       -0.00000002       -0.00000001        0.00000002
     4713.        0.07319890        0.05752607        0.09309848       -0.00000002       -0.00000001        0.00000002
     4714.        0.07318928        0.05767094        0.09318052       -0.00000002       -0.00000001        0.00000002
     4715.        0.07317901        0.05781680        0.09326280       -0.00000002       -0.00000001        0.00000002
     4716.        0.07316891        0.05796282        0.09334547       -0.00000002       -0.00000001        0.00000002
     4717.        0.07315856        0.05810901        0.09342822       -0.00000002       -0.00000001        0.00000002
     4718.        0.07314797        0.05825536        0.09351103       -0.00000002       -0.00000001        0.00000002
     4719.        0.07313714        0.05840271        0.09359443       -0.00000002       -0.00000001        0.00000002
     4720.        0.07312565        0.05854981        0.09367732       -0.00000002       -0.00000001        0.00000002
     4721.        0.07311433        0.05869749        0.09376087       -0.00000002       -0.00000001        0.00000002
     4722.        0.07310236        0.05884534        0.09384417       -0.00000002       -0.00000001        0.00000002
     4723.        0.07308974        0.05899377        0.09392749       -0.00000002       -0.00000001        0.00000002
     4724.        0.07307686        0.05914237        0.09401089       -0.00000002       -0.00000001        0.00000002
     4725.        0.07306375        0.05929155        0.09409463       -0.00000002       -0.00000001        0.00000002
     4726.        0.07304998        0.05944090        0.09417813       -0.00000002       -0.00000001        0.00000002
     4727.        0.07303596        0.05959043        0.09426172       -0.00000002       -0.00000001        0.00000002
     4728.        0.07302129        0.05974013        0.09434507       -0.00000002       -0.00000001        0.00000002
     4729.        0.07300596        0.05988999        0.09442818       -0.00000002       -0.00000001        0.00000002
     4730.        0.07299038        0.06004045        0.09451164       -0.00000002       -0.00000001        0.00000002
     4731.        0.07297414        0.06019107        0.09459487       -0.00000002       -0.00000001        0.00000002
     4732.        0.07295723        0.06034187        0.09467787       -0.00000002       -0.00000001        0.00000002
     4733.        0.07293967        0.06049284        0.09476064       -0.00000002       -0.00000001        0.00000002
     4734.        0.07292185        0.06064398        0.09484349       -0.00000002       -0.00000001        0.00000002
     4735.        0.07290295        0.06079529        0.09492580       -0.00000002       -0.00000001        0.00000002
     4736.        0.07288380        0.06094677        0.09500820       -0.00000002       -0.00000001        0.00000002
     4737.        0.07286357        0.06109843        0.09509005       -0.00000002       -0.00000001        0.00000002
     4738.        0.07284308        0.06125026        0.09517199       -0.00000002       -0.00000001        0.00000002
     4739.        0.07282150        0.06140184        0.09525312       -0.00000002       -0.00000001        0.00000002
     4740.        0.07279925        0.06155359        0.09533402       -0.00000002       -0.00000001        0.00000002
     4741.        0.07277675        0.06170551        0.09541501       -0.00000002       -0.00000001        0.00000002
     4742.        0.07275315        0.06185760        0.09549546       -0.00000002       -0.00000001        0.00000002
     4743.        0.07272887        0.06200944        0.09557541       -0.00000002       -0.00000001        0.00000002
     4744.        0.07270392        0.06216103        0.09565486       -0.00000002       -0.00000001        0.00000002
     4745.        0.07267828        0.06231321        0.09573437       -0.00000002       -0.00000001        0.00000002
     4746.        0.07265155        0.06246471        0.09581277       -0.00000002       -0.00000001        0.00000002
     4747.        0.07262455        0.06261638        0.09589127       -0.00000002       -0.00000001        0.00000002
     4748.        0.07259645        0.06276780        0.09596896       -0.00000002       -0.00000001        0.00000002
     4749.        0.07256766        0.06291938        0.09604641       -0.00000002       -0.00000001        0.00000002
