     4151.       -0.00000000       -0.00000008        0.00000008        0.00000000       -0.00000000        0.00000000
     4152.       -0.00000000       -0.00000001        0.00000001        0.00000000       -0.00000000        0.00000000
     4153.       -0.00000000       -0.00000000        0.00000000        0.00000000       -0.00000000        0.00000000
     4154.        0.00000000       -0.00000000        0.00000000       -0.00000000        0.00000000        0.00000000
     4155.        0.00000001       -0.00000000        0.00000001       -0.00000000        0.00000000        0.00000000
     4156.        0.00000007       -0.00000000        0.00000007       -0.00000000        0.00000000        0.00000000
     4157.        0.00000021       -0.00000000        0.00000021       -0.00000000        0.00000000        0.00000000
     4158.        0.00000049       -0.00000000        0.00000049       -0.00000000        0.00000000        0.00000000
     4159.        0.00000096       -0.00000000        0.00000096       -0.00000000        0.00000000        0.00000000
     4160.        0.00000168       -0.00000000        0.00000168       -0.00000000        0.00000000        0.00000000
     4161.        0.00000269       -0.00000000        0.00000269       -0.00000000        0.00000000        0.00000000
     4162.        0.00000405       -0.00000000        0.00000405       -0.00000000        0.00000000        0.00000000
     4163.        0.00000581       -0.00000000        0.00000581       -0.00000000        0.00000000        0.00000000
     4164.        0.00000801       -0.00000000        0.00000801       -0.00000000        0.00000000        0.00000000
     4165.        0.00001072       -0.00000000        0.00001072       -0.00000000        0.00000000        0.00000000
     4166.        0.00001396       -0.00000000        0.00001396       -0.00000000        0.00000000        0.00000000
     4167.        0.00001779       -0.00000000        0.00001779       -0.00000000        0.00000000        0.00000000
     4168.        0.00002223       -0.00000001        0.00002223       -0.00000000        0.00000000        0.00000000
     4169.        0.00002734       -0.00000001        0.00002734       -0.00000000        0.00000000        0.00000000
     4170.        0.00003313       -0.00000001        0.00003313       -0.00000000        0.00000000        0.00000000
     4171.        0.00003965       -0.00000001        0.00003965       -0.00000000        0.00000000        0.00000000
     4172.        0.00004692       -0.00000001        0.00004692       -0.00000000        0.00000000        0.00000000
     4173.        0.00005497       -0.00000001        0.00005497       -0.00000000        0.00000000        0.00000000
     4174.        0.00006383       -0.00000002        0.00006383       -0.00000000        0.00000000        0.00000000
     4175.        0.00007351       -0.00000002        0.00007351       -0.00000000        0.00000000        0.00000000
     4176.        0.00008404       -0.00000002        0.00008404       -0.00000000        0.00000000        0.00000000
     4177.        0.00009544       -0.00000003        0.00009544       -0.00000000        0.00000000        0.00000000
     4178.        0.00010771       -0.00000003        0.00010771       -0.00000000        0.00000000        0.00000000
     4179.        0.00012089       -0.00000003        0.00012089       -0.00000000        0.00000000        0.00000000
     4180.        0.00013497       -0.00000003        0.00013497       -0.00000000        0.00000000        0.00000000
     4181.        0.00014996       -0.00000004        0.00014996       -0.00000000        0.00000000        0.00000000
     4182.        0.00016589       -0.00000004        0.00016589       -0.00000000        0.00000000        0.00000000
     4183.        0.00018275       -0.00000004        0.00018275       -0.00000000        0.00000000        0.00000000
     4184.        0.00020055       -0.00000004        0.00020055       -0.00000000        0.00000000        0.00000000
     4185.        0.00021930       -0.00000005        0.00021930       -0.00000000        0.00000000        0.00000000
     4186.        0.00023900       -0.00000005        0.00023900       -0.00000000        0.00000000        0.00000000
     4187.        0.00025966       -0.00000005        0.00025966       -0.00000000        0.00000000        0.00000000
     4188.        0.00028127       -0.00000005        0.00028127       -0.00000000        0.00000000        0.00000000
     4189.        0.00030383       -0.00000006        0.00030383       -0.00000000        0.00000000        0.00000000
     4190.        0.00032735       -0.00000006        0.00032735       -0.00000000        0.00000000        0.00000000
     4191.        0.00035181       -0.00000006        0.00035181       -0.00000000        0.00000000        0.00000000
     4192.        0.00037723       -0.00000005        0.00037723       -0.00000000        0.00000000        0.00000000
     4193.        0.00040360       -0.00000005        0.00040360       -0.00000000        0.00000000        0.00000000
     4194.        0.00043091       -0.00000005        0.00043091       -0.00000000        0.00000000        0.00000000
     4195.        0.00045916       -0.00000004        0.00045916       -0.00000000        0.00000000        0.00000000
     4196.        0.00048834       -0.00000004        0.00048834       -0.00000000        0.00000000        0.00000000
     4197.        0.00051845       -0.00000003        0.00051845       -0.00000000        0.00000000        0.00000000
     4198.        0.00054948       -0.00000002        0.00054948       -0.00000000        0.00000000        0.00000000
     4199.        0.00058142       -0.00000001        0.00058142       -0.00000000        0.00000000        0.00000000
     4200.        0.00061427        0.00000000        0.00061427       -0.00000000       -0.00000000        0.00000000
     4201.        0.00064802        0.00000002        0.00064802       -0.00000000       -0.00000000        0.00000000
     4202.        0.00068266        0.00000003        0.00068266       -0.00000000       -0.00000000        0.00000000
     4203.        0.00071819        0.00000005        0.00071819       -0.00000000       -0.00000000        0.00000000
     4204.        0.00075459        0.00000007        0.00075459       -0.00000000       -0.00000000        0.00000000
     4205.        0.00079186        0.00000009        0.00079186       -0.00000000       -0.00000000        0.00000000
     4206.        0.00082998        0.00000011        0.00082998       -0.00000000       -0.00000000        0.00000000
     4207.        0.00086895        0.00000014        0.00086895       -0.00000000       -0.00000000        0.00000000
     4208.        0.00090876        0.00000016        0.00090876       -0.00000000       -0.00000000        0.00000000
     4209.        0.00094941        0.00000019        0.00094941       -0.00000000       -0.00000000        0.00000000
     4210.        0.00099087        0.00000022        0.00099087       -0.00000000       -0.00000000        0.00000000
     4211.        0.00103314        0.00000026        0.00103314       -0.00000000       -0.00000000        0.00000000
     4212.        0.00107621        0.00000030        0.00107621       -0.00000000       -0.00000000        0.00000000
     4213.        0.00112008        0.00000034        0.00112008       -0.00000000       -0.00000000        0.00000000
     4214.        0.00116472        0.00000039        0.00116472       -0.00000000       -0.00000000        0.00000000
     4215.        0.00121013        0.00000044        0.00121013       -0.00000000       -0.00000000        0.00000000
     4216.        0.00125630        0.00000050        0.00125630       -0.00000000       -0.00000000        0.00000000
     4217.        0.00130322        0.00000056        0.00130322       -0.00000000       -0.00000000        0.00000000
     4218.        0.00135088        0.00000063        0.00135088       -0.00000000       -0.00000000        0.00000000
     4219.        0.00139927        0.00000070        0.00139927       -0.00000000       -0.00000000        0.00000000
     4220.        0.00144837        0.00000078        0.00144837       -0.00000000       -0.00000000        0.00000000
     4221.        0.00149819        0.00000086        0.00149819       -0.00000000       -0.00000000        0.00000000
     4222.        0.00154870        0.00000095        0.00154870       -0.00000000       -0.00000000        0.00000000
     4223.        0.00159990        0.00000104        0.00159990       -0.00000000       -0.00000000        0.00000000
     4224.        0.00165178        0.00000114        0.00165178       -0.00000000       -0.00000000        0.00000000
     4225.        0.00170432        0.00000124        0.00170433       -0.00000000       -0.00000000        0.00000000
     4226.        0.00175753        0.00000134        0.00175753       -0.00000000       -0.00000000        0.00000000
     4227.        0.00181138        0.00000146        0.00181138       -0.00000000       -0.00000000        0.00000000
     4228.        0.00186587        0.00000157        0.00186587       -0.00000000       -0.00000000        0.00000000
     4229.        0.00192100        0.00000169        0.00192101       -0.00000000       -0.00000000        0.00000000
     4230.        0.00197675        0.00000182        0.00197675       -0.00000000       -0.00000000        0.00000000
     4231.        0.00203312        0.00000195        0.00203312       -0.00000000       -0.00000000        0.00000000
     4232.        0.00209008        0.00000208        0.00209008       -0.00000000       -0.00000000        0.00000000
     4233.        0.00214764        0.00000222        0.00214764       -0.00000000       -0.00000000        0.00000000
     4234.        0.00220579        0.00000237        0.00220579       -0.00000000       -0.00000000        0.00000000
     4235.        0.00226452        0.00000252        0.00226452       -0.00000000       -0.00000000        0.00000000
     4236.        0.00232383        0.00000268        0.00232383       -0.00000000       -0.00000000        0.00000000
     4237.        0.00238369        0.00000285        0.00238370       -0.00000000       -0.00000000        0.00000000
     4238.        0.00244411        0.00000302        0.00244411       -0.00000000       -0.00000000        0.00000000
     4239.        0.00250508        0.00000320        0.00250509       -0.00000000       -0.00000000        0.00000000
     4240.        0.00256659        0.00000340        0.00256659       -0.00000000       -0.00000000        0.00000000
     4241.        0.00262863        0.00000360        0.00262864       -0.00000000       -0.00000000        0.00000000
     4242.        0.00269120        0.00000382        0.00269121       -0.00000000       -0.00000000        0.00000000
     4243.        0.00275428        0.00000404        0.00275428       -0.00000000       -0.00000000        0.00000000
     4244.        0.00281787        0.00000428        0.00281787       -0.00000000       -0.00000000        0.00000000
     4245.        0.00288197        0.00000454        0.00288198       -0.00000000       -0.00000000        0.00000000
     4246.        0.00294655        0.00000481        0.00294656       -0.00000000       -0.00000000        0.00000000
     4247.        0.00301164        0.00000509        0.00301164       -0.00000000       -0.00000000        0.00000000
     4248.        0.00307720        0.00000540        0.00307721       -0.00000000       -0.00000000        0.00000000
     4249.        0.00314323        0.00000572        0.00314324       -0.00000000       -0.00000000        0.00000000
     4250.        0.00320975        0.00000606        0.00320975       -0.00000000       -0.00000000        0.00000000
     4251.        0.00327671        0.00000642        0.00327672       -0.00000000       -0.00000000        0.00000000
     4252.        0.00334413        0.00000681        0.00334414       -0.00000000       -0.00000000        0.00000000
     4253.        0.00341201        0.00000722        0.00341202       -0.00000000       -0.00000000        0.00000000
     4254.        0.00348032        0.00000766        0.00348033       -0.00000000       -0.00000000        0.00000000
     4255.        0.00354908        0.00000812        0.00354909       -0.00000000       -0.00000000        0.00000000
     4256.        0.00361828        0.00000863        0.00361829       -0.00000000       -0.00000000        0.00000000
     4257.        0.00368790        0.00000916        0.00368791       -0.00000000       -0.00000000        0.00000000
     4258.        0.00375794        0.00000974        0.00375795       -0.00000000       -0.00000000        0.00000000
     4259.        0.00382840        0.00001037        0.00382842       -0.00000000       -0.00000000        0.00000000
     4260.        0.00389926        0.00001105        0.00389928       -0.00000000       -0.00000000        0.00000000
     4261.        0.00397054        0.00001179        0.00397055       -0.00000000       -0.00000000        0.00000000
     4262.        0.00404222        0.00001260        0.00404224       -0.00000000       -0.00000000        0.00000000
     4263.        0.00411427        0.00001350        0.00411429       -0.00000000       -0.00000000        0.00000000
     4264.        0.00418669        0.00001448        0.00418672       -0.00000000       -0.00000000        0.00000000
     4265.        0.00425947        0.00001557        0.00425950       -0.00000000       -0.00000000        0.00000000
     4266.        0.00433259        0.00001679        0.00433263       -0.00000000       -0.00000000        0.00000000
     4267.        0.00440602        0.00001814        0.00440605       -0.00000000       -0.00000000        0.00000000
     4268.        0.00447970        0.00001965        0.00447975       -0.00000000       -0.00000000        0.00000000
     4269.        0.00455361        0.00002132        0.00455366       -0.00000000       -0.00000000        0.00000000
     4270.        0.00462768        0.00002314        0.00462774       -0.00000000       -0.00000000        0.00000000
     4271.        0.00470183        0.00002511        0.00470190       -0.00000000       -0.00000000        0.00000000
     4272.        0.00477597        0.00002716        0.00477604       -0.00000000       -0.00000000        0.00000000
     4273.        0.00485004        0.00002919        0.00485013       -0.00000000       -0.00000000        0.00000000
     4274.        0.00492396        0.00003108        0.00492406       -0.00000000       -0.00000000        0.00000000
     4275.        0.00499777        0.00003263        0.00499788       -0.00000000       -0.00000000        0.00000000
     4276.        0.00507156        0.00003368        0.00507168       -0.00000000       -0.00000000        0.00000000
     4277.        0.00514554        0.00003409        0.00514565       -0.00000000       -0.00000000        0.00000000
     4278.        0.00521991        0.00003384        0.00522002       -0.00000000       -0.00000000        0.00000000
     4279.        0.00529489        0.00003300        0.00529500       -0.00000000       -0.00000000        0.00000000
     4280.        0.00537065        0.00003173        0.00537074       -0.00000000       -0.00000000        0.00000000
     4281.        0.00544724        0.00003023        0.00544732       -0.00000000       -0.00000000        0.00000000
     4282.        0.00552466        0.00002867        0.00552473       -0.00000000       -0.00000000        0.00000000
     4283.        0.00560281        0.00002718        0.00560287       -0.00000000       -0.00000000        0.00000000
     4284.        0.00568161        0.00002583        0.00568167       -0.00000000       -0.00000000        0.00000000
     4285.        0.00576097        0.00002465        0.00576103       -0.00000000       -0.00000000        0.00000000
     4286.        0.00584083        0.00002366        0.00584088       -0.00000000       -0.00000000        0.00000000
     4287.        0.00592113        0.00002285        0.00592118       -0.00000000       -0.00000000        0.00000000
     4288.        0.00600182        0.00002221        0.00600186       -0.00000000       -0.00000000        0.00000000
     4289.        0.00608286        0.00002170        0.00608290       -0.00000000       -0.00000000        0.00000000
     4290.        0.00616425        0.00002133        0.00616429       -0.00000000       -0.00000000        0.00000000
     4291.        0.00624596        0.00002107        0.00624599       -0.00000000       -0.00000000        0.00000000
     4292.        0.00632799        0.00002090        0.00632802       -0.00000000       -0.00000000        0.00000000
     4293.        0.00641033        0.00002081        0.00641036       -0.00000000       -0.00000000        0.00000000
     4294.        0.00649298        0.00002079        0.00649301       -0.00000000       -0.00000000        0.00000000
     4295.        0.00657595        0.00002082        0.00657598       -0.00000000       -0.00000000        0.00000000
     4296.        0.00665928        0.00002094        0.00665931       -0.00000000       -0.00000000        0.00000000
     4297.        0.00674296        0.00002122        0.00674300       -0.00000000       -0.00000000        0.00000000
     4298.        0.00682679        0.00002153        0.00682682       -0.00000000       -0.00000000        0.00000000
     4299.        0.00691104        0.00002200        0.00691107       -0.00000000       -0.00000000        0.00000000
     4300.        0.00699532        0.00002257        0.00699536       -0.00000000       -0.00000000        0.00000000
     4301.        0.00707992        0.00002298        0.00707996       -0.00000000       -0.00000000        0.00000000
     4302.        0.00716492        0.00002347        0.00716496       -0.00000000       -0.00000000        0.00000000
     4303.        0.00725018        0.00002413        0.00725022       -0.00000000       -0.00000000        0.00000000
     4304.        0.00733557        0.00002483        0.00733561       -0.00000000       -0.00000000        0.00000000
     4305.        0.00742115        0.00002545        0.00742120       -0.00000000       -0.00000000        0.00000000
     4306.        0.00750708        0.00002599        0.00750712       -0.00000000       -0.00000000        0.00000000
     4307.        0.00759336        0.00002652        0.00759341       -0.00000000       -0.00000000        0.00000000
     4308.        0.00768000        0.00002711        0.00768005       -0.00000000       -0.00000000        0.00000000
     4309.        0.00776693        0.00002778        0.00776698       -0.00000000       -0.00000000        0.00000000
     4310.        0.00785409        0.00002849        0.00785414       -0.00000000       -0.00000000        0.00000000
     4311.        0.00794149        0.00002922        0.00794154       -0.00000000       -0.00000000        0.00000000
     4312.        0.00802912        0.00002992        0.00802918       -0.00000000       -0.00000000        0.00000000
     4313.        0.00811705        0.00003057        0.00811711       -0.00000000       -0.00000000        0.00000000
     4314.        0.00820531        0.00003117        0.00820537       -0.00000000       -0.00000000        0.00000000
     4315.        0.00829390        0.00003175        0.00829396       -0.00000000       -0.00000000        0.00000000
     4316.        0.00838285        0.00003232        0.00838291       -0.00000000       -0.00000000        0.00000000
     4317.        0.00847213        0.00003291        0.00847220       -0.00000000       -0.00000000        0.00000000
     4318.        0.00856176        0.00003353        0.00856183       -0.00000000       -0.00000000        0.00000000
     4319.        0.00865172        0.00003418        0.00865178       -0.00000000       -0.00000000        0.00000000
     4320.        0.00874198        0.00003484        0.00874205       -0.00000000       -0.00000000        0.00000000
     4321.        0.00883254        0.00003553        0.00883261       -0.00000000       -0.00000000        0.00000000
     4322.        0.00892341        0.00003621        0.00892348       -0.00000000       -0.00000000        0.00000000
     4323.        0.00901461        0.00003688        0.00901469       -0.00000000       -0.00000000        0.00000000
     4324.        0.00910614        0.00003753        0.00910622       -0.00000000       -0.00000000        0.00000000
     4325.        0.00919801        0.00003817        0.00919809       -0.00000000       -0.00000000        0.00000000
     4326.        0.00929024        0.00003878        0.00929032       -0.00000000       -0.00000000        0.00000000
     4327.        0.00938287        0.00003938        0.00938296       -0.00000000       -0.00000000        0.00000000
     4328.        0.00947588        0.00003999        0.00947597       -0.00000000       -0.00000000        0.00000000
     4329.        0.00956927        0.00004061        0.00956936       -0.00000000       -0.00000000        0.00000000
     4330.        0.00966304        0.00004123        0.00966313       -0.00000000       -0.00000000        0.00000000
     4331.        0.00975725        0.00004187        0.00975734       -0.00000000       -0.00000000        0.00000000
     4332.        0.00985186        0.00004255        0.00985195       -0.00000000       -0.00000000        0.00000000
     4333.        0.00994689        0.00004329        0.00994699       -0.00000000       -0.00000000        0.00000000
     4334.        0.01004232        0.00004409        0.01004242       -0.00000000       -0.00000000        0.00000000
     4335.        0.01013813        0.00004497        0.01013823       -0.00000000       -0.00000000        0.00000000
     4336.        0.01023432        0.00004589        0.01023443       -0.00000000       -0.00000000        0.00000000
     4337.        0.01033091        0.00004685        0.01033102       -0.00000000       -0.00000000        0.00000000
     4338.        0.01042788        0.00004784        0.01042799       -0.00000000       -0.00000000        0.00000000
     4339.        0.01052529        0.00004886        0.01052540       -0.00000000       -0.00000000        0.00000000
     4340.        0.01062314        0.00004992        0.01062326       -0.00000001       -0.00000000        0.00000001
     4341.        0.01072146        0.00005106        0.01072158       -0.00000001       -0.00000000        0.00000001
     4342.        0.01082021        0.00005227        0.01082034       -0.00000001       -0.00000000        0.00000001
     4343.        0.01091942        0.00005360        0.01091955       -0.00000001       -0.00000000        0.00000001
     4344.        0.01101904        0.00005503        0.01101918       -0.00000001       -0.00000000        0.00000001
     4345.        0.01111911        0.00005657        0.01111925       -0.00000001       -0.00000000        0.00000001
     4346.        0.01121958        0.00005822        0.01121973       -0.00000001       -0.00000000        0.00000001
     4347.        0.01132045        0.00005996        0.01132061       -0.00000001       -0.00000000        0.00000001
     4348.        0.01142177        0.00006178        0.01142193       -0.00000001       -0.00000000        0.00000001
     4349.        0.01152351        0.00006365        0.01152368       -0.00000001       -0.00000000        0.00000001
     4350.        0.01162569        0.00006559        0.01162588       -0.00000001       -0.00000000        0.00000001
     4351.        0.01172839        0.00006761        0.01172859       -0.00000001       -0.00000000        0.00000001
     4352.        0.01183160        0.00006971        0.01183181       -0.00000001       -0.00000000        0.00000001
     4353.        0.01193532        0.00007193        0.01193554       -0.00000001       -0.00000000        0.00000001
     4354.        0.01203958        0.00007429        0.01203981       -0.00000001       -0.00000000        0.00000001
     4355.        0.01214438        0.00007683        0.01214462       -0.00000001       -0.00000000        0.00000001
     4356.        0.01224969        0.00007956        0.01224995       -0.00000001       -0.00000000        0.00000001
     4357.        0.01235552        0.00008252        0.01235580       -0.00000001       -0.00000000        0.00000001
     4358.        0.01246183        0.00008570        0.01246212       -0.00000001       -0.00000000        0.00000001
     4359.        0.01256861        0.00008912        0.01256893       -0.00000001       -0.00000000        0.00000001
     4360.        0.01267584        0.00009279        0.01267618       -0.00000001       -0.00000000        0.00000001
     4361.        0.01278351        0.00009668        0.01278387       -0.00000001       -0.00000000        0.00000001
     4362.        0.01289158        0.00010080        0.01289197       -0.00000001       -0.00000000        0.00000001
     4363.        0.01300006        0.00010511        0.01300048       -0.00000001       -0.00000000        0.00000001
     4364.        0.01310895        0.00010960        0.01310941       -0.00000001       -0.00000000        0.00000001
     4365.        0.01321827        0.00011425        0.01321876       -0.00000001       -0.00000000        0.00000001
     4366.        0.01332802        0.00011905        0.01332855       -0.00000001       -0.00000000        0.00000001
     4367.        0.01343825        0.00012398        0.01343882       -0.00000001       -0.00000000        0.00000001
     4368.        0.01354893        0.00012904        0.01354955       -0.00000001       -0.00000000        0.00000001
     4369.        0.01366017        0.00013424        0.01366083       -0.00000001       -0.00000000        0.00000001
     4370.        0.01377192        0.00013959        0.01377263       -0.00000001       -0.00000000        0.00000001
     4371.        0.01388426        0.00014512        0.01388501       -0.00000001       -0.00000000        0.00000001
     4372.        0.01399716        0.00015084        0.01399797       -0.00000001       -0.00000000        0.00000001
     4373.        0.01411066        0.00015678        0.01411153       -0.00000001       -0.00000000        0.00000001
     4374.        0.01422477        0.00016298        0.01422570       -0.00000001       -0.00000000        0.00000001
     4375.        0.01433947        0.00016946        0.01434047       -0.00000001       -0.00000000        0.00000001
     4376.        0.01445476        0.00017626        0.01445583       -0.00000001       -0.00000000        0.00000001
     4377.        0.01457063        0.00018339        0.01457178       -0.00000001       -0.00000000        0.00000001
     4378.        0.01468707        0.00019088        0.01468832       -0.00000001       -0.00000000        0.00000001
     4379.        0.01480404        0.00019874        0.01480537       -0.00000001       -0.00000000        0.00000001
     4380.        0.01492154        0.00020698        0.01492297       -0.00000001       -0.00000000        0.00000001
     4381.        0.01503953        0.00021562        0.01504107       -0.00000001       -0.00000000        0.00000001
     4382.        0.01515801        0.00022464        0.01515968       -0.00000001       -0.00000000        0.00000001
     4383.        0.01527694        0.00023405        0.01527873       -0.00000001       -0.00000000        0.00000001
     4384.        0.01539631        0.00024383        0.01539825       -0.00000001       -0.00000000        0.00000001
     4385.        0.01551611        0.00025397        0.01551819       -0.00000001       -0.00000000        0.00000001
     4386.        0.01563633        0.00026445        0.01563856       -0.00000001       -0.00000000        0.00000001
     4387.        0.01575697        0.00027525        0.01575937       -0.00000001       -0.00000000        0.00000001
     4388.        0.01587800        0.00028636        0.01588059       -0.00000001       -0.00000000        0.00000001
     4389.        0.01599949        0.00029774        0.01600226       -0.00000001       -0.00000000        0.00000001
     4390.        0.01612139        0.00030940        0.01612436       -0.00000001       -0.00000000        0.00000001
     4391.        0.01624377        0.00032130        0.01624694       -0.00000001       -0.00000000        0.00000001
     4392.        0.01636664        0.00033345        0.01637004       -0.00000001       -0.00000000        0.00000001
     4393.        0.01649001        0.00034584        0.01649363       -0.00000001       -0.00000000        0.00000001
     4394.        0.01661390        0.00035846        0.01661776       -0.00000001       -0.00000000        0.00000001
     4395.        0.01673836        0.00037134        0.01674248       -0.00000001       -0.00000000        0.00000001
     4396.        0.01686341        0.00038447        0.01686780       -0.00000001       -0.00000000        0.00000001
     4397.        0.01698907        0.00039787        0.01699373       -0.00000001       -0.00000000        0.00000001
     4398.        0.01711535        0.00041158        0.01712030       -0.00000001       -0.00000000        0.00000001
     4399.        0.01724230        0.00042560        0.01724756       -0.00000001       -0.00000000        0.00000001
     4400.        0.01736989        0.00043998        0.01737546       -0.00000001       -0.00000000        0.00000001
     4401.        0.01749815        0.00045472        0.01750406       -0.00000001       -0.00000000        0.00000001
     4402.        0.01762709        0.00046987        0.01763335       -0.00000001       -0.00000000        0.00000001
     4403.        0.01775671        0.00048546        0.01776335       -0.00000001       -0.00000000        0.00000001
     4404.        0.01788700        0.00050150        0.01789402       -0.00000001       -0.00000000        0.00000001
     4405.        0.01801791        0.00051803        0.01802536       -0.00000001       -0.00000000        0.00000001
     4406.        0.01814950        0.00053508        0.01815738       -0.00000001       -0.00000000        0.00000001
     4407.        0.01828172        0.00055266        0.01829007       -0.00000001       -0.00000000        0.00000001
     4408.        0.01841455        0.00057079        0.01842340       -0.00000001       -0.00000000        0.00000001
     4409.        0.01854795        0.00058948        0.01855732       -0.00000001       -0.00000000        0.00000001
     4410.        0.01868195        0.00060875        0.01869186       -0.00000001       -0.00000000        0.00000001
     4411.        0.01881646        0.00062860        0.01882695       -0.00000001       -0.00000000        0.00000001
     4412.        0.01895151        0.00064904        0.01896262       -0.00000001       -0.00000000        0.00000001
     4413.        0.01908706        0.00067005        0.01909882       -0.00000001       -0.00000000        0.00000001
     4414.        0.01922310        0.00069164        0.01923554       -0.00000001       -0.00000000        0.00000001
     4415.        0.01935958        0.00071379        0.01937274       -0.00000001       -0.00000000        0.00000001
     4416.        0.01949651        0.00073648        0.01951042       -0.00000001       -0.00000000        0.00000001
     4417.        0.01963388        0.00075971        0.01964857       -0.00000001       -0.00000000        0.00000001
     4418.        0.01977167        0.00078345        0.01978718       -0.00000001       -0.00000000        0.00000001
     4419.        0.01990990        0.00080768        0.01992627       -0.00000001       -0.00000000        0.00000001
     4420.        0.02004852        0.00083237        0.02006579       -0.00000001       -0.00000000        0.00000001
     4421.        0.02018756        0.00085751        0.02020576       -0.00000001       -0.00000000        0.00000001
     4422.        0.02032702        0.00088307        0.02034619       -0.00000001       -0.00000000        0.00000001
     4423.        0.02046692        0.00090902        0.02048710       -0.00000001       -0.00000000        0.00000001
     4424.        0.02060729        0.00093534        0.02062851       -0.00000001       -0.00000000        0.00000001
     4425.        0.02074813        0.00096202        0.02077042       -0.00000001       -0.00000000        0.00000001
     4426.        0.02088947        0.00098903        0.02091287       -0.00000001       -0.00000000        0.00000001
     4427.        0.02103133        0.00101637        0.02105587       -0.00000001       -0.00000000        0.00000001
     4428.        0.02117377        0.00104401        0.02119949       -0.00000001       -0.00000000        0.00000001
     4429.        0.02131676        0.00107196        0.02134369       -0.00000001       -0.00000000        0.00000001
     4430.        0.02146038        0.00110021        0.02148856       -0.00000001       -0.00000000        0.00000001
     4431.        0.02160466        0.00112875        0.02163412       -0.00000001       -0.00000000        0.00000001
     4432.        0.02174963        0.00115759        0.02178041       -0.00000001       -0.00000000        0.00000001
     4433.        0.02189529        0.00118675        0.02192742       -0.00000001       -0.00000000        0.00000001
     4434.        0.02204171        0.00121622        0.02207524       -0.00000001       -0.00000000        0.00000001
     4435.        0.02218892        0.00124601        0.02222387       -0.00000001       -0.00000000        0.00000001
     4436.        0.02233695        0.00127615        0.02237337       -0.00000001       -0.00000000        0.00000001
     4437.        0.02248578        0.00130664        0.02252372       -0.00000001       -0.00000000        0.00000001
     4438.        0.02263551        0.00133752        0.02267499       -0.00000001       -0.00000000        0.00000001
     4439.        0.02278610        0.00136878        0.02282717       -0.00000001       -0.00000000        0.00000001
     4440.        0.02293760        0.00140045        0.02298032       -0.00000001       -0.00000000        0.00000001
     4441.        0.02309001        0.00143255        0.02313440       -0.00000001       -0.00000000        0.00000001
     4442.        0.02324339        0.00146509        0.02328952       -0.00000001       -0.00000000        0.00000001
     4443.        0.02339771        0.00149808        0.02344562       -0.00000001       -0.00000000        0.00000001
     4444.        0.02355301        0.00153155        0.02360275       -0.00000001       -0.00000000        0.00000001
     4445.        0.02370930        0.00156549        0.02376093       -0.00000001       -0.00000000        0.00000001
     4446.        0.02386658        0.00159991        0.02392015       -0.00000001       -0.00000000        0.00000001
     4447.        0.02402489        0.00163481        0.02408045       -0.00000001       -0.00000000        0.00000001
     4448.        0.02418423        0.00167018        0.02424183       -0.00000001       -0.00000000        0.00000001
     4449.        0.02434462        0.00170602        0.02440433       -0.00000001       -0.00000000        0.00000001
     4450.        0.02450611        0.00174231        0.02456796       -0.00000001       -0.00000000        0.00000001
     4451.        0.02466871        0.00177903        0.02473278       -0.00000001       -0.00000000        0.00000001
     4452.        0.02483244        0.00181613        0.02489876       -0.00000001       -0.00000000        0.00000001
     4453.        0.02499741        0.00185357        0.02506604       -0.00000001       -0.00000000        0.00000001
     4454.        0.02516362        0.00189130        0.02523460       -0.00000001       -0.00000000        0.00000001
     4455.        0.02533123        0.00192925        0.02540459       -0.00000001       -0.00000000        0.00000001
     4456.        0.02550028        0.00196731        0.02557605       -0.00000001       -0.00000000        0.00000001
     4457.        0.02567098        0.00200539        0.02574919       -0.00000001       -0.00000000        0.00000001
     4458.        0.02584357        0.00204331        0.02592422       -0.00000001       -0.00000000        0.00000001
     4459.        0.02601832        0.00208088        0.02610140       -0.00000001       -0.00000000        0.00000001
     4460.        0.02619576        0.00211779        0.02628123       -0.00000001       -0.00000000        0.00000001
     4461.        0.02637691        0.00215354        0.02646468       -0.00000001       -0.00000000        0.00000001
     4462.        0.02656462        0.00218721        0.02665451       -0.00000001       -0.00000000        0.00000001
     4463.        0.02676403        0.00222485        0.02685635       -0.00000001       -0.00000000        0.00000001
     4464.        0.02696099        0.00227761        0.02705702       -0.00000001       -0.00000000        0.00000001
     4465.        0.02717084        0.00232305        0.02726996       -0.00000001       -0.00000000        0.00000001
     4466.        0.02737561        0.00239818        0.02748045       -0.00000001       -0.00000000        0.00000001
     4467.        0.02756095        0.00245691        0.02767024       -0.00000001       -0.00000000        0.00000001
     4468.        0.02776852        0.00250822        0.02788157       -0.00000001       -0.00000000        0.00000001
     4469.        0.02798845        0.00258032        0.02810714       -0.00000001       -0.00000000        0.00000001
     4470.        0.02819575        0.00267356        0.02832223       -0.00000001       -0.00000000        0.00000001
     4471.        0.02838117        0.00276365        0.02851541       -0.00000001       -0.00000000        0.00000001
     4472.        0.02856426        0.00283588        0.02870469       -0.00000001       -0.00000000        0.00000001
     4473.        0.02876149        0.00290048        0.02890737       -0.00000001       -0.00000000        0.00000001
     4474.        0.02897314        0.00297170        0.02912514       -0.00000001       -0.00000000        0.00000001
     4475.        0.02919186        0.00305780        0.02935157       -0.00000001       -0.00000000        0.00000001
     4476.        0.02940708        0.00316003        0.02957638       -0.00000001       -0.00000000        0.00000001
     4477.        0.02961009        0.00327258        0.02979039       -0.00000001       -0.00000000        0.00000001
     4478.        0.02979906        0.00338516        0.02999072       -0.00000001       -0.00000000        0.00000001
     4479.        0.02997916        0.00348939        0.03018155       -0.00000001       -0.00000000        0.00000001
     4480.        0.03015938        0.00358329        0.03037151       -0.00000001       -0.00000000        0.00000001
     4481.        0.03034674        0.00367051        0.03056792       -0.00000001       -0.00000000        0.00000001
     4482.        0.03054362        0.00375691        0.03077381       -0.00000001       -0.00000000        0.00000001
     4483.        0.03074978        0.00384802        0.03098961       -0.00000001       -0.00000000        0.00000001
     4484.        0.03096202        0.00394772        0.03121267       -0.00000001       -0.00000000        0.00000001
     4485.        0.03117655        0.00405818        0.03143956       -0.00000001       -0.00000000        0.00000001
     4486.        0.03138924        0.00417939        0.03166626       -0.00000001       -0.00000000        0.00000001
     4487.        0.03159566        0.00430949        0.03188820       -0.00000001       -0.00000000        0.00000001
     4488.        0.03179398        0.00444505        0.03210321       -0.00000001       -0.00000000        0.00000001
     4489.        0.03198328        0.00458192        0.03230982       -0.00000001       -0.00000000        0.00000001
     4490.        0.03216498        0.00471630        0.03250892       -0.00000001       -0.00000000        0.00000001
     4491.        0.03234232        0.00484574        0.03270332       -0.00000001       -0.00000000        0.00000001
     4492.        0.03251885        0.00496951        0.03289638       -0.00000001       -0.00000000        0.00000001
     4493.        0.03269755        0.00508852        0.03309113       -0.00000001       -0.00000000        0.00000001
     4494.        0.03288113        0.00520465        0.03329049       -0.00000001       -0.00000000        0.00000001
     4495.        0.03307020        0.00532039        0.03349544       -0.00000001       -0.00000000        0.00000001
     4496.        0.03326539        0.00543825        0.03370699       -0.00000001       -0.00000000        0.00000001
     4497.        0.03346584        0.00556048        0.03392464       -0.00000001       -0.00000000        0.00000001
     4498.        0.03367036        0.00568882        0.03414756       -0.00000001       -0.00000000        0.00000001
     4499.        0.03387715        0.00582452        0.03437421       -0.00000001       -0.00000000        0.00000001
     4500.        0.03408442        0.00596820        0.03460299       -0.00000001       -0.00000000        0.00000001
     4501.        0.03429034        0.00611982        0.03483216       -0.00000001       -0.00000000        0.00000001
     4502.        0.03449278        0.00627874        0.03505959       -0.00000001       -0.00000000        0.00000001
     4503.        0.03469051        0.00644380        0.03528391       -0.00000001       -0.00000000        0.00000001
     4504.        0.03488228        0.00661346        0.03550368       -0.00000001       -0.00000000        0.00000001
     4505.        0.03506744        0.00678588        0.03571797       -0.00000001       -0.00000000        0.00000001
     4506.        0.03524657        0.00695930        0.03592705       -0.00000001       -0.00000000        0.00000001
     4507.        0.03542025        0.00713213        0.03613117       -0.00000001       -0.00000000        0.00000001
     4508.        0.03558938        0.00730312        0.03633097       -0.00000001       -0.00000000        0.00000001
     4509.        0.03575576        0.00747153        0.03652804       -0.00000001       -0.00000000        0.00000001
     4510.        0.03592061        0.00763711        0.03672350       -0.00000001       -0.00000000        0.00000001
     4511.        0.03608516        0.00780014        0.03691857       -0.00000001       -0.00000000        0.00000001
     4512.        0.03625125        0.00796124        0.03711515       -0.00000001       -0.00000000        0.00000001
     4513.        0.03641951        0.00812134        0.03731403       -0.00000001       -0.00000000        0.00000001
     4514.        0.03659057        0.00828152        0.03751604       -0.00000001       -0.00000000        0.00000001
     4515.        0.03676444        0.00844296        0.03772144       -0.00000001       -0.00000000        0.00000001
     4516.        0.03694113        0.00860677        0.03793051       -0.00000001       -0.00000000        0.00000001
     4517.        0.03712065        0.00877397        0.03814348       -0.00000001       -0.00000000        0.00000001
     4518.        0.03730208        0.00894548        0.03835971       -0.00000001       -0.00000000        0.00000001
     4519.        0.03748481        0.00912202        0.03857878       -0.00000001       -0.00000000        0.00000001
     4520.        0.03766790        0.00930413        0.03879997       -0.00000001       -0.00000000        0.00000001
     4521.        0.03785072        0.00949207        0.03902277       -0.00000001       -0.00000000        0.00000001
     4522.        0.03803171        0.00968594        0.03924574       -0.00000001       -0.00000000        0.00000001
     4523.        0.03821021        0.00988560        0.03946828       -0.00000001       -0.00000000        0.00000001
     4524.        0.03838559        0.01009074        0.03968975       -0.00000001       -0.00000000        0.00000001
     4525.        0.03855626        0.01030077        0.03990853       -0.00000001       -0.00000000        0.00000001
     4526.        0.03872218        0.01051503        0.04012447       -0.00000001       -0.00000000        0.00000001
     4527.        0.03888270        0.01073267        0.04033677       -0.00000001       -0.00000000        0.00000001
     4528.        0.03903748        0.01095279        0.04054490       -0.00000001       -0.00000000        0.00000001
     4529.        0.03918649        0.01117444        0.04074861       -0.00000001       -0.00000000        0.00000001
     4530.        0.03932969        0.01139672        0.04094765       -0.00000001       -0.00000000        0.00000001
     4531.        0.03946738        0.01161872        0.04114206       -0.00000001       -0.00000000        0.00000001
     4532.        0.03960049        0.01183970        0.04133252       -0.00000001       -0.00000000        0.00000001
     4533.        0.03972899        0.01205905        0.04151883       -0.00000001       -0.00000000        0.00000001
     4534.        0.03985381        0.01227638        0.04170175       -0.00000001       -0.00000000        0.00000001
     4535.        0.03997592        0.01249138        0.04188208       -0.00000001       -0.00000000        0.00000001
     4536.        0.04009624        0.01270398        0.04206066       -0.00000001       -0.00000000        0.00000001
     4537.        0.04021477        0.01291425        0.04223750       -0.00000001       -0.00000000        0.00000001
     4538.        0.04033313        0.01312244        0.04241414       -0.00000001       -0.00000000        0.00000001
     4539.        0.04045129        0.01332893        0.04259069       -0.00000001       -0.00000000        0.00000001
     4540.        0.04056959        0.01353412        0.04276755       -0.00000001       -0.00000000        0.00000001
     4541.        0.04068899        0.01373851        0.04294578       -0.00000001       -0.00000000        0.00000001
     4542.        0.04080950        0.01394273        0.04312557       -0.00000001       -0.00000000        0.00000001
     4543.        0.04093113        0.01414728        0.04330707       -0.00000001       -0.00000000        0.00000001
     4544.        0.04105387        0.01435275        0.04349048       -0.00000001       -0.00000000        0.00000001
     4545.        0.04117742        0.01455969        0.04367567       -0.00000001       -0.00000000        0.00000001
     4546.        0.04130209        0.01476853        0.04386310       -0.00000001       -0.00000000        0.00000001
     4547.        0.04142724        0.01497977        0.04405235       -0.00000001       -0.00000000        0.00000001
     4548.        0.04155287        0.01519377        0.04424355       -0.00000001       -0.00000000        0.00000001
     4549.        0.04167832        0.01541081        0.04443620       -0.00000001       -0.00000000        0.00000001
     4550.        0.04180295        0.01563110        0.04462978       -0.00000001       -0.00000000        0.00000001
     4551.        0.04192674        0.01585484        0.04482440       -0.00000001       -0.00000000        0.00000001
     4552.        0.04204903        0.01608204        0.04501947       -0.00000001       -0.00000000        0.00000001
     4553.        0.04216915        0.01631269        0.04521439       -0.00000001       -0.00000000        0.00000001
     4554.        0.04228677        0.01654674        0.04540887       -0.00000001       -0.00000001        0.00000001
     4555.        0.04240187        0.01678392        0.04560283       -0.00000001       -0.00000001        0.00000001
     4556.        0.04251311        0.01702409        0.04579503       -0.00000001       -0.00000001        0.00000001
     4557.        0.04262115        0.01726686        0.04598594       -0.00000001       -0.00000001        0.00000001
     4558.        0.04272496        0.01751190        0.04617455       -0.00000001       -0.00000001        0.00000001
     4559.        0.04282453        0.01775883        0.04636072       -0.00000001       -0.00000001        0.00000001
     4560.        0.04291984        0.01800714        0.04654428       -0.00000001       -0.00000001        0.00000001
     4561.        0.04301053        0.01825641        0.04672475       -0.00000001       -0.00000001        0.00000001
     4562.        0.04309659        0.01850617        0.04690197       -0.00000001       -0.00000001        0.00000001
     4563.        0.04317833        0.01875592        0.04707603       -0.00000001       -0.00000001        0.00000001
     4564.        0.04325572        0.01900525        0.04724677       -0.00000001       -0.00000001        0.00000001
     4565.        0.04332876        0.01925371        0.04741399       -0.00000001       -0.00000001        0.00000001
     4566.        0.04339808        0.01950091        0.04757814       -0.00000001       -0.00000001        0.00000001
     4567.        0.04346368        0.01974655        0.04773906       -0.00000001       -0.00000001        0.00000001
     4568.        0.04352588        0.01999033        0.04789693       -0.00000001       -0.00000001        0.00000001
     4569.        0.04358568        0.02023207        0.04805255       -0.00000001       -0.00000001        0.00000001
     4570.        0.04364272        0.02047161        0.04820553       -0.00000001       -0.00000001        0.00000001
     4571.        0.04369801        0.02070888        0.04835673       -0.00000001       -0.00000001        0.00000001
     4572.        0.04375154        0.02094393        0.04850614       -0.00000001       -0.00000001        0.00000001
     4573.        0.04380365        0.02117675        0.04865403       -0.00000001       -0.00000001        0.00000001
     4574.        0.04385535        0.02140750        0.04880136       -0.00000001       -0.00000001        0.00000001
     4575.        0.04390630        0.02163637        0.04894789       -0.00000001       -0.00000001        0.00000001
     4576.        0.04395718        0.02186355        0.04909428       -0.00000001       -0.00000001        0.00000001
     4577.        0.04400833        0.02208933        0.04924096       -0.00000001       -0.00000001        0.00000001
     4578.        0.04405975        0.02231396        0.04938800       -0.00000001       -0.00000001        0.00000001
     4579.        0.04411144        0.02253780        0.04953556       -0.00000001       -0.00000001        0.00000001
     4580.        0.04416376        0.02276115        0.04968408       -0.00000001       -0.00000001        0.00000001
     4581.        0.04421669        0.02298435        0.04983369       -0.00000001       -0.00000001        0.00000001
     4582.        0.04427060        0.02320771        0.04998484       -0.00000001       -0.00000001        0.00000001
     4583.        0.04432479        0.02343157        0.05013707       -0.00000001       -0.00000001        0.00000001
     4584.        0.04437961        0.02365628        0.05029085       -0.00000001       -0.00000001        0.00000001
     4585.        0.04443507        0.02388204        0.05044628       -0.00000001       -0.00000001        0.00000001
     4586.        0.04449081        0.02410920        0.05060322       -0.00000001       -0.00000001        0.00000001
     4587.        0.04454651        0.02433798        0.05076149       -0.00000001       -0.00000001        0.00000001
     4588.        0.04460215        0.02456855        0.05092117       -0.00000001       -0.00000001        0.00000001
     4589.        0.04465739        0.02480116        0.05108209       -0.00000001       -0.00000001        0.00000001
     4590.        0.04471188        0.02503591        0.05124401       -0.00000001       -0.00000001        0.00000001
     4591.        0.04476596        0.02527297        0.05140734       -0.00000001       -0.00000001        0.00000001
     4592.        0.04481859        0.02551236        0.05157119       -0.00000001       -0.00000001        0.00000001
     4593.        0.04486942        0.02575414        0.05173529       -0.00000001       -0.00000001        0.00000001
     4594.        0.04491912        0.02599834        0.05190030       -0.00000001       -0.00000001        0.00000001
     4595.        0.04496631        0.02624490        0.05206499       -0.00000001       -0.00000001        0.00000001
     4596.        0.04501131        0.02649380        0.05222968       -0.00000001       -0.00000001        0.00000001
     4597.        0.04505377        0.02674492        0.05239402       -0.00000001       -0.00000001        0.00000001
     4598.        0.04509297        0.02699815        0.05255736       -0.00000001       -0.00000001        0.00000001
     4599.        0.04512960        0.02725328        0.05272023       -0.00000001       -0.00000001        0.00000001
     4600.        0.04516260        0.02751020        0.05288168       -0.00000001       -0.00000001        0.00000001
     4601.        0.04519196        0.02776867        0.05304161       -0.00000001       -0.00000001        0.00000001
     4602.        0.04521729        0.02802841        0.05319958       -0.00000001       -0.00000001        0.00000002
     4603.        0.04523894        0.02828925        0.05335582       -0.00000001       -0.00000001        0.00000002
     4604.        0.04525654        0.02855087        0.05350988       -0.00000001       -0.00000001        0.00000002
     4605.        0.04527008        0.02881295        0.05366159       -0.00000001       -0.00000001        0.00000002
     4606.        0.04527918        0.02907528        0.05381056       -0.00000001       -0.00000001        0.00000002
     4607.        0.04528418        0.02933749        0.05395688       -0.00000001       -0.00000001        0.00000002
     4608.        0.04528471        0.02959933        0.05410014       -0.00000001       -0.00000001        0.00000002
     4609.        0.04528111        0.02986044        0.05424043       -0.00000001       -0.00000001        0.00000002
     4610.        0.04527300        0.03012057        0.05437732       -0.00000001       -0.00000001        0.00000002
     4611.        0.04526108        0.03037942        0.05451123       -0.00000001       -0.00000001        0.00000002
     4612.        0.04524498        0.03063670        0.05464170       -0.00000001       -0.00000001        0.00000002
     4613.        0.04522541        0.03089221        0.05476921       -0.00000001       -0.00000001        0.00000002
     4614.        0.04520198        0.03114566        0.05489327       -0.00000001       -0.00000001        0.00000002
     4615.        0.04517506        0.03139686        0.05501407       -0.00000001       -0.00000001        0.00000002
     4616.        0.04514461        0.03164561        0.05513148       -0.00000001       -0.00000001        0.00000002
     4617.        0.04511172        0.03189176        0.05524628       -0.00000001       -0.00000001        0.00000002
     4618.        0.04507565        0.03213515        0.05535777       -0.00000001       -0.00000001        0.00000002
     4619.        0.04503712        0.03237570        0.05546646       -0.00000001       -0.00000001        0.00000002
     4620.        0.04499648        0.03261334        0.05557260       -0.00000001       -0.00000001        0.00000002
     4621.        0.04495372        0.03284801        0.05567611       -0.00000001       -0.00000001        0.00000002
     4622.        0.04490920        0.03307964        0.05577723       -0.00000001       -0.00000001        0.00000002
     4623.        0.04486292        0.03330833        0.05587599       -0.00000001       -0.00000001        0.00000002
     4624.        0.04481560        0.03353403        0.05597293       -0.00000001       -0.00000001        0.00000002
     4625.        0.04476760        0.03375684        0.05606837       -0.00000001       -0.00000001        0.00000002
     4626.        0.04471855        0.03397681        0.05616202       -0.00000001       -0.00000001        0.00000002
     4627.        0.04466882        0.03419405        0.05625421       -0.00000001       -0.00000001        0.00000002
     4628.        0.04461878        0.03440868        0.05634530       -0.00000001       -0.00000001        0.00000002
     4629.        0.04456842        0.03462084        0.05643533       -0.00000001       -0.00000001        0.00000002
     4630.        0.04451811        0.03483067        0.05652466       -0.00000001       -0.00000001        0.00000002
     4631.        0.04446786        0.03503830        0.05661336       -0.00000001       -0.00000001        0.00000002
     4632.        0.04441766        0.03524390        0.05670151       -0.00000001       -0.00000001        0.00000002
     4633.        0.04436790        0.03544766        0.05678949       -0.00000001       -0.00000001        0.00000002
     4634.        0.04431856        0.03564970        0.05687738       -0.00000001       -0.00000001        0.00000002
     4635.        0.04426929        0.03585025        0.05696499       -0.00000001       -0.00000001        0.00000002
     4636.        0.04422082        0.03604940        0.05705296       -0.00000001       -0.00000001        0.00000002
     4637.        0.04417243        0.03624738        0.05714084       -0.00000001       -0.00000001        0.00000002
     4638.        0.04412447        0.03644433        0.05722900       -0.00000001       -0.00000001        0.00000002
     4639.        0.04407734        0.03664038        0.05731779       -0.00000001       -0.00000001        0.00000002
     4640.        0.04403028        0.03683572        0.05740676       -0.00000001       -0.00000001        0.00000002
     4641.        0.04398368        0.03703042        0.05749623       -0.00000001       -0.00000001        0.00000002
     4642.        0.04393715        0.03722471        0.05758604       -0.00000001       -0.00000001        0.00000002
     4643.        0.04389109        0.03741860        0.05767651       -0.00000001       -0.00000001        0.00000002
     4644.        0.04384548        0.03761215        0.05776764       -0.00000001       -0.00000001        0.00000002
     4645.        0.04379959        0.03780587        0.05785921       -0.00000001       -0.00000001        0.00000002
     4646.        0.04375341        0.03799919        0.05795084       -0.00000001       -0.00000001        0.00000002
     4647.        0.04370770        0.03819288        0.05804360       -0.00000001       -0.00000001        0.00000002
     4648.        0.04366133        0.03838616        0.05813613       -0.00000001       -0.00000001        0.00000002
     4649.        0.04361467        0.03857980        0.05822921       -0.00000001       -0.00000001        0.00000002
     4650.        0.04356773        0.03877380        0.05832285       -0.00000001       -0.00000001        0.00000002
     4651.        0.04352051        0.03896777        0.05841679       -0.00000001       -0.00000001        0.00000002
     4652.        0.04347224        0.03916209        0.05851073       -0.00000001       -0.00000001        0.00000002
     4653.        0.04342331        0.03935639        0.05860469       -0.00000001       -0.00000001        0.00000002
     4654.        0.04337371        0.03955104        0.05869892       -0.00000001       -0.00000001        0.00000002
     4655.        0.04332307        0.03974566        0.05879291       -0.00000001       -0.00000001        0.00000002
     4656.        0.04327099        0.03994064        0.05888661       -0.00000001       -0.00000001        0.00000002
     4657.        0.04321824        0.04013558        0.05898035       -0.00000001       -0.00000001        0.00000002
     4658.        0.04316406        0.04033049        0.05907355       -0.00000001       -0.00000001        0.00000002
     4659.        0.04310843        0.04052575        0.05916649       -0.00000001       -0.00000001        0.00000002
     4660.        0.04305174        0.04072060        0.05925892       -0.00000001       -0.00000001        0.00000002
     4661.        0.04299322        0.04091540        0.05935054       -0.00000001       -0.00000001        0.00000002
     4662.        0.04293324        0.04110979        0.05944138       -0.00000001       -0.00000001        0.00000002
     4663.        0.04287181        0.04130413        0.05953170       -0.00000001       -0.00000001        0.00000002
     4664.        0.04280853        0.04149805        0.05962096       -0.00000001       -0.00000001        0.00000002
     4665.        0.04274378        0.04169116        0.05970916       -0.00000001       -0.00000001        0.00000002
     4666.        0.04267718        0.04188421        0.05979656       -0.00000001       -0.00000001        0.00000002
     4667.        0.04260910        0.04207606        0.05988264       -0.00000001       -0.00000001        0.00000002
     4668.        0.04253915        0.04226747        0.05996765       -0.00000001       -0.00000001        0.00000002
     4669.        0.04246734        0.04245766        0.06005104       -0.00000001       -0.00000001        0.00000002
     4670.        0.04239364        0.04264702        0.06013309       -0.00000001       -0.00000001        0.00000002
     4671.        0.04231845        0.04283514        0.06021379       -0.00000001       -0.00000001        0.00000002
     4672.        0.04224175        0.04302204        0.06029313       -0.00000001       -0.00000001        0.00000002
     4673.        0.04216317        0.04320769        0.06037083       -0.00000001       -0.00000001        0.00000002
     4674.        0.04208308        0.04339210        0.06044716       -0.00000001       -0.00000001        0.00000002
     4675.        0.04200147        0.04357487        0.06052184       -0.00000001       -0.00000001        0.00000002
     4676.        0.04191835        0.04375599        0.06059483       -0.00000001       -0.00000001        0.00000002
     4677.        0.04183370        0.04393506        0.06066587       -0.00000001       -0.00000001        0.00000002
     4678.        0.04174792        0.04411286        0.06073576       -0.00000001       -0.00000001        0.00000002
     4679.        0.04166101        0.04428859        0.06080394       -0.00000001       -0.00000001        0.00000002
     4680.        0.04157256        0.04446265        0.06087040       -0.00000001       -0.00000001        0.00000002
     4681.        0.04148336        0.04463463        0.06093537       -0.00000001       -0.00000001        0.00000002
     4682.        0.04139302        0.04480452        0.06099858       -0.00000001       -0.00000001        0.00000002
     4683.        0.04130192        0.04497232        0.06106028       -0.00000001       -0.00000001        0.00000002
     4684.        0.04121007        0.04513801        0.06112045       -0.00000001       -0.00000001        0.00000002
     4685.        0.04111786        0.04530198        0.06117964       -0.00000001       -0.00000001        0.00000002
     4686.        0.04102489        0.04546344        0.06123697       -0.00000001       -0.00000001        0.00000002
     4687.        0.04093156        0.04562277        0.06129298       -0.00000001       -0.00000001        0.00000002
     4688.        0.04083787        0.04578035        0.06134795       -0.00000001       -0.00000001        0.00000002
     4689.        0.04074421        0.04593539        0.06140155       -0.00000001       -0.00000001        0.00000002
     4690.        0.04065059        0.04608867        0.06145434       -0.00000001       -0.00000001        0.00000002
     4691.        0.04055661        0.04624018        0.06150604       -0.00000001       -0.00000001        0.00000002
     4692.        0.04046306        0.04638912        0.06155656       -0.00000001       -0.00000001        0.00000002
     4693.        0.04036956        0.04653668        0.06160652       -0.00000001       -0.00000001        0.00000002
     4694.        0.04027690        0.04668204        0.06165584       -0.00000001       -0.00000001        0.00000002
     4695.        0.04018429        0.04682561        0.06170426       -0.00000001       -0.00000001        0.00000002
     4696.        0.04009213        0.04696738        0.06175203       -0.00000001       -0.00000001        0.00000002
     4697.        0.04000069        0.04710773        0.06179963       -0.00000001       -0.00000001        0.00000002
     4698.        0.03990991        0.04724627        0.06184668       -0.00000001       -0.00000001        0.00000002
     4699.        0.03981992        0.04738338        0.06189354       -0.00000001       -0.00000001        0.00000002
     4700.        0.03973066        0.04751906        0.06194019       -0.00000001       -0.00000001        0.00000002
     4701.        0.03964228        0.04765331        0.06198668       -0.00000001       -0.00000001        0.00000002
     4702.        0.03955473        0.04778652        0.06203328       -0.00000001       -0.00000001        0.00000002
     4703.        0.03946813        0.04791868        0.06208006       -0.00000001       -0.00000001        0.00000002
     4704.        0.03938242        0.04804980        0.06212695       -0.00000001       -0.00000001        0.00000002
     4705.        0.03929772        0.04817987        0.06217403       -0.00000001       -0.00000001        0.00000002
     4706.        0.03921395        0.04830928        0.06222154       -0.00000001       -0.00000001        0.00000002
     4707.        0.03913112        0.04843764        0.06226916       -0.00000001       -0.00000001        0.00000002
     4708.        0.03904926        0.04856574        0.06231754       -0.00000001       -0.00000001        0.00000002
     4709.        0.03896836        0.04869318        0.06236633       -0.00000001       -0.00000001        0.00000002
     4710.        0.03888836        0.04881997        0.06241549       -0.00000001       -0.00000001        0.00000002
     4711.        0.03880928        0.04894649        0.06246534       -0.00000001       -0.00000001        0.00000002
     4712.        0.03873108        0.04907276        0.06251585       -0.00000001       -0.00000001        0.00000002
     4713.        0.03865371        0.04919917        0.06256730       -0.00000001       -0.00000001        0.00000002
     4714.        0.03857712        0.04932532        0.06261933       -0.00000001       -0.00000001        0.00000002
     4715.        0.03850124        0.04945120        0.06267190       -0.00000001       -0.00000001        0.00000002
     4716.        0.03842606        0.04957724        0.06272531       -0.00000001       -0.00000001        0.00000002
     4717.        0.03835153        0.04970341        0.06277953       -0.00000001       -0.00000001        0.00000002
     4718.        0.03827758        0.04982974        0.06283451       -0.00000001       -0.00000001        0.00000002
     4719.        0.03820416        0.04995620        0.06289022       -0.00000001       -0.00000001        0.00000002
     4720.        0.03813112        0.05008323        0.06294690       -0.00000001       -0.00000001        0.00000002
     4721.        0.03805849        0.05021040        0.06300423       -0.00000001       -0.00000001        0.00000002
     4722.        0.03798616        0.05033772        0.06306214       -0.00000001       -0.00000001        0.00000002
     4723.        0.03791409        0.05046559        0.06312095       -0.00000001       -0.00000001        0.00000002
     4724.        0.03784215        0.05059403        0.06318057       -0.00000001       -0.00000001        0.00000002
     4725.        0.03777031        0.05072261        0.06324065       -0.00000001       -0.00000001        0.00000002
     4726.        0.03769845        0.05085176        0.06330146       -0.00000001       -0.00000001        0.00000002
     4727.        0.03762655        0.05098147        0.06336299       -0.00000001       -0.00000001        0.00000002
     4728.        0.03755447        0.05111175        0.06342515       -0.00000001       -0.00000001        0.00000002
     4729.        0.03748224        0.05124218        0.06348763       -0.00000001       -0.00000001        0.00000002
     4730.        0.03740965        0.05137317        0.06355065       -0.00000001       -0.00000001        0.00000002
     4731.        0.03733675        0.05150473        0.06361423       -0.00000001       -0.00000001        0.00000002
     4732.        0.03726336        0.05163687        0.06367829       -0.00000001       -0.00000001        0.00000002
     4733.        0.03718949        0.05176916        0.06374248       -0.00000001       -0.00000001        0.00000002
     4734.        0.03711506        0.05190202        0.06380711       -0.00000001       -0.00000001        0.00000002
     4735.        0.03703993        0.05203545        0.06387209       -0.00000001       -0.00000001        0.00000002
     4736.        0.03696415        0.05216904        0.06393713       -0.00000001       -0.00000001        0.00000002
     4737.        0.03688755        0.05230278        0.06400213       -0.00000001       -0.00000001        0.00000002
     4738.        0.03681016        0.05243711        0.06406745       -0.00000001       -0.00000001        0.00000002
     4739.        0.03673183        0.05257158        0.06413267       -0.00000001       -0.00000001        0.00000002
     4740.        0.03665263        0.05270622        0.06419783       -0.00000001       -0.00000001        0.00000002
     4741.        0.03657239        0.05284101        0.06426284       -0.00000001       -0.00000001        0.00000002
     4742.        0.03649111        0.05297596        0.06432770       -0.00000001       -0.00000001        0.00000002
     4743.        0.03640874        0.05311107        0.06439240       -0.00000001       -0.00000001        0.00000002
     4744.        0.03632524        0.05324591        0.06445657       -0.00000001       -0.00000001        0.00000002
     4745.        0.03624056        0.05338091        0.06452053       -0.00000001       -0.00000001        0.00000002
     4746.        0.03615471        0.05351563        0.06458395       -0.00000001       -0.00000001        0.00000002
     4747.        0.03606763        0.05365052        0.06464713       -0.00000001       -0.00000001        0.00000002
     4748.        0.03597928        0.05378471        0.06470938       -0.00000001       -0.00000001        0.00000002
     4749.        0.03588970        0.05391863        0.06477105       -0.00000001       -0.00000001        0.00000002
