     4151.       -0.00000000       -0.00000010        0.00000010        0.00000000       -0.00000000        0.00000000
     4152.       -0.00000000       -0.00000002        0.00000002        0.00000000       -0.00000000        0.00000000
     4153.       -0.00000000       -0.00000000        0.00000000        0.00000000       -0.00000000        0.00000000
     4154.        0.00000000       -0.00000000        0.00000000       -0.00000000        0.00000000        0.00000000
     4155.        0.00000001       -0.00000000        0.00000001       -0.00000000        0.00000000        0.00000000
     4156.        0.00000009       -0.00000000        0.00000009       -0.00000000        0.00000000        0.00000000
     4157.        0.00000027       -0.00000000        0.00000027       -0.00000000        0.00000000        0.00000000
     4158.        0.00000064       -0.00000000        0.00000064       -0.00000000        0.00000000        0.00000000
     4159.        0.00000125       -0.00000000        0.00000125       -0.00000000        0.00000000        0.00000000
     4160.        0.00000219       -0.00000000        0.00000219       -0.00000000        0.00000000        0.00000000
     4161.        0.00000351       -0.00000000        0.00000351       -0.00000000        0.00000000        0.00000000
     4162.        0.00000529       -0.00000000        0.00000529       -0.00000000        0.00000000        0.00000000
     4163.        0.00000760       -0.00000000        0.00000760       -0.00000000        0.00000000        0.00000000
     4164.        0.00001050       -0.00000000        0.00001050       -0.00000000        0.00000000        0.00000000
     4165.        0.00001405       -0.00000000        0.00001405       -0.00000000        0.00000000        0.00000000
     4166.        0.00001831       -0.00000000        0.00001831       -0.00000000        0.00000000        0.00000000
     4167.        0.00002335       -0.00000000        0.00002335       -0.00000000        0.00000000        0.00000000
     4168.        0.00002920       -0.00000000        0.00002920       -0.00000000        0.00000000        0.00000000
     4169.        0.00003594       -0.00000000        0.00003594       -0.00000000        0.00000000        0.00000000
     4170.        0.00004359        0.00000000        0.00004359       -0.00000000       -0.00000000        0.00000000
     4171.        0.00005220        0.00000000        0.00005220       -0.00000000       -0.00000000        0.00000000
     4172.        0.00006182        0.00000000        0.00006182       -0.00000000       -0.00000000        0.00000000
     4173.        0.00007247        0.00000000        0.00007247       -0.00000000       -0.00000000        0.00000000
     4174.        0.00008421        0.00000000        0.00008421       -0.00000000       -0.00000000        0.00000000
     4175.        0.00009705        0.00000000        0.00009705       -0.00000000       -0.00000000        0.00000000
     4176.        0.00011102        0.00000001        0.00011102       -0.00000000       -0.00000000        0.00000000
     4177.        0.00012615        0.00000001        0.00012615       -0.00000000       -0.00000000        0.00000000
     4178.        0.00014247        0.00000001        0.00014247       -0.00000000       -0.00000000        0.00000000
     4179.        0.00015999        0.00000002        0.00015999       -0.00000000       -0.00000000        0.00000000
     4180.        0.00017873        0.00000002        0.00017873       -0.00000000       -0.00000000        0.00000000
     4181.        0.00019871        0.00000003        0.00019871       -0.00000000       -0.00000000        0.00000000
     4182.        0.00021994        0.00000004        0.00021994       -0.00000000       -0.00000000        0.00000000
     4183.        0.00024243        0.00000005        0.00024243       -0.00000000       -0.00000000        0.00000000
     4184.        0.00026619        0.00000006        0.00026619       -0.00000000       -0.00000000        0.00000000
     4185.        0.00029123        0.00000007        0.00029123       -0.00000000       -0.00000000        0.00000000
     4186.        0.00031756        0.00000008        0.00031756       -0.00000000       -0.00000000        0.00000000
     4187.        0.00034518        0.00000010        0.00034518       -0.00000000       -0.00000000        0.00000000
     4188.        0.00037409        0.00000011        0.00037409       -0.00000000       -0.00000000        0.00000000
     4189.        0.00040430        0.00000013        0.00040430       -0.00000000       -0.00000000        0.00000000
     4190.        0.00043580        0.00000016        0.00043580       -0.00000000       -0.00000000        0.00000000
     4191.        0.00046860        0.00000018        0.00046860       -0.00000000       -0.00000000        0.00000000
     4192.        0.00050268        0.00000021        0.00050268       -0.00000000       -0.00000000        0.00000000
     4193.        0.00053805        0.00000025        0.00053805       -0.00000000       -0.00000000        0.00000000
     4194.        0.00057471        0.00000028        0.00057471       -0.00000000       -0.00000000        0.00000000
     4195.        0.00061264        0.00000033        0.00061264       -0.00000000       -0.00000000        0.00000000
     4196.        0.00065184        0.00000037        0.00065184       -0.00000000       -0.00000000        0.00000000
     4197.        0.00069230        0.00000043        0.00069230       -0.00000000       -0.00000000        0.00000000
     4198.        0.00073401        0.00000048        0.00073401       -0.00000000       -0.00000000        0.00000000
     4199.        0.00077697        0.00000055        0.00077697       -0.00000000       -0.00000000        0.00000000
     4200.        0.00082116        0.00000061        0.00082116       -0.00000000       -0.00000000        0.00000000
     4201.        0.00086658        0.00000069        0.00086658       -0.00000000       -0.00000000        0.00000000
     4202.        0.00091320        0.00000077        0.00091321       -0.00000000       -0.00000000        0.00000000
     4203.        0.00096104        0.00000085        0.00096104       -0.00000000       -0.00000000        0.00000000
     4204.        0.00101006        0.00000094        0.00101006       -0.00000000       -0.00000000        0.00000000
     4205.        0.00106026        0.00000103        0.00106026       -0.00000000       -0.00000000        0.00000000
     4206.        0.00111163        0.00000113        0.00111163       -0.00000000       -0.00000000        0.00000000
     4207.        0.00116415        0.00000124        0.00116415       -0.00000000       -0.00000000        0.00000000
     4208.        0.00121782        0.00000136        0.00121782       -0.00000000       -0.00000000        0.00000000
     4209.        0.00127260        0.00000148        0.00127261       -0.00000000       -0.00000000        0.00000000
     4210.        0.00132850        0.00000161        0.00132851       -0.00000000       -0.00000000        0.00000000
     4211.        0.00138551        0.00000175        0.00138551       -0.00000000       -0.00000000        0.00000000
     4212.        0.00144359        0.00000190        0.00144360       -0.00000000       -0.00000000        0.00000000
     4213.        0.00150276        0.00000206        0.00150276       -0.00000000       -0.00000000        0.00000000
     4214.        0.00156297        0.00000224        0.00156297       -0.00000000       -0.00000000        0.00000000
     4215.        0.00162421        0.00000242        0.00162421       -0.00000000       -0.00000000        0.00000000
     4216.        0.00168649        0.00000262        0.00168649       -0.00000000       -0.00000000        0.00000000
     4217.        0.00174977        0.00000283        0.00174977       -0.00000000       -0.00000000        0.00000000
     4218.        0.00181404        0.00000305        0.00181405       -0.00000000       -0.00000000        0.00000000
     4219.        0.00187930        0.00000329        0.00187931       -0.00000000       -0.00000000        0.00000000
     4220.        0.00194552        0.00000354        0.00194553       -0.00000000       -0.00000000        0.00000000
     4221.        0.00201268        0.00000380        0.00201268       -0.00000000       -0.00000000        0.00000000
     4222.        0.00208078        0.00000408        0.00208079       -0.00000000       -0.00000000        0.00000000
     4223.        0.00214979        0.00000436        0.00214979       -0.00000000       -0.00000000        0.00000000
     4224.        0.00221970        0.00000466        0.00221970       -0.00000000       -0.00000000        0.00000000
     4225.        0.00229050        0.00000498        0.00229050       -0.00000000       -0.00000000        0.00000000
     4226.        0.00236217        0.00000530        0.00236217       -0.00000000       -0.00000000        0.00000000
     4227.        0.00243469        0.00000564        0.00243470       -0.00000000       -0.00000000        0.00000000
     4228.        0.00250806        0.00000599        0.00250807       -0.00000000       -0.00000000        0.00000000
     4229.        0.00258226        0.00000635        0.00258227       -0.00000000       -0.00000000        0.00000000
     4230.        0.00265726        0.00000672        0.00265727       -0.00000000       -0.00000000        0.00000000
     4231.        0.00273307        0.00000711        0.00273308       -0.00000000       -0.00000000        0.00000000
     4232.        0.00280966        0.00000750        0.00280967       -0.00000000       -0.00000000        0.00000000
     4233.        0.00288704        0.00000791        0.00288705       -0.00000000       -0.00000000        0.00000000
     4234.        0.00296516        0.00000834        0.00296517       -0.00000000       -0.00000000        0.00000000
     4235.        0.00304402        0.00000877        0.00304403       -0.00000000       -0.00000000        0.00000000
     4236.        0.00312363        0.00000923        0.00312364       -0.00000000       -0.00000000        0.00000000
     4237.        0.00320394        0.00000969        0.00320395       -0.00000000       -0.00000000        0.00000000
     4238.        0.00328496        0.00001018        0.00328498       -0.00000000       -0.00000000        0.00000000
     4239.        0.00336668        0.00001068        0.00336670       -0.00000000       -0.00000000        0.00000000
     4240.        0.00344907        0.00001120        0.00344909       -0.00000000       -0.00000000        0.00000000
     4241.        0.00353212        0.00001174        0.00353214       -0.00000000       -0.00000000        0.00000000
     4242.        0.00361583        0.00001230        0.00361585       -0.00000000       -0.00000000        0.00000000
     4243.        0.00370017        0.00001287        0.00370019       -0.00000000       -0.00000000        0.00000000
     4244.        0.00378514        0.00001347        0.00378516       -0.00000000       -0.00000000        0.00000000
     4245.        0.00387072        0.00001409        0.00387074       -0.00000000       -0.00000000        0.00000000
     4246.        0.00395689        0.00001474        0.00395691       -0.00000000       -0.00000000        0.00000000
     4247.        0.00404365        0.00001540        0.00404368       -0.00000000       -0.00000000        0.00000000
     4248.        0.00413098        0.00001609        0.00413101       -0.00000000       -0.00000000        0.00000000
     4249.        0.00421887        0.00001680        0.00421891       -0.00000000       -0.00000000        0.00000000
     4250.        0.00430731        0.00001754        0.00430734       -0.00000000       -0.00000000        0.00000000
     4251.        0.00439629        0.00001830        0.00439633       -0.00000000       -0.00000000        0.00000000
     4252.        0.00448579        0.00001908        0.00448583       -0.00000000       -0.00000000        0.00000000
     4253.        0.00457579        0.00001988        0.00457583       -0.00000000       -0.00000000        0.00000000
     4254.        0.00466631        0.00002071        0.00466635       -0.00000000       -0.00000000        0.00000000
     4255.        0.00475730        0.00002156        0.00475735       -0.00000000       -0.00000000        0.00000000
     4256.        0.00484878        0.00002243        0.00484883       -0.00000000       -0.00000000        0.00000000
     4257.        0.00494073        0.00002332        0.00494078       -0.00000000       -0.00000000        0.00000000
     4258.        0.00503312        0.00002423        0.00503318       -0.00000000       -0.00000000        0.00000000
     4259.        0.00512597        0.00002516        0.00512603       -0.00000000       -0.00000000        0.00000000
     4260.        0.00521926        0.00002611        0.00521932       -0.00000000       -0.00000000        0.00000000
     4261.        0.00531297        0.00002708        0.00531304       -0.00000000       -0.00000000        0.00000000
     4262.        0.00540709        0.00002807        0.00540716       -0.00000000       -0.00000000        0.00000000
     4263.        0.00550162        0.00002907        0.00550169       -0.00000000       -0.00000000        0.00000000
     4264.        0.00559657        0.00003009        0.00559665       -0.00000000       -0.00000000        0.00000000
     4265.        0.00569188        0.00003113        0.00569197       -0.00000000       -0.00000000        0.00000000
     4266.        0.00578759        0.00003219        0.00578768       -0.00000000       -0.00000000        0.00000000
     4267.        0.00588368        0.00003326        0.00588377       -0.00000000       -0.00000000        0.00000000
     4268.        0.00598012        0.00003434        0.00598022       -0.00000000       -0.00000000        0.00000000
     4269.        0.00607694        0.00003545        0.00607705       -0.00000000       -0.00000000        0.00000000
     4270.        0.00617409        0.00003657        0.00617420       -0.00000000       -0.00000000        0.00000000
     4271.        0.00627160        0.00003771        0.00627171       -0.00000000       -0.00000000        0.00000000
     4272.        0.00636944        0.00003886        0.00636956       -0.00000000       -0.00000000        0.00000000
     4273.        0.00646761        0.00004003        0.00646773       -0.00000000       -0.00000000        0.00000000
     4274.        0.00656611        0.00004122        0.00656624       -0.00000000       -0.00000000        0.00000000
     4275.        0.00666491        0.00004243        0.00666505       -0.00000000       -0.00000000        0.00000000
     4276.        0.00676403        0.00004366        0.00676417       -0.00000000       -0.00000000        0.00000000
     4277.        0.00686345        0.00004491        0.00686360       -0.00000000       -0.00000000        0.00000000
     4278.        0.00696316        0.00004618        0.00696331       -0.00000000       -0.00000000        0.00000000
     4279.        0.00706317        0.00004748        0.00706333       -0.00000000       -0.00000000        0.00000000
     4280.        0.00716345        0.00004879        0.00716361       -0.00000000       -0.00000000        0.00000000
     4281.        0.00726400        0.00005013        0.00726418       -0.00000000       -0.00000000        0.00000000
     4282.        0.00736481        0.00005150        0.00736499       -0.00000000       -0.00000000        0.00000000
     4283.        0.00746591        0.00005289        0.00746610       -0.00000000       -0.00000000        0.00000000
     4284.        0.00756724        0.00005430        0.00756744       -0.00000000       -0.00000000        0.00000000
     4285.        0.00766883        0.00005575        0.00766904       -0.00000000       -0.00000000        0.00000000
     4286.        0.00777066        0.00005722        0.00777087       -0.00000000       -0.00000000        0.00000000
     4287.        0.00787272        0.00005872        0.00787294       -0.00000000       -0.00000000        0.00000000
     4288.        0.00797502        0.00006024        0.00797525       -0.00000000       -0.00000000        0.00000000
     4289.        0.00807754        0.00006180        0.00807777       -0.00000000       -0.00000000        0.00000000
     4290.        0.00818028        0.00006338        0.00818052       -0.00000000       -0.00000000        0.00000000
     4291.        0.00828322        0.00006500        0.00828347       -0.00000000       -0.00000000        0.00000000
     4292.        0.00838635        0.00006664        0.00838662       -0.00000000       -0.00000000        0.00000000
     4293.        0.00848971        0.00006832        0.00848999       -0.00000000       -0.00000000        0.00000000
     4294.        0.00859324        0.00007002        0.00859353       -0.00000000       -0.00000000        0.00000000
     4295.        0.00869697        0.00007176        0.00869727       -0.00000000       -0.00000000        0.00000000
     4296.        0.00880088        0.00007352        0.00880119       -0.00000000       -0.00000000        0.00000000
     4297.        0.00890498        0.00007531        0.00890530       -0.00000000       -0.00000000        0.00000000
     4298.        0.00900923        0.00007714        0.00900956       -0.00000000       -0.00000000        0.00000000
     4299.        0.00911367        0.00007899        0.00911401       -0.00000000       -0.00000000        0.00000000
     4300.        0.00921825        0.00008086        0.00921860       -0.00000000       -0.00000000        0.00000000
     4301.        0.00932300        0.00008277        0.00932337       -0.00000001       -0.00000000        0.00000001
     4302.        0.00942791        0.00008470        0.00942829       -0.00000001       -0.00000000        0.00000001
     4303.        0.00953296        0.00008666        0.00953335       -0.00000001       -0.00000000        0.00000001
     4304.        0.00963816        0.00008865        0.00963857       -0.00000001       -0.00000000        0.00000001
     4305.        0.00974348        0.00009065        0.00974390       -0.00000001       -0.00000000        0.00000001
     4306.        0.00984896        0.00009269        0.00984940       -0.00000001       -0.00000000        0.00000001
     4307.        0.00995459        0.00009474        0.00995504       -0.00000001       -0.00000000        0.00000001
     4308.        0.01006033        0.00009682        0.01006080       -0.00000001       -0.00000000        0.00000001
     4309.        0.01016619        0.00009892        0.01016668       -0.00000001       -0.00000000        0.00000001
     4310.        0.01027220        0.00010104        0.01027270       -0.00000001       -0.00000000        0.00000001
     4311.        0.01037832        0.00010318        0.01037883       -0.00000001       -0.00000000        0.00000001
     4312.        0.01048458        0.00010534        0.01048511       -0.00000001       -0.00000000        0.00000001
     4313.        0.01059094        0.00010751        0.01059149       -0.00000001       -0.00000000        0.00000001
     4314.        0.01069743        0.00010971        0.01069800       -0.00000001       -0.00000000        0.00000001
     4315.        0.01080403        0.00011192        0.01080461       -0.00000001       -0.00000000        0.00000001
     4316.        0.01091074        0.00011415        0.01091134       -0.00000001       -0.00000000        0.00000001
     4317.        0.01101759        0.00011639        0.01101820       -0.00000001       -0.00000000        0.00000001
     4318.        0.01112452        0.00011866        0.01112516       -0.00000001       -0.00000000        0.00000001
     4319.        0.01123159        0.00012093        0.01123224       -0.00000001       -0.00000000        0.00000001
     4320.        0.01133874        0.00012323        0.01133941       -0.00000001       -0.00000000        0.00000001
     4321.        0.01144603        0.00012554        0.01144672       -0.00000001       -0.00000000        0.00000001
     4322.        0.01155342        0.00012787        0.01155413       -0.00000001       -0.00000000        0.00000001
     4323.        0.01166092        0.00013021        0.01166165       -0.00000001       -0.00000000        0.00000001
     4324.        0.01176852        0.00013257        0.01176926       -0.00000001       -0.00000000        0.00000001
     4325.        0.01187624        0.00013495        0.01187701       -0.00000001       -0.00000000        0.00000001
     4326.        0.01198409        0.00013735        0.01198488       -0.00000001       -0.00000000        0.00000001
     4327.        0.01209202        0.00013977        0.01209283       -0.00000001       -0.00000000        0.00000001
     4328.        0.01220009        0.00014222        0.01220092       -0.00000001       -0.00000000        0.00000001
     4329.        0.01230825        0.00014469        0.01230910       -0.00000001       -0.00000000        0.00000001
     4330.        0.01241653        0.00014718        0.01241740       -0.00000001       -0.00000000        0.00000001
     4331.        0.01252492        0.00014970        0.01252581       -0.00000001       -0.00000000        0.00000001
     4332.        0.01263341        0.00015225        0.01263433       -0.00000001       -0.00000000        0.00000001
     4333.        0.01274206        0.00015484        0.01274300       -0.00000001       -0.00000000        0.00000001
     4334.        0.01285078        0.00015747        0.01285175       -0.00000001       -0.00000000        0.00000001
     4335.        0.01295962        0.00016015        0.01296061       -0.00000001       -0.00000000        0.00000001
     4336.        0.01306856        0.00016286        0.01306958       -0.00000001       -0.00000000        0.00000001
     4337.        0.01317760        0.00016561        0.01317864       -0.00000001       -0.00000000        0.00000001
     4338.        0.01328674        0.00016840        0.01328781       -0.00000001       -0.00000000        0.00000001
     4339.        0.01339600        0.00017122        0.01339709       -0.00000001       -0.00000000        0.00000001
     4340.        0.01350538        0.00017410        0.01350650       -0.00000001       -0.00000000        0.00000001
     4341.        0.01361489        0.00017702        0.01361604       -0.00000001       -0.00000000        0.00000001
     4342.        0.01372450        0.00018001        0.01372568       -0.00000001       -0.00000000        0.00000001
     4343.        0.01383423        0.00018307        0.01383544       -0.00000001       -0.00000000        0.00000001
     4344.        0.01394406        0.00018621        0.01394531       -0.00000001       -0.00000000        0.00000001
     4345.        0.01405399        0.00018942        0.01405526       -0.00000001       -0.00000000        0.00000001
     4346.        0.01416400        0.00019270        0.01416531       -0.00000001       -0.00000000        0.00000001
     4347.        0.01427411        0.00019606        0.01427545       -0.00000001       -0.00000000        0.00000001
     4348.        0.01438430        0.00019947        0.01438568       -0.00000001       -0.00000000        0.00000001
     4349.        0.01449458        0.00020295        0.01449600       -0.00000001       -0.00000000        0.00000001
     4350.        0.01460496        0.00020648        0.01460642       -0.00000001       -0.00000000        0.00000001
     4351.        0.01471544        0.00021008        0.01471694       -0.00000001       -0.00000000        0.00000001
     4352.        0.01482602        0.00021374        0.01482756       -0.00000001       -0.00000000        0.00000001
     4353.        0.01493675        0.00021748        0.01493833       -0.00000001       -0.00000000        0.00000001
     4354.        0.01504757        0.00022130        0.01504919       -0.00000001       -0.00000000        0.00000001
     4355.        0.01515850        0.00022523        0.01516017       -0.00000001       -0.00000000        0.00000001
     4356.        0.01526955        0.00022926        0.01527127       -0.00000001       -0.00000000        0.00000001
     4357.        0.01538071        0.00023341        0.01538248       -0.00000001       -0.00000000        0.00000001
     4358.        0.01549195        0.00023767        0.01549378       -0.00000001       -0.00000000        0.00000001
     4359.        0.01560329        0.00024206        0.01560516       -0.00000001       -0.00000000        0.00000001
     4360.        0.01571468        0.00024657        0.01571661       -0.00000001       -0.00000000        0.00000001
     4361.        0.01582615        0.00025120        0.01582814       -0.00000001       -0.00000000        0.00000001
     4362.        0.01593770        0.00025595        0.01593975       -0.00000001       -0.00000000        0.00000001
     4363.        0.01604928        0.00026081        0.01605140       -0.00000001       -0.00000000        0.00000001
     4364.        0.01616091        0.00026577        0.01616310       -0.00000001       -0.00000000        0.00000001
     4365.        0.01627261        0.00027082        0.01627487       -0.00000001       -0.00000000        0.00000001
     4366.        0.01638439        0.00027597        0.01638671       -0.00000001       -0.00000000        0.00000001
     4367.        0.01649621        0.00028120        0.01649860       -0.00000001       -0.00000000        0.00000001
     4368.        0.01660811        0.00028651        0.01661058       -0.00000001       -0.00000000        0.00000001
     4369.        0.01672010        0.00029191        0.01672265       -0.00000001       -0.00000000        0.00000001
     4370.        0.01683220        0.00029741        0.01683483       -0.00000001       -0.00000000        0.00000001
     4371.        0.01694438        0.00030300        0.01694709       -0.00000001       -0.00000000        0.00000001
     4372.        0.01705667        0.00030871        0.01705946       -0.00000001       -0.00000000        0.00000001
     4373.        0.01716908        0.00031453        0.01717196       -0.00000001       -0.00000000        0.00000001
     4374.        0.01728156        0.00032048        0.01728454       -0.00000001       -0.00000000        0.00000001
     4375.        0.01739417        0.00032657        0.01739724       -0.00000001       -0.00000000        0.00000001
     4376.        0.01750688        0.00033280        0.01751004       -0.00000001       -0.00000000        0.00000001
     4377.        0.01761971        0.00033920        0.01762297       -0.00000001       -0.00000000        0.00000001
     4378.        0.01773258        0.00034576        0.01773595       -0.00000001       -0.00000000        0.00000001
     4379.        0.01784557        0.00035249        0.01784905       -0.00000001       -0.00000000        0.00000001
     4380.        0.01795860        0.00035940        0.01796219       -0.00000001       -0.00000000        0.00000001
     4381.        0.01807172        0.00036647        0.01807543       -0.00000001       -0.00000000        0.00000001
     4382.        0.01818487        0.00037373        0.01818871       -0.00000001       -0.00000000        0.00000001
     4383.        0.01829807        0.00038115        0.01830204       -0.00000001       -0.00000000        0.00000001
     4384.        0.01841130        0.00038874        0.01841541       -0.00000001       -0.00000000        0.00000001
     4385.        0.01852457        0.00039649        0.01852881       -0.00000001       -0.00000000        0.00000001
     4386.        0.01863789        0.00040440        0.01864228       -0.00000001       -0.00000000        0.00000001
     4387.        0.01875122        0.00041246        0.01875575       -0.00000001       -0.00000000        0.00000001
     4388.        0.01886457        0.00042065        0.01886926       -0.00000001       -0.00000000        0.00000001
     4389.        0.01897795        0.00042898        0.01898280       -0.00000001       -0.00000000        0.00000001
     4390.        0.01909138        0.00043743        0.01909639       -0.00000001       -0.00000000        0.00000001
     4391.        0.01920483        0.00044600        0.01921001       -0.00000001       -0.00000000        0.00000001
     4392.        0.01931835        0.00045470        0.01932370       -0.00000001       -0.00000000        0.00000001
     4393.        0.01943191        0.00046351        0.01943744       -0.00000001       -0.00000000        0.00000001
     4394.        0.01954556        0.00047244        0.01955127       -0.00000001       -0.00000000        0.00000001
     4395.        0.01965928        0.00048149        0.01966517       -0.00000001       -0.00000000        0.00000001
     4396.        0.01977308        0.00049066        0.01977917       -0.00000001       -0.00000000        0.00000001
     4397.        0.01988697        0.00049997        0.01989325       -0.00000001       -0.00000000        0.00000001
     4398.        0.02000099        0.00050942        0.02000748       -0.00000001       -0.00000000        0.00000001
     4399.        0.02011510        0.00051901        0.02012179       -0.00000001       -0.00000000        0.00000001
     4400.        0.02022931        0.00052877        0.02023622       -0.00000001       -0.00000000        0.00000001
     4401.        0.02034365        0.00053870        0.02035078       -0.00000001       -0.00000000        0.00000001
     4402.        0.02045809        0.00054881        0.02046545       -0.00000001       -0.00000000        0.00000001
     4403.        0.02057267        0.00055912        0.02058026       -0.00000001       -0.00000000        0.00000001
     4404.        0.02068734        0.00056963        0.02069518       -0.00000001       -0.00000000        0.00000001
     4405.        0.02080214        0.00058036        0.02081024       -0.00000001       -0.00000000        0.00000001
     4406.        0.02091702        0.00059132        0.02092538       -0.00000001       -0.00000000        0.00000001
     4407.        0.02103202        0.00060251        0.02104065       -0.00000001       -0.00000000        0.00000001
     4408.        0.02114709        0.00061394        0.02115600       -0.00000001       -0.00000000        0.00000001
     4409.        0.02126224        0.00062563        0.02127144       -0.00000001       -0.00000000        0.00000001
     4410.        0.02137747        0.00063757        0.02138698       -0.00000001       -0.00000000        0.00000001
     4411.        0.02149275        0.00064977        0.02150257       -0.00000001       -0.00000000        0.00000001
     4412.        0.02160808        0.00066222        0.02161822       -0.00000001       -0.00000000        0.00000001
     4413.        0.02172346        0.00067495        0.02173395       -0.00000001       -0.00000000        0.00000001
     4414.        0.02183889        0.00068793        0.02184972       -0.00000001       -0.00000000        0.00000001
     4415.        0.02195433        0.00070117        0.02196552       -0.00000001       -0.00000000        0.00000001
     4416.        0.02206978        0.00071466        0.02208134       -0.00000001       -0.00000000        0.00000001
     4417.        0.02218523        0.00072841        0.02219719       -0.00000001       -0.00000000        0.00000001
     4418.        0.02230072        0.00074240        0.02231307       -0.00000001       -0.00000000        0.00000001
     4419.        0.02241619        0.00075663        0.02242895       -0.00000001       -0.00000000        0.00000001
     4420.        0.02253166        0.00077109        0.02254485       -0.00000001       -0.00000000        0.00000001
     4421.        0.02264710        0.00078577        0.02266073       -0.00000001       -0.00000000        0.00000001
     4422.        0.02276258        0.00080068        0.02277666       -0.00000001       -0.00000000        0.00000001
     4423.        0.02287805        0.00081580        0.02289259       -0.00000001       -0.00000000        0.00000001
     4424.        0.02299349        0.00083113        0.02300851       -0.00000001       -0.00000000        0.00000001
     4425.        0.02310898        0.00084666        0.02312448       -0.00000001       -0.00000000        0.00000001
     4426.        0.02322446        0.00086238        0.02324047       -0.00000001       -0.00000000        0.00000001
     4427.        0.02333994        0.00087830        0.02335646       -0.00000001       -0.00000000        0.00000001
     4428.        0.02345548        0.00089441        0.02347253       -0.00000001       -0.00000000        0.00000001
     4429.        0.02357102        0.00091072        0.02358860       -0.00000001       -0.00000000        0.00000001
     4430.        0.02368662        0.00092721        0.02370476       -0.00000001       -0.00000000        0.00000001
     4431.        0.02380226        0.00094391        0.02382097       -0.00000001       -0.00000000        0.00000001
     4432.        0.02391797        0.00096080        0.02393726       -0.00000001       -0.00000000        0.00000001
     4433.        0.02403374        0.00097789        0.02405362       -0.00000001       -0.00000000        0.00000001
     4434.        0.02414957        0.00099520        0.02417007       -0.00000001       -0.00000000        0.00000001
     4435.        0.02426546        0.00101272        0.02428659       -0.00000001       -0.00000000        0.00000001
     4436.        0.02438147        0.00103047        0.02440324       -0.00000001       -0.00000000        0.00000001
     4437.        0.02449754        0.00104845        0.02451996       -0.00000001       -0.00000000        0.00000001
     4438.        0.02461369        0.00106668        0.02463680       -0.00000001       -0.00000000        0.00000001
     4439.        0.02472996        0.00108516        0.02475376       -0.00000001       -0.00000000        0.00000001
     4440.        0.02484631        0.00110391        0.02487082       -0.00000001       -0.00000000        0.00000001
     4441.        0.02496274        0.00112293        0.02498798       -0.00000001       -0.00000000        0.00000001
     4442.        0.02507925        0.00114224        0.02510525       -0.00000001       -0.00000000        0.00000001
     4443.        0.02519588        0.00116185        0.02522265       -0.00000001       -0.00000000        0.00000001
     4444.        0.02531258        0.00118177        0.02534015       -0.00000001       -0.00000000        0.00000001
     4445.        0.02542934        0.00120201        0.02545773       -0.00000001       -0.00000000        0.00000001
     4446.        0.02554617        0.00122258        0.02557541       -0.00000001       -0.00000000        0.00000001
     4447.        0.02566308        0.00124349        0.02569319       -0.00000001       -0.00000000        0.00000001
     4448.        0.02578005        0.00126474        0.02581105       -0.00000001       -0.00000000        0.00000001
     4449.        0.02589706        0.00128634        0.02592898       -0.00000001       -0.00000000        0.00000001
     4450.        0.02601409        0.00130830        0.02604696       -0.00000001       -0.00000000        0.00000001
     4451.        0.02613113        0.00133063        0.02616499       -0.00000001       -0.00000000        0.00000001
     4452.        0.02624823        0.00135332        0.02628309       -0.00000001       -0.00000000        0.00000001
     4453.        0.02636531        0.00137638        0.02640121       -0.00000001       -0.00000000        0.00000001
     4454.        0.02648238        0.00139981        0.02651935       -0.00000001       -0.00000000        0.00000001
     4455.        0.02659943        0.00142362        0.02663750       -0.00000001       -0.00000000        0.00000001
     4456.        0.02671645        0.00144779        0.02675565       -0.00000001       -0.00000000        0.00000001
     4457.        0.02683344        0.00147234        0.02687380       -0.00000001       -0.00000000        0.00000001
     4458.        0.02695036        0.00149725        0.02699192       -0.00000001       -0.00000000        0.00000001
     4459.        0.02706726        0.00152252        0.02711005       -0.00000001       -0.00000000        0.00000001
     4460.        0.02718406        0.00154815        0.02722811       -0.00000001       -0.00000000        0.00000001
     4461.        0.02730077        0.00157413        0.02734612       -0.00000001       -0.00000000        0.00000001
     4462.        0.02741741        0.00160045        0.02746408       -0.00000001       -0.00000000        0.00000001
     4463.        0.02753396        0.00162711        0.02758200       -0.00000001       -0.00000000        0.00000001
     4464.        0.02765043        0.00165410        0.02769986       -0.00000001       -0.00000000        0.00000001
     4465.        0.02776678        0.00168140        0.02781764       -0.00000001       -0.00000000        0.00000001
     4466.        0.02788302        0.00170902        0.02793535       -0.00000001       -0.00000000        0.00000001
     4467.        0.02799917        0.00173693        0.02805299       -0.00000001       -0.00000000        0.00000001
     4468.        0.02811523        0.00176514        0.02817058       -0.00000001       -0.00000000        0.00000001
     4469.        0.02823117        0.00179364        0.02828809       -0.00000001       -0.00000000        0.00000001
     4470.        0.02834698        0.00182241        0.02840550       -0.00000001       -0.00000000        0.00000001
     4471.        0.02846270        0.00185145        0.02852285       -0.00000001       -0.00000000        0.00000001
     4472.        0.02857832        0.00188074        0.02864014       -0.00000001       -0.00000000        0.00000001
     4473.        0.02869387        0.00191029        0.02875739       -0.00000001       -0.00000000        0.00000001
     4474.        0.02880932        0.00194008        0.02887457       -0.00000001       -0.00000000        0.00000001
     4475.        0.02892464        0.00197011        0.02899165       -0.00000001       -0.00000000        0.00000001
     4476.        0.02904000        0.00200039        0.02910881       -0.00000001       -0.00000000        0.00000001
     4477.        0.02915525        0.00203090        0.02922590       -0.00000001       -0.00000000        0.00000001
     4478.        0.02927040        0.00206164        0.02934291       -0.00000001       -0.00000000        0.00000001
     4479.        0.02938544        0.00209258        0.02945985       -0.00000001       -0.00000000        0.00000001
     4480.        0.02950036        0.00212374        0.02957671       -0.00000001       -0.00000000        0.00000001
     4481.        0.02961547        0.00215513        0.02969378       -0.00000001       -0.00000000        0.00000001
     4482.        0.02973047        0.00218673        0.02981078       -0.00000001       -0.00000000        0.00000001
     4483.        0.02984535        0.00221856        0.02992770       -0.00000001       -0.00000000        0.00000001
     4484.        0.02996042        0.00225063        0.03004483       -0.00000001       -0.00000000        0.00000001
     4485.        0.03007536        0.00228295        0.03016188       -0.00000001       -0.00000000        0.00000001
     4486.        0.03019019        0.00231551        0.03027886       -0.00000001       -0.00000000        0.00000001
     4487.        0.03030520        0.00234832        0.03039605       -0.00000001       -0.00000000        0.00000001
     4488.        0.03042038        0.00238139        0.03051345       -0.00000001       -0.00000000        0.00000001
     4489.        0.03053514        0.00241469        0.03063047       -0.00000001       -0.00000000        0.00000001
     4490.        0.03065038        0.00244825        0.03074801       -0.00000001       -0.00000000        0.00000001
     4491.        0.03076520        0.00248207        0.03086516       -0.00000001       -0.00000000        0.00000001
     4492.        0.03088049        0.00251615        0.03098283       -0.00000001       -0.00000000        0.00000001
     4493.        0.03099565        0.00255051        0.03110041       -0.00000001       -0.00000000        0.00000001
     4494.        0.03111069        0.00258517        0.03121791       -0.00000001       -0.00000000        0.00000001
     4495.        0.03122590        0.00262013        0.03133564       -0.00000001       -0.00000000        0.00000001
     4496.        0.03134129        0.00265543        0.03145358       -0.00000001       -0.00000000        0.00000001
     4497.        0.03145684        0.00269106        0.03157174       -0.00000001       -0.00000000        0.00000001
     4498.        0.03157227        0.00272706        0.03168982       -0.00000001       -0.00000000        0.00000001
     4499.        0.03168756        0.00276343        0.03180783       -0.00000001       -0.00000000        0.00000001
     4500.        0.03180333        0.00280017        0.03192637       -0.00000001       -0.00000000        0.00000001
     4501.        0.03191867        0.00283731        0.03204453       -0.00000001       -0.00000000        0.00000001
     4502.        0.03203447        0.00287484        0.03216321       -0.00000001       -0.00000000        0.00000001
     4503.        0.03214984        0.00291276        0.03228152       -0.00000001       -0.00000000        0.00000001
     4504.        0.03226538        0.00295108        0.03240006       -0.00000001       -0.00000000        0.00000001
     4505.        0.03238109        0.00298980        0.03251882       -0.00000001       -0.00000000        0.00000001
     4506.        0.03249666        0.00302893        0.03263751       -0.00000001       -0.00000000        0.00000001
     4507.        0.03261209        0.00306845        0.03275612       -0.00000001       -0.00000000        0.00000001
     4508.        0.03272768        0.00310838        0.03287496       -0.00000001       -0.00000000        0.00000001
     4509.        0.03284314        0.00314873        0.03299373       -0.00000001       -0.00000000        0.00000001
     4510.        0.03295876        0.00318950        0.03311273       -0.00000001       -0.00000000        0.00000001
     4511.        0.03307424        0.00323069        0.03323165       -0.00000001       -0.00000000        0.00000001
     4512.        0.03318957        0.00327235        0.03335050       -0.00000001       -0.00000000        0.00000001
     4513.        0.03330507        0.00331443        0.03346958       -0.00000001       -0.00000000        0.00000001
     4514.        0.03342042        0.00335694        0.03358859       -0.00000001       -0.00000000        0.00000001
     4515.        0.03353562        0.00339994        0.03370752       -0.00000001       -0.00000000        0.00000001
     4516.        0.03365098        0.00344341        0.03382670       -0.00000001       -0.00000000        0.00000001
     4517.        0.03376619        0.00348737        0.03394580       -0.00000001       -0.00000000        0.00000001
     4518.        0.03388125        0.00353176        0.03406483       -0.00000001       -0.00000000        0.00000001
     4519.        0.03399616        0.00357666        0.03418379       -0.00000001       -0.00000000        0.00000001
     4520.        0.03411091        0.00362202        0.03430267       -0.00000001       -0.00000000        0.00000001
     4521.        0.03422551        0.00366786        0.03442149       -0.00000001       -0.00000000        0.00000001
     4522.        0.03433995        0.00371416        0.03454023       -0.00000001       -0.00000000        0.00000001
     4523.        0.03445423        0.00376092        0.03465889       -0.00000001       -0.00000000        0.00000001
     4524.        0.03456835        0.00380814        0.03477747       -0.00000001       -0.00000000        0.00000001
     4525.        0.03468231        0.00385578        0.03489598       -0.00000001       -0.00000000        0.00000001
     4526.        0.03479610        0.00390384        0.03501440       -0.00000001       -0.00000000        0.00000001
     4527.        0.03490941        0.00395235        0.03513243       -0.00000001       -0.00000000        0.00000001
     4528.        0.03502287        0.00400121        0.03525069       -0.00000001       -0.00000000        0.00000001
     4529.        0.03513584        0.00405049        0.03536855       -0.00000001       -0.00000000        0.00000001
     4530.        0.03524865        0.00410012        0.03548631       -0.00000001       -0.00000000        0.00000001
     4531.        0.03536128        0.00415012        0.03560398       -0.00000001       -0.00000000        0.00000001
     4532.        0.03547342        0.00420044        0.03572124       -0.00000001       -0.00000000        0.00000001
     4533.        0.03558570        0.00425112        0.03583872       -0.00000001       -0.00000000        0.00000001
     4534.        0.03569748        0.00430213        0.03595579       -0.00000001       -0.00000000        0.00000001
     4535.        0.03580941        0.00435347        0.03607307       -0.00000001       -0.00000000        0.00000001
     4536.        0.03592083        0.00440511        0.03618993       -0.00000001       -0.00000000        0.00000001
     4537.        0.03603207        0.00445705        0.03630669       -0.00000001       -0.00000000        0.00000001
     4538.        0.03614313        0.00450932        0.03642334       -0.00000001       -0.00000000        0.00000001
     4539.        0.03625400        0.00456189        0.03653989       -0.00000001       -0.00000000        0.00000001
     4540.        0.03636469        0.00461476        0.03665633       -0.00000001       -0.00000000        0.00000001
     4541.        0.03647519        0.00466790        0.03677266       -0.00000001       -0.00000000        0.00000001
     4542.        0.03658549        0.00472137        0.03688888       -0.00000001       -0.00000000        0.00000001
     4543.        0.03669561        0.00477512        0.03700499       -0.00000001       -0.00000000        0.00000001
     4544.        0.03680586        0.00482920        0.03712132       -0.00000001       -0.00000000        0.00000001
     4545.        0.03691558        0.00488352        0.03723720       -0.00000001       -0.00000000        0.00000001
     4546.        0.03702512        0.00493818        0.03735298       -0.00000001       -0.00000000        0.00000001
     4547.        0.03713478        0.00499311        0.03746896       -0.00000001       -0.00000000        0.00000001
     4548.        0.03724392        0.00504835        0.03758451       -0.00000001       -0.00000000        0.00000001
     4549.        0.03735318        0.00510390        0.03770026       -0.00000001       -0.00000000        0.00000001
     4550.        0.03746192        0.00515969        0.03781557       -0.00000001       -0.00000000        0.00000001
     4551.        0.03757078        0.00521578        0.03793109       -0.00000001       -0.00000000        0.00000001
     4552.        0.03767943        0.00527218        0.03804649       -0.00000001       -0.00000000        0.00000001
     4553.        0.03778789        0.00532883        0.03816177       -0.00000001       -0.00000000        0.00000001
     4554.        0.03789613        0.00538579        0.03827693       -0.00000001       -0.00000000        0.00000001
     4555.        0.03800417        0.00544299        0.03839196       -0.00000001       -0.00000000        0.00000001
     4556.        0.03811233        0.00550047        0.03850720       -0.00000001       -0.00000000        0.00000001
     4557.        0.03822027        0.00555823        0.03862232       -0.00000001       -0.00000000        0.00000001
     4558.        0.03832801        0.00561626        0.03873731       -0.00000001       -0.00000000        0.00000001
     4559.        0.03843554        0.00567455        0.03885217       -0.00000001       -0.00000000        0.00000001
     4560.        0.03854285        0.00573311        0.03896690       -0.00000001       -0.00000000        0.00000001
     4561.        0.03865027        0.00579192        0.03908184       -0.00000001       -0.00000000        0.00000001
     4562.        0.03875715        0.00585101        0.03919631       -0.00000001       -0.00000000        0.00000001
     4563.        0.03886448        0.00591034        0.03931132       -0.00000001       -0.00000000        0.00000001
     4564.        0.03897125        0.00596993        0.03942586       -0.00000001       -0.00000000        0.00000001
     4565.        0.03907814        0.00602983        0.03954061       -0.00000001       -0.00000000        0.00000001
     4566.        0.03918481        0.00608995        0.03965522       -0.00000001       -0.00000000        0.00000001
     4567.        0.03929159        0.00615038        0.03977004       -0.00000001       -0.00000000        0.00000001
     4568.        0.03939815        0.00621110        0.03988473       -0.00000001       -0.00000000        0.00000001
     4569.        0.03950482        0.00627207        0.03999962       -0.00000001       -0.00000000        0.00000001
     4570.        0.03961126        0.00633338        0.04011439       -0.00000001       -0.00000000        0.00000001
     4571.        0.03971782        0.00639496        0.04022935       -0.00000001       -0.00000000        0.00000001
     4572.        0.03982416        0.00645688        0.04034420       -0.00000001       -0.00000000        0.00000001
     4573.        0.03993060        0.00651912        0.04045926       -0.00000001       -0.00000000        0.00000001
     4574.        0.04003681        0.00658172        0.04057420       -0.00000001       -0.00000000        0.00000001
     4575.        0.04014314        0.00664464        0.04068935       -0.00000001       -0.00000000        0.00000001
     4576.        0.04024923        0.00670796        0.04080438       -0.00000001       -0.00000000        0.00000001
     4577.        0.04035544        0.00677162        0.04091963       -0.00000001       -0.00000000        0.00000001
     4578.        0.04046175        0.00683569        0.04103510       -0.00000001       -0.00000000        0.00000001
     4579.        0.04056783        0.00690017        0.04115047       -0.00000001       -0.00000000        0.00000001
     4580.        0.04067368        0.00696506        0.04126572       -0.00000001       -0.00000000        0.00000001
     4581.        0.04077997        0.00703037        0.04138155       -0.00000001       -0.00000000        0.00000001
     4582.        0.04088569        0.00709615        0.04149693       -0.00000001       -0.00000000        0.00000001
     4583.        0.04099152        0.00716236        0.04161254       -0.00000001       -0.00000000        0.00000001
     4584.        0.04109745        0.00722904        0.04172840       -0.00000001       -0.00000000        0.00000001
     4585.        0.04120314        0.00729619        0.04184415       -0.00000001       -0.00000000        0.00000001
     4586.        0.04130859        0.00736384        0.04195982       -0.00000001       -0.00000000        0.00000001
     4587.        0.04141415        0.00743197        0.04207572       -0.00000001       -0.00000000        0.00000001
     4588.        0.04151947        0.00750060        0.04219153       -0.00000001       -0.00000000        0.00000001
     4589.        0.04162489        0.00756974        0.04230759       -0.00000001       -0.00000000        0.00000001
     4590.        0.04172972        0.00763939        0.04242322       -0.00000001       -0.00000000        0.00000001
     4591.        0.04183465        0.00770959        0.04253910       -0.00000001       -0.00000000        0.00000001
     4592.        0.04193968        0.00778027        0.04265524       -0.00000001       -0.00000000        0.00000001
     4593.        0.04204411        0.00785149        0.04277094       -0.00000001       -0.00000000        0.00000001
     4594.        0.04214830        0.00792323        0.04288656       -0.00000001       -0.00000000        0.00000001
     4595.        0.04225259        0.00799549        0.04300243       -0.00000001       -0.00000000        0.00000001
     4596.        0.04235627        0.00806831        0.04311788       -0.00000001       -0.00000000        0.00000001
     4597.        0.04246005        0.00814161        0.04323357       -0.00000001       -0.00000000        0.00000001
     4598.        0.04256322        0.00821547        0.04334884       -0.00000001       -0.00000000        0.00000001
     4599.        0.04266614        0.00828981        0.04346401       -0.00000001       -0.00000000        0.00000001
     4600.        0.04276915        0.00836468        0.04357945       -0.00000001       -0.00000000        0.00000001
     4601.        0.04287155        0.00844004        0.04369444       -0.00000001       -0.00000000        0.00000001
     4602.        0.04297334        0.00851589        0.04380900       -0.00000001       -0.00000000        0.00000001
     4603.        0.04307521        0.00859223        0.04392380       -0.00000001       -0.00000000        0.00000001
     4604.        0.04317683        0.00866907        0.04403852       -0.00000001       -0.00000000        0.00000001
     4605.        0.04327782        0.00874637        0.04415278       -0.00000001       -0.00000000        0.00000001
     4606.        0.04337818        0.00882417        0.04426661       -0.00000001       -0.00000000        0.00000001
     4607.        0.04347864        0.00890236        0.04438067       -0.00000001       -0.00000000        0.00000001
     4608.        0.04357846        0.00898104        0.04449428       -0.00000001       -0.00000000        0.00000001
     4609.        0.04367801        0.00906012        0.04460779       -0.00000001       -0.00000000        0.00000001
     4610.        0.04377693        0.00913963        0.04472083       -0.00000001       -0.00000000        0.00000001
     4611.        0.04387593        0.00921953        0.04483411       -0.00000001       -0.00000000        0.00000001
     4612.        0.04397394        0.00929986        0.04494658       -0.00000001       -0.00000000        0.00000001
     4613.        0.04407203        0.00938056        0.04505928       -0.00000001       -0.00000000        0.00000001
     4614.        0.04416947        0.00946161        0.04517150       -0.00000001       -0.00000000        0.00000001
     4615.        0.04426627        0.00954307        0.04528325       -0.00000001       -0.00000000        0.00000001
     4616.        0.04436278        0.00962485        0.04539487       -0.00000001       -0.00000000        0.00000001
     4617.        0.04445901        0.00970695        0.04550636       -0.00000001       -0.00000000        0.00000001
     4618.        0.04455458        0.00978942        0.04561736       -0.00000001       -0.00000000        0.00000001
     4619.        0.04464987        0.00987218        0.04572823       -0.00000001       -0.00000000        0.00000001
     4620.        0.04474486        0.00995527        0.04583896       -0.00000001       -0.00000000        0.00000001
     4621.        0.04483920        0.01003862        0.04594918       -0.00000001       -0.00000000        0.00000001
     4622.        0.04493323        0.01012229        0.04605927       -0.00000001       -0.00000000        0.00000001
     4623.        0.04502661        0.01020622        0.04616885       -0.00000001       -0.00000000        0.00000001
     4624.        0.04511969        0.01029045        0.04627828       -0.00000001       -0.00000000        0.00000001
     4625.        0.04521246        0.01037489        0.04638755       -0.00000001       -0.00000000        0.00000001
     4626.        0.04530457        0.01045963        0.04649632       -0.00000001       -0.00000000        0.00000001
     4627.        0.04539637        0.01054459        0.04660492       -0.00000001       -0.00000000        0.00000001
     4628.        0.04548786        0.01062977        0.04671336       -0.00000001       -0.00000000        0.00000001
     4629.        0.04557868        0.01071521        0.04682127       -0.00000001       -0.00000000        0.00000001
     4630.        0.04566919        0.01080087        0.04692903       -0.00000001       -0.00000000        0.00000001
     4631.        0.04575938        0.01088672        0.04703660       -0.00000001       -0.00000000        0.00000001
     4632.        0.04584927        0.01097279        0.04714401       -0.00000001       -0.00000000        0.00000001
     4633.        0.04593846        0.01105904        0.04725087       -0.00000001       -0.00000000        0.00000001
     4634.        0.04602735        0.01114551        0.04735757       -0.00000001       -0.00000000        0.00000001
     4635.        0.04611591        0.01123217        0.04746408       -0.00000001       -0.00000000        0.00000001
     4636.        0.04620415        0.01131901        0.04757041       -0.00000001       -0.00000000        0.00000001
     4637.        0.04629208        0.01140603        0.04767656       -0.00000001       -0.00000000        0.00000001
     4638.        0.04637931        0.01149320        0.04778215       -0.00000001       -0.00000000        0.00000001
     4639.        0.04646621        0.01158056        0.04788756       -0.00000001       -0.00000000        0.00000001
     4640.        0.04655279        0.01166806        0.04799277       -0.00000001       -0.00000000        0.00000001
     4641.        0.04663904        0.01175571        0.04809778       -0.00000001       -0.00000000        0.00000001
     4642.        0.04672496        0.01184355        0.04820261       -0.00000001       -0.00000000        0.00000001
     4643.        0.04681055        0.01193153        0.04830723       -0.00000001       -0.00000000        0.00000001
     4644.        0.04689543        0.01201965        0.04841130       -0.00000001       -0.00000000        0.00000001
     4645.        0.04698036        0.01210788        0.04851551       -0.00000001       -0.00000000        0.00000001
     4646.        0.04706457        0.01219626        0.04861916       -0.00000001       -0.00000000        0.00000001
     4647.        0.04714882        0.01228479        0.04872297       -0.00000001       -0.00000000        0.00000001
     4648.        0.04723236        0.01237342        0.04882620       -0.00000001       -0.00000000        0.00000001
     4649.        0.04731594        0.01246219        0.04892959       -0.00000001       -0.00000000        0.00000001
     4650.        0.04739880        0.01255107        0.04903240       -0.00000001       -0.00000000        0.00000001
     4651.        0.04748132        0.01264006        0.04913499       -0.00000001       -0.00000000        0.00000001
     4652.        0.04756387        0.01272920        0.04923773       -0.00000001       -0.00000000        0.00000001
     4653.        0.04764570        0.01281839        0.04933988       -0.00000001       -0.00000000        0.00000001
     4654.        0.04772756        0.01290774        0.04944219       -0.00000001       -0.00000000        0.00000001
     4655.        0.04780908        0.01299715        0.04954426       -0.00000001       -0.00000000        0.00000001
     4656.        0.04789024        0.01308670        0.04964612       -0.00000001       -0.00000000        0.00000001
     4657.        0.04797106        0.01317632        0.04974774       -0.00000001       -0.00000000        0.00000001
     4658.        0.04805153        0.01326604        0.04984914       -0.00000001       -0.00000000        0.00000001
     4659.        0.04813164        0.01335587        0.04995031       -0.00000001       -0.00000000        0.00000001
     4660.        0.04821140        0.01344580        0.05005126       -0.00000001       -0.00000000        0.00000001
     4661.        0.04829119        0.01353579        0.05015233       -0.00000001       -0.00000000        0.00000001
     4662.        0.04837062        0.01362585        0.05025316       -0.00000001       -0.00000000        0.00000001
     4663.        0.04844969        0.01371604        0.05035377       -0.00000001       -0.00000000        0.00000001
     4664.        0.04852841        0.01380631        0.05045414       -0.00000001       -0.00000000        0.00000001
     4665.        0.04860715        0.01389663        0.05055464       -0.00000001       -0.00000000        0.00000001
     4666.        0.04868515        0.01398705        0.05065453       -0.00000001       -0.00000000        0.00000001
     4667.        0.04876355        0.01407758        0.05075492       -0.00000001       -0.00000000        0.00000001
     4668.        0.04884121        0.01416816        0.05085470       -0.00000001       -0.00000000        0.00000001
     4669.        0.04891889        0.01425885        0.05095461       -0.00000001       -0.00000000        0.00000001
     4670.        0.04899620        0.01434963        0.05105428       -0.00000001       -0.00000000        0.00000001
     4671.        0.04907354        0.01444048        0.05115408       -0.00000001       -0.00000000        0.00000001
     4672.        0.04915051        0.01453142        0.05125363       -0.00000001       -0.00000000        0.00000001
     4673.        0.04922711        0.01462242        0.05135293       -0.00000001       -0.00000000        0.00000001
     4674.        0.04930374        0.01471356        0.05145238       -0.00000001       -0.00000000        0.00000001
     4675.        0.04937999        0.01480476        0.05155157       -0.00000001       -0.00000000        0.00000001
     4676.        0.04945626        0.01489605        0.05165089       -0.00000001       -0.00000000        0.00000001
     4677.        0.04953216        0.01498744        0.05174996       -0.00000001       -0.00000000        0.00000001
     4678.        0.04960808        0.01507893        0.05184917       -0.00000001       -0.00000000        0.00000001
     4679.        0.04968363        0.01517055        0.05194814       -0.00000001       -0.00000000        0.00000001
     4680.        0.04975920        0.01526227        0.05204723       -0.00000001       -0.00000000        0.00000001
     4681.        0.04983439        0.01535408        0.05214608       -0.00000001       -0.00000000        0.00000001
     4682.        0.04990959        0.01544603        0.05224507       -0.00000001       -0.00000000        0.00000001
     4683.        0.04998442        0.01553811        0.05234382       -0.00000001       -0.00000000        0.00000001
     4684.        0.05005966        0.01563029        0.05244307       -0.00000001       -0.00000000        0.00000001
     4685.        0.05013413        0.01572260        0.05254171       -0.00000001       -0.00000000        0.00000001
     4686.        0.05020901        0.01581508        0.05264087       -0.00000001       -0.00000000        0.00000001
     4687.        0.05028312        0.01590770        0.05273942       -0.00000001       -0.00000000        0.00000001
     4688.        0.05035763        0.01600045        0.05283848       -0.00000001       -0.00000000        0.00000001
     4689.        0.05043176        0.01609341        0.05293733       -0.00000001       -0.00000000        0.00000001
     4690.        0.05050591        0.01618650        0.05303631       -0.00000001       -0.00000000        0.00000001
     4691.        0.05058008        0.01627977        0.05313544       -0.00000001       -0.00000000        0.00000001
     4692.        0.05065386        0.01637321        0.05323434       -0.00000001       -0.00000000        0.00000001
     4693.        0.05072765        0.01646686        0.05333340       -0.00000001       -0.00000000        0.00000001
     4694.        0.05080146        0.01656069        0.05343262       -0.00000001       -0.00000000        0.00000001
     4695.        0.05087488        0.01665472        0.05353161       -0.00000001       -0.00000000        0.00000001
     4696.        0.05094832        0.01674901        0.05363078       -0.00000001       -0.00000000        0.00000001
     4697.        0.05102177        0.01684347        0.05373010       -0.00000001       -0.00000000        0.00000001
     4698.        0.05109483        0.01693823        0.05382922       -0.00000001       -0.00000000        0.00000001
     4699.        0.05116790        0.01703316        0.05392850       -0.00000001       -0.00000000        0.00000001
     4700.        0.05124099        0.01712838        0.05402796       -0.00000001       -0.00000000        0.00000001
     4701.        0.05131369        0.01722385        0.05412722       -0.00000001       -0.00000000        0.00000001
     4702.        0.05138640        0.01731958        0.05422665       -0.00000001       -0.00000000        0.00000001
     4703.        0.05145912        0.01741560        0.05432627       -0.00000001       -0.00000000        0.00000001
     4704.        0.05153185        0.01751192        0.05442609       -0.00000001       -0.00000000        0.00000001
     4705.        0.05160419        0.01760849        0.05452570       -0.00000001       -0.00000000        0.00000001
     4706.        0.05167654        0.01770536        0.05462550       -0.00000001       -0.00000000        0.00000001
     4707.        0.05174850        0.01780257        0.05472512       -0.00000001       -0.00000000        0.00000001
     4708.        0.05182047        0.01790011        0.05482495       -0.00000001       -0.00000000        0.00000001
     4709.        0.05189245        0.01799795        0.05492497       -0.00000001       -0.00000000        0.00000001
     4710.        0.05196403        0.01809608        0.05502480       -0.00000001       -0.00000000        0.00000001
     4711.        0.05203562        0.01819459        0.05512485       -0.00000001       -0.00000000        0.00000001
     4712.        0.05210681        0.01829345        0.05522472       -0.00000001       -0.00000000        0.00000001
     4713.        0.05217802        0.01839264        0.05532481       -0.00000001       -0.00000000        0.00000001
     4714.        0.05224882        0.01849221        0.05542473       -0.00000001       -0.00000000        0.00000001
     4715.        0.05231963        0.01859213        0.05552487       -0.00000001       -0.00000000        0.00000001
     4716.        0.05239045        0.01869242        0.05562523       -0.00000001       -0.00000000        0.00000001
     4717.        0.05246045        0.01879306        0.05572503       -0.00000001       -0.00000000        0.00000001
     4718.        0.05253088        0.01889412        0.05582545       -0.00000001       -0.00000000        0.00000001
     4719.        0.05260049        0.01899553        0.05592532       -0.00000001       -0.00000000        0.00000001
     4720.        0.05267051        0.01909732        0.05602580       -0.00000001       -0.00000000        0.00000001
     4721.        0.05273972        0.01919954        0.05612575       -0.00000001       -0.00000000        0.00000001
     4722.        0.05280893        0.01930210        0.05622592       -0.00000001       -0.00000000        0.00000001
     4723.        0.05287774        0.01940509        0.05632595       -0.00000001       -0.00000000        0.00000001
     4724.        0.05294613        0.01950842        0.05642581       -0.00000001       -0.00000000        0.00000001
     4725.        0.05301453        0.01961219        0.05652591       -0.00000001       -0.00000000        0.00000001
     4726.        0.05308252        0.01971634        0.05662586       -0.00000001       -0.00000000        0.00000001
     4727.        0.05315009        0.01982088        0.05672565       -0.00000001       -0.00000000        0.00000001
     4728.        0.05321767        0.01992582        0.05682568       -0.00000001       -0.00000000        0.00000001
     4729.        0.05328441        0.02003118        0.05692519       -0.00000001       -0.00000000        0.00000001
     4730.        0.05335116        0.02013690        0.05702491       -0.00000001       -0.00000000        0.00000001
     4731.        0.05341749        0.02024301        0.05712449       -0.00000001       -0.00000000        0.00000001
     4732.        0.05348340        0.02034951        0.05722391       -0.00000001       -0.00000000        0.00000001
     4733.        0.05354889        0.02045640        0.05732319       -0.00000001       -0.00000000        0.00000001
     4734.        0.05361395        0.02056369        0.05742231       -0.00000001       -0.00000000        0.00000001
     4735.        0.05367860        0.02067134        0.05752127       -0.00000001       -0.00000000        0.00000001
     4736.        0.05374282        0.02077933        0.05762006       -0.00000001       -0.00000000        0.00000001
     4737.        0.05380662        0.02088772        0.05771871       -0.00000001       -0.00000000        0.00000001
     4738.        0.05386999        0.02099647        0.05781719       -0.00000001       -0.00000000        0.00000001
     4739.        0.05393293        0.02110557        0.05791551       -0.00000001       -0.00000001        0.00000001
     4740.        0.05399544        0.02121499        0.05801365       -0.00000001       -0.00000001        0.00000001
     4741.        0.05405753        0.02132480        0.05811165       -0.00000001       -0.00000001        0.00000001
     4742.        0.05411918        0.02143489        0.05820945       -0.00000001       -0.00000001        0.00000001
     4743.        0.05417997        0.02154533        0.05830669       -0.00000001       -0.00000001        0.00000001
     4744.        0.05424075        0.02165609        0.05840416       -0.00000001       -0.00000001        0.00000001
     4745.        0.05430067        0.02176717        0.05850105       -0.00000001       -0.00000001        0.00000001
     4746.        0.05436016        0.02187852        0.05859775       -0.00000001       -0.00000001        0.00000001
     4747.        0.05441920        0.02199018        0.05869427       -0.00000001       -0.00000001        0.00000001
     4748.        0.05447738        0.02210208        0.05879020       -0.00000001       -0.00000001        0.00000001
     4749.        0.05453554        0.02221430        0.05888633       -0.00000001       -0.00000001        0.00000001
