     4151.        0.00000000        0.00000000        0.00000000       -0.00000000        0.00000000        0.00000000
     4152.        0.00000000        0.00000000        0.00000000       -0.00000000        0.00000000        0.00000000
     4153.        0.00000000        0.00000000        0.00000000       -0.00000000        0.00000000        0.00000000
     4154.        0.00000000       -0.00000000        0.00000000       -0.00000000        0.00000000        0.00000000
     4155.        0.00000000       -0.00000000        0.00000000       -0.00000000        0.00000000        0.00000000
     4156.        0.00000000       -0.00000000        0.00000000       -0.00000000        0.00000000        0.00000000
     4157.        0.00000000       -0.00000000        0.00000000       -0.00000000        0.00000000        0.00000000
     4158.        0.00000001       -0.00000000        0.00000001       -0.00000000        0.00000000        0.00000000
     4159.        0.00000002       -0.00000000        0.00000002       -0.00000000        0.00000000        0.00000000
     4160.        0.00000004       -0.00000000        0.00000004       -0.00000000        0.00000000        0.00000000
     4161.        0.00000007       -0.00000000        0.00000007       -0.00000000        0.00000000        0.00000000
     4162.        0.00000011       -0.00000000        0.00000011       -0.00000000        0.00000000        0.00000000
     4163.        0.00000018       -0.00000000        0.00000018       -0.00000000        0.00000000        0.00000000
     4164.        0.00000027       -0.00000000        0.00000027       -0.00000000        0.00000000        0.00000000
     4165.        0.00000040       -0.00000000        0.00000040       -0.00000000        0.00000000        0.00000000
     4166.        0.00000056       -0.00000000        0.00000056       -0.00000000        0.00000000        0.00000000
     4167.        0.00000077       -0.00000000        0.00000077       -0.00000000        0.00000000        0.00000000
     4168.        0.00000102       -0.00000000        0.00000102       -0.00000000        0.00000000        0.00000000
     4169.        0.00000134       -0.00000000        0.00000134       -0.00000000        0.00000000        0.00000000
     4170.        0.00000172       -0.00000000        0.00000172       -0.00000000        0.00000000        0.00000000
     4171.        0.00000217       -0.00000000        0.00000217       -0.00000000        0.00000000        0.00000000
     4172.        0.00000270       -0.00000000        0.00000270       -0.00000000        0.00000000        0.00000000
     4173.        0.00000332       -0.00000000        0.00000332       -0.00000000        0.00000000        0.00000000
     4174.        0.00000404       -0.00000000        0.00000404       -0.00000000        0.00000000        0.00000000
     4175.        0.00000485       -0.00000000        0.00000485       -0.00000000        0.00000000        0.00000000
     4176.        0.00000578       -0.00000000        0.00000578       -0.00000000        0.00000000        0.00000000
     4177.        0.00000682       -0.00000000        0.00000682       -0.00000000        0.00000000        0.00000000
     4178.        0.00000798       -0.00000000        0.00000798       -0.00000000        0.00000000        0.00000000
     4179.        0.00000928       -0.00000000        0.00000928       -0.00000000        0.00000000        0.00000000
     4180.        0.00001072       -0.00000000        0.00001072       -0.00000000        0.00000000        0.00000000
     4181.        0.00001230       -0.00000000        0.00001230       -0.00000000        0.00000000        0.00000000
     4182.        0.00001404       -0.00000000        0.00001404       -0.00000000        0.00000000        0.00000000
     4183.        0.00001593       -0.00000000        0.00001593       -0.00000000        0.00000000        0.00000000
     4184.        0.00001799       -0.00000000        0.00001799       -0.00000000        0.00000000        0.00000000
     4185.        0.00002023       -0.00000000        0.00002023       -0.00000000        0.00000000        0.00000000
     4186.        0.00002264       -0.00000000        0.00002264       -0.00000000        0.00000000        0.00000000
     4187.        0.00002524       -0.00000000        0.00002524       -0.00000000        0.00000000        0.00000000
     4188.        0.00002803       -0.00000000        0.00002803       -0.00000000        0.00000000        0.00000000
     4189.        0.00003102       -0.00000000        0.00003102       -0.00000000        0.00000000        0.00000000
     4190.        0.00003421       -0.00000000        0.00003421       -0.00000000        0.00000000        0.00000000
     4191.        0.00003760       -0.00000000        0.00003760       -0.00000000        0.00000000        0.00000000
     4192.        0.00004121       -0.00000000        0.00004121       -0.00000000        0.00000000        0.00000000
     4193.        0.00004504       -0.00000000        0.00004504       -0.00000000        0.00000000        0.00000000
     4194.        0.00004909       -0.00000000        0.00004909       -0.00000000        0.00000000        0.00000000
     4195.        0.00005336       -0.00000000        0.00005336       -0.00000000        0.00000000        0.00000000
     4196.        0.00005787       -0.00000000        0.00005787       -0.00000000        0.00000000        0.00000000
     4197.        0.00006261       -0.00000000        0.00006261       -0.00000000        0.00000000        0.00000000
     4198.        0.00006760       -0.00000000        0.00006760       -0.00000000        0.00000000        0.00000000
     4199.        0.00007282        0.00000000        0.00007282       -0.00000000       -0.00000000        0.00000000
     4200.        0.00007829        0.00000000        0.00007829       -0.00000000       -0.00000000        0.00000000
     4201.        0.00008401        0.00000000        0.00008401       -0.00000000       -0.00000000        0.00000000
     4202.        0.00008998        0.00000000        0.00008998       -0.00000000       -0.00000000        0.00000000
     4203.        0.00009621        0.00000000        0.00009621       -0.00000000       -0.00000000        0.00000000
     4204.        0.00010270        0.00000000        0.00010270       -0.00000000       -0.00000000        0.00000000
     4205.        0.00010945        0.00000000        0.00010945       -0.00000000       -0.00000000        0.00000000
     4206.        0.00011646        0.00000000        0.00011646       -0.00000000       -0.00000000        0.00000000
     4207.        0.00012373        0.00000000        0.00012373       -0.00000000       -0.00000000        0.00000000
     4208.        0.00013128        0.00000001        0.00013128       -0.00000000       -0.00000000        0.00000000
     4209.        0.00013909        0.00000001        0.00013909       -0.00000000       -0.00000000        0.00000000
     4210.        0.00014718        0.00000001        0.00014718       -0.00000000       -0.00000000        0.00000000
     4211.        0.00015553        0.00000001        0.00015553       -0.00000000       -0.00000000        0.00000000
     4212.        0.00016417        0.00000001        0.00016417       -0.00000000       -0.00000000        0.00000000
     4213.        0.00017307        0.00000001        0.00017307       -0.00000000       -0.00000000        0.00000000
     4214.        0.00018226        0.00000001        0.00018226       -0.00000000       -0.00000000        0.00000000
     4215.        0.00019172        0.00000002        0.00019172       -0.00000000       -0.00000000        0.00000000
     4216.        0.00020146        0.00000002        0.00020146       -0.00000000       -0.00000000        0.00000000
     4217.        0.00021148        0.00000002        0.00021148       -0.00000000       -0.00000000        0.00000000
     4218.        0.00022177        0.00000002        0.00022177       -0.00000000       -0.00000000        0.00000000
     4219.        0.00023235        0.00000003        0.00023235       -0.00000000       -0.00000000        0.00000000
     4220.        0.00024321        0.00000003        0.00024321       -0.00000000       -0.00000000        0.00000000
     4221.        0.00025435        0.00000003        0.00025435       -0.00000000       -0.00000000        0.00000000
     4222.        0.00026577        0.00000004        0.00026577       -0.00000000       -0.00000000        0.00000000
     4223.        0.00027747        0.00000004        0.00027747       -0.00000000       -0.00000000        0.00000000
     4224.        0.00028946        0.00000005        0.00028946       -0.00000000       -0.00000000        0.00000000
     4225.        0.00030172        0.00000005        0.00030172       -0.00000000       -0.00000000        0.00000000
     4226.        0.00031427        0.00000006        0.00031427       -0.00000000       -0.00000000        0.00000000
     4227.        0.00032709        0.00000006        0.00032709       -0.00000000       -0.00000000        0.00000000
     4228.        0.00034020        0.00000007        0.00034020       -0.00000000       -0.00000000        0.00000000
     4229.        0.00035358        0.00000007        0.00035358       -0.00000000       -0.00000000        0.00000000
     4230.        0.00036724        0.00000008        0.00036724       -0.00000000       -0.00000000        0.00000000
     4231.        0.00038118        0.00000009        0.00038118       -0.00000000       -0.00000000        0.00000000
     4232.        0.00039540        0.00000009        0.00039540       -0.00000000       -0.00000000        0.00000000
     4233.        0.00040990        0.00000010        0.00040990       -0.00000000       -0.00000000        0.00000000
     4234.        0.00042467        0.00000011        0.00042467       -0.00000000       -0.00000000        0.00000000
     4235.        0.00043972        0.00000012        0.00043972       -0.00000000       -0.00000000        0.00000000
     4236.        0.00045504        0.00000013        0.00045504       -0.00000000       -0.00000000        0.00000000
     4237.        0.00047063        0.00000014        0.00047063       -0.00000000       -0.00000000        0.00000000
     4238.        0.00048650        0.00000015        0.00048650       -0.00000000       -0.00000000        0.00000000
     4239.        0.00050263        0.00000016        0.00050263       -0.00000000       -0.00000000        0.00000000
     4240.        0.00051904        0.00000017        0.00051904       -0.00000000       -0.00000000        0.00000000
     4241.        0.00053571        0.00000018        0.00053571       -0.00000000       -0.00000000        0.00000000
     4242.        0.00055266        0.00000019        0.00055266       -0.00000000       -0.00000000        0.00000000
     4243.        0.00056986        0.00000020        0.00056986       -0.00000000       -0.00000000        0.00000000
     4244.        0.00058734        0.00000022        0.00058734       -0.00000000       -0.00000000        0.00000000
     4245.        0.00060507        0.00000023        0.00060507       -0.00000000       -0.00000000        0.00000000
     4246.        0.00062307        0.00000025        0.00062307       -0.00000000       -0.00000000        0.00000000
     4247.        0.00064133        0.00000026        0.00064133       -0.00000000       -0.00000000        0.00000000
     4248.        0.00065984        0.00000028        0.00065984       -0.00000000       -0.00000000        0.00000000
     4249.        0.00067862        0.00000030        0.00067862       -0.00000000       -0.00000000        0.00000000
     4250.        0.00069764        0.00000032        0.00069764       -0.00000000       -0.00000000        0.00000000
     4251.        0.00071693        0.00000034        0.00071693       -0.00000000       -0.00000000        0.00000000
     4252.        0.00073646        0.00000036        0.00073646       -0.00000000       -0.00000000        0.00000000
     4253.        0.00075625        0.00000038        0.00075625       -0.00000000       -0.00000000        0.00000000
     4254.        0.00077629        0.00000040        0.00077629       -0.00000000       -0.00000000        0.00000000
     4255.        0.00079657        0.00000043        0.00079657       -0.00000000       -0.00000000        0.00000000
     4256.        0.00081711        0.00000045        0.00081711       -0.00000000       -0.00000000        0.00000000
     4257.        0.00083788        0.00000048        0.00083788       -0.00000000       -0.00000000        0.00000000
     4258.        0.00085890        0.00000050        0.00085890       -0.00000000       -0.00000000        0.00000000
     4259.        0.00088016        0.00000053        0.00088016       -0.00000000       -0.00000000        0.00000000
     4260.        0.00090166        0.00000056        0.00090166       -0.00000000       -0.00000000        0.00000000
     4261.        0.00092339        0.00000059        0.00092339       -0.00000000       -0.00000000        0.00000000
     4262.        0.00094537        0.00000061        0.00094537       -0.00000000       -0.00000000        0.00000000
     4263.        0.00096757        0.00000065        0.00096757       -0.00000000       -0.00000000        0.00000000
     4264.        0.00099001        0.00000068        0.00099001       -0.00000000       -0.00000000        0.00000000
     4265.        0.00101269        0.00000071        0.00101269       -0.00000000       -0.00000000        0.00000000
     4266.        0.00103559        0.00000074        0.00103559       -0.00000000       -0.00000000        0.00000000
     4267.        0.00105871        0.00000078        0.00105872       -0.00000000       -0.00000000        0.00000000
     4268.        0.00108207        0.00000081        0.00108207       -0.00000000       -0.00000000        0.00000000
     4269.        0.00110565        0.00000085        0.00110565       -0.00000000       -0.00000000        0.00000000
     4270.        0.00112945        0.00000089        0.00112945       -0.00000000       -0.00000000        0.00000000
     4271.        0.00115347        0.00000092        0.00115347       -0.00000000       -0.00000000        0.00000000
     4272.        0.00117772        0.00000096        0.00117772       -0.00000000       -0.00000000        0.00000000
     4273.        0.00120218        0.00000100        0.00120218       -0.00000000       -0.00000000        0.00000000
     4274.        0.00122685        0.00000104        0.00122685       -0.00000000       -0.00000000        0.00000000
     4275.        0.00125175        0.00000109        0.00125175       -0.00000000       -0.00000000        0.00000000
     4276.        0.00127685        0.00000113        0.00127685       -0.00000000       -0.00000000        0.00000000
     4277.        0.00130217        0.00000117        0.00130217       -0.00000000       -0.00000000        0.00000000
     4278.        0.00132769        0.00000122        0.00132769       -0.00000000       -0.00000000        0.00000000
     4279.        0.00135342        0.00000127        0.00135342       -0.00000000       -0.00000000        0.00000000
     4280.        0.00137936        0.00000131        0.00137936       -0.00000000       -0.00000000        0.00000000
     4281.        0.00140551        0.00000136        0.00140551       -0.00000000       -0.00000000        0.00000000
     4282.        0.00143186        0.00000141        0.00143186       -0.00000000       -0.00000000        0.00000000
     4283.        0.00145840        0.00000146        0.00145841       -0.00000000       -0.00000000        0.00000000
     4284.        0.00148515        0.00000152        0.00148515       -0.00000000       -0.00000000        0.00000000
     4285.        0.00151210        0.00000157        0.00151210       -0.00000000       -0.00000000        0.00000000
     4286.        0.00153925        0.00000163        0.00153925       -0.00000000       -0.00000000        0.00000000
     4287.        0.00156659        0.00000169        0.00156659       -0.00000000       -0.00000000        0.00000000
     4288.        0.00159412        0.00000175        0.00159412       -0.00000000       -0.00000000        0.00000000
     4289.        0.00162185        0.00000181        0.00162185       -0.00000000       -0.00000000        0.00000000
     4290.        0.00164977        0.00000187        0.00164977       -0.00000000       -0.00000000        0.00000000
     4291.        0.00167788        0.00000193        0.00167788       -0.00000000       -0.00000000        0.00000000
     4292.        0.00170617        0.00000200        0.00170617       -0.00000000       -0.00000000        0.00000000
     4293.        0.00173465        0.00000207        0.00173465       -0.00000000       -0.00000000        0.00000000
     4294.        0.00176332        0.00000214        0.00176332       -0.00000000       -0.00000000        0.00000000
     4295.        0.00179217        0.00000221        0.00179217       -0.00000000       -0.00000000        0.00000000
     4296.        0.00182120        0.00000228        0.00182121       -0.00000000       -0.00000000        0.00000000
     4297.        0.00185041        0.00000235        0.00185042       -0.00000000       -0.00000000        0.00000000
     4298.        0.00187982        0.00000243        0.00187982       -0.00000000       -0.00000000        0.00000000
     4299.        0.00190938        0.00000251        0.00190938       -0.00000000       -0.00000000        0.00000000
     4300.        0.00193914        0.00000259        0.00193914       -0.00000000       -0.00000000        0.00000000
     4301.        0.00196905        0.00000267        0.00196905       -0.00000000       -0.00000000        0.00000000
     4302.        0.00199915        0.00000275        0.00199915       -0.00000000       -0.00000000        0.00000000
     4303.        0.00202943        0.00000284        0.00202944       -0.00000000       -0.00000000        0.00000000
     4304.        0.00205987        0.00000293        0.00205987       -0.00000000       -0.00000000        0.00000000
     4305.        0.00209049        0.00000301        0.00209049       -0.00000000       -0.00000000        0.00000000
     4306.        0.00212127        0.00000310        0.00212128       -0.00000000       -0.00000000        0.00000000
     4307.        0.00215221        0.00000319        0.00215221       -0.00000000       -0.00000000        0.00000000
     4308.        0.00218333        0.00000329        0.00218333       -0.00000000       -0.00000000        0.00000000
     4309.        0.00221462        0.00000338        0.00221462       -0.00000000       -0.00000000        0.00000000
     4310.        0.00224607        0.00000348        0.00224607       -0.00000000       -0.00000000        0.00000000
     4311.        0.00227767        0.00000358        0.00227767       -0.00000000       -0.00000000        0.00000000
     4312.        0.00230946        0.00000368        0.00230946       -0.00000000       -0.00000000        0.00000000
     4313.        0.00234139        0.00000378        0.00234139       -0.00000000       -0.00000000        0.00000000
     4314.        0.00237349        0.00000388        0.00237349       -0.00000000       -0.00000000        0.00000000
     4315.        0.00240573        0.00000398        0.00240574       -0.00000000       -0.00000000        0.00000000
     4316.        0.00243816        0.00000409        0.00243816       -0.00000000       -0.00000000        0.00000000
     4317.        0.00247074        0.00000419        0.00247074       -0.00000000       -0.00000000        0.00000000
     4318.        0.00250346        0.00000430        0.00250346       -0.00000000       -0.00000000        0.00000000
     4319.        0.00253634        0.00000441        0.00253634       -0.00000000       -0.00000000        0.00000000
     4320.        0.00256939        0.00000451        0.00256939       -0.00000000       -0.00000000        0.00000000
     4321.        0.00260258        0.00000462        0.00260258       -0.00000000       -0.00000000        0.00000000
     4322.        0.00263594        0.00000474        0.00263594       -0.00000000       -0.00000000        0.00000000
     4323.        0.00266944        0.00000485        0.00266944       -0.00000000       -0.00000000        0.00000000
     4324.        0.00270310        0.00000496        0.00270311       -0.00000000       -0.00000000        0.00000000
     4325.        0.00273691        0.00000508        0.00273691       -0.00000000       -0.00000000        0.00000000
     4326.        0.00277086        0.00000519        0.00277086       -0.00000000       -0.00000000        0.00000000
     4327.        0.00280497        0.00000531        0.00280498       -0.00000000       -0.00000000        0.00000000
     4328.        0.00283925        0.00000543        0.00283925       -0.00000000       -0.00000000        0.00000000
     4329.        0.00287364        0.00000555        0.00287365       -0.00000000       -0.00000000        0.00000000
     4330.        0.00290820        0.00000567        0.00290821       -0.00000000       -0.00000000        0.00000000
     4331.        0.00294290        0.00000579        0.00294291       -0.00000000       -0.00000000        0.00000000
     4332.        0.00297777        0.00000591        0.00297777       -0.00000000       -0.00000000        0.00000000
     4333.        0.00301277        0.00000604        0.00301278       -0.00000000       -0.00000000        0.00000000
     4334.        0.00304792        0.00000617        0.00304792       -0.00000000       -0.00000000        0.00000000
     4335.        0.00308322        0.00000629        0.00308323       -0.00000000       -0.00000000        0.00000000
     4336.        0.00311867        0.00000643        0.00311868       -0.00000000       -0.00000000        0.00000000
     4337.        0.00315426        0.00000656        0.00315426       -0.00000000       -0.00000000        0.00000000
     4338.        0.00318998        0.00000670        0.00318999       -0.00000000       -0.00000000        0.00000000
     4339.        0.00322587        0.00000683        0.00322588       -0.00000000       -0.00000000        0.00000000
     4340.        0.00326189        0.00000698        0.00326190       -0.00000000       -0.00000000        0.00000000
     4341.        0.00329806        0.00000712        0.00329807       -0.00000000       -0.00000000        0.00000000
     4342.        0.00333439        0.00000727        0.00333439       -0.00000000       -0.00000000        0.00000000
     4343.        0.00337085        0.00000742        0.00337086       -0.00000000       -0.00000000        0.00000000
     4344.        0.00340745        0.00000757        0.00340746       -0.00000000       -0.00000000        0.00000000
     4345.        0.00344419        0.00000773        0.00344420       -0.00000000       -0.00000000        0.00000000
     4346.        0.00348109        0.00000790        0.00348110       -0.00000000       -0.00000000        0.00000000
     4347.        0.00351813        0.00000806        0.00351814       -0.00000000       -0.00000000        0.00000000
     4348.        0.00355531        0.00000824        0.00355532       -0.00000000       -0.00000000        0.00000000
     4349.        0.00359262        0.00000842        0.00359263       -0.00000000       -0.00000000        0.00000000
     4350.        0.00363009        0.00000860        0.00363010       -0.00000000       -0.00000000        0.00000000
     4351.        0.00366770        0.00000878        0.00366771       -0.00000000       -0.00000000        0.00000000
     4352.        0.00370544        0.00000898        0.00370545       -0.00000000       -0.00000000        0.00000000
     4353.        0.00374335        0.00000918        0.00374336       -0.00000000       -0.00000000        0.00000000
     4354.        0.00378139        0.00000938        0.00378140       -0.00000000       -0.00000000        0.00000000
     4355.        0.00381956        0.00000959        0.00381957       -0.00000000       -0.00000000        0.00000000
     4356.        0.00385789        0.00000981        0.00385791       -0.00000000       -0.00000000        0.00000000
     4357.        0.00389636        0.00001004        0.00389638       -0.00000000       -0.00000000        0.00000000
     4358.        0.00393497        0.00001028        0.00393498       -0.00000000       -0.00000000        0.00000000
     4359.        0.00397373        0.00001053        0.00397374       -0.00000000       -0.00000000        0.00000000
     4360.        0.00401263        0.00001079        0.00401264       -0.00000000       -0.00000000        0.00000000
     4361.        0.00405166        0.00001106        0.00405167       -0.00000000       -0.00000000        0.00000000
     4362.        0.00409083        0.00001134        0.00409084       -0.00000000       -0.00000000        0.00000000
     4363.        0.00413015        0.00001163        0.00413017       -0.00000000       -0.00000000        0.00000000
     4364.        0.00416961        0.00001194        0.00416962       -0.00000000       -0.00000000        0.00000000
     4365.        0.00420922        0.00001225        0.00420924       -0.00000000       -0.00000000        0.00000000
     4366.        0.00424897        0.00001257        0.00424899       -0.00000000       -0.00000000        0.00000000
     4367.        0.00428886        0.00001290        0.00428887       -0.00000000       -0.00000000        0.00000000
     4368.        0.00432887        0.00001325        0.00432889       -0.00000000       -0.00000000        0.00000000
     4369.        0.00436905        0.00001360        0.00436907       -0.00000000       -0.00000000        0.00000000
     4370.        0.00440937        0.00001397        0.00440940       -0.00000000       -0.00000000        0.00000000
     4371.        0.00444984        0.00001434        0.00444986       -0.00000000       -0.00000000        0.00000000
     4372.        0.00449043        0.00001473        0.00449046       -0.00000000       -0.00000000        0.00000000
     4373.        0.00453119        0.00001513        0.00453121       -0.00000000       -0.00000000        0.00000000
     4374.        0.00457209        0.00001555        0.00457212       -0.00000000       -0.00000000        0.00000000
     4375.        0.00461316        0.00001599        0.00461319       -0.00000000       -0.00000000        0.00000000
     4376.        0.00465436        0.00001644        0.00465438       -0.00000000       -0.00000000        0.00000000
     4377.        0.00469571        0.00001691        0.00469574       -0.00000000       -0.00000000        0.00000000
     4378.        0.00473719        0.00001740        0.00473723       -0.00000000       -0.00000000        0.00000000
     4379.        0.00477883        0.00001791        0.00477887       -0.00000000       -0.00000000        0.00000000
     4380.        0.00482063        0.00001845        0.00482067       -0.00000000       -0.00000000        0.00000000
     4381.        0.00486256        0.00001901        0.00486260       -0.00000000       -0.00000000        0.00000000
     4382.        0.00490464        0.00001959        0.00490468       -0.00000000       -0.00000000        0.00000000
     4383.        0.00494689        0.00002019        0.00494693       -0.00000000       -0.00000000        0.00000000
     4384.        0.00498926        0.00002082        0.00498930       -0.00000000       -0.00000000        0.00000000
     4385.        0.00503176        0.00002148        0.00503181       -0.00000000       -0.00000000        0.00000000
     4386.        0.00507442        0.00002215        0.00507447       -0.00000000       -0.00000000        0.00000000
     4387.        0.00511723        0.00002285        0.00511729       -0.00000000       -0.00000000        0.00000000
     4388.        0.00516020        0.00002357        0.00516026       -0.00000000       -0.00000000        0.00000000
     4389.        0.00520328        0.00002432        0.00520334       -0.00000000       -0.00000000        0.00000000
     4390.        0.00524654        0.00002509        0.00524660       -0.00000000       -0.00000000        0.00000000
     4391.        0.00528993        0.00002588        0.00528999       -0.00000000       -0.00000000        0.00000000
     4392.        0.00533347        0.00002669        0.00533354       -0.00000000       -0.00000000        0.00000000
     4393.        0.00537717        0.00002753        0.00537724       -0.00000000       -0.00000000        0.00000000
     4394.        0.00542102        0.00002838        0.00542110       -0.00000000       -0.00000000        0.00000000
     4395.        0.00546503        0.00002927        0.00546511       -0.00000000       -0.00000000        0.00000000
     4396.        0.00550917        0.00003017        0.00550925       -0.00000000       -0.00000000        0.00000000
     4397.        0.00555349        0.00003110        0.00555358       -0.00000000       -0.00000000        0.00000000
     4398.        0.00559796        0.00003206        0.00559805       -0.00000000       -0.00000000        0.00000000
     4399.        0.00564259        0.00003304        0.00564269       -0.00000000       -0.00000000        0.00000000
     4400.        0.00568738        0.00003406        0.00568748       -0.00000000       -0.00000000        0.00000000
     4401.        0.00573234        0.00003511        0.00573245       -0.00000000       -0.00000000        0.00000000
     4402.        0.00577746        0.00003619        0.00577758       -0.00000000       -0.00000000        0.00000000
     4403.        0.00582274        0.00003730        0.00582286       -0.00000000       -0.00000000        0.00000000
     4404.        0.00586820        0.00003845        0.00586832       -0.00000000       -0.00000000        0.00000000
     4405.        0.00591381        0.00003964        0.00591394       -0.00000000       -0.00000000        0.00000000
     4406.        0.00595958        0.00004088        0.00595972       -0.00000000       -0.00000000        0.00000000
     4407.        0.00600553        0.00004215        0.00600568       -0.00000000       -0.00000000        0.00000000
     4408.        0.00605163        0.00004347        0.00605179       -0.00000000       -0.00000000        0.00000000
     4409.        0.00609792        0.00004484        0.00609808       -0.00000000       -0.00000000        0.00000000
     4410.        0.00614436        0.00004626        0.00614454       -0.00000000       -0.00000000        0.00000000
     4411.        0.00619096        0.00004772        0.00619114       -0.00000000       -0.00000000        0.00000000
     4412.        0.00623774        0.00004924        0.00623793       -0.00000000       -0.00000000        0.00000000
     4413.        0.00628468        0.00005080        0.00628488       -0.00000000       -0.00000000        0.00000000
     4414.        0.00633177        0.00005242        0.00633198       -0.00000000       -0.00000000        0.00000000
     4415.        0.00637902        0.00005409        0.00637925       -0.00000000       -0.00000000        0.00000000
     4416.        0.00642645        0.00005582        0.00642669       -0.00000000       -0.00000000        0.00000000
     4417.        0.00647403        0.00005759        0.00647429       -0.00000000       -0.00000000        0.00000000
     4418.        0.00652178        0.00005942        0.00652205       -0.00000000       -0.00000000        0.00000000
     4419.        0.00656968        0.00006130        0.00656996       -0.00000000       -0.00000000        0.00000000
     4420.        0.00661776        0.00006324        0.00661806       -0.00000000       -0.00000000        0.00000000
     4421.        0.00666600        0.00006522        0.00666632       -0.00000000       -0.00000000        0.00000000
     4422.        0.00671440        0.00006726        0.00671473       -0.00000000       -0.00000000        0.00000000
     4423.        0.00676295        0.00006935        0.00676331       -0.00000000       -0.00000000        0.00000000
     4424.        0.00681169        0.00007149        0.00681206       -0.00000000       -0.00000000        0.00000000
     4425.        0.00686058        0.00007367        0.00686098       -0.00000000       -0.00000000        0.00000000
     4426.        0.00690966        0.00007591        0.00691007       -0.00000000       -0.00000000        0.00000000
     4427.        0.00695889        0.00007820        0.00695933       -0.00000000       -0.00000000        0.00000000
     4428.        0.00700828        0.00008053        0.00700874       -0.00000000       -0.00000000        0.00000000
     4429.        0.00705788        0.00008292        0.00705837       -0.00000000       -0.00000000        0.00000000
     4430.        0.00710764        0.00008536        0.00710815       -0.00000000       -0.00000000        0.00000000
     4431.        0.00715758        0.00008784        0.00715812       -0.00000000       -0.00000000        0.00000000
     4432.        0.00720774        0.00009038        0.00720830       -0.00000000       -0.00000000        0.00000000
     4433.        0.00725805        0.00009297        0.00725864       -0.00000000       -0.00000000        0.00000000
     4434.        0.00730854        0.00009562        0.00730917       -0.00000000       -0.00000000        0.00000000
     4435.        0.00735925        0.00009832        0.00735991       -0.00000000       -0.00000000        0.00000000
     4436.        0.00741015        0.00010107        0.00741083       -0.00000000       -0.00000000        0.00000000
     4437.        0.00746125        0.00010389        0.00746197       -0.00000000       -0.00000000        0.00000000
     4438.        0.00751254        0.00010676        0.00751330       -0.00000000       -0.00000000        0.00000000
     4439.        0.00756402        0.00010970        0.00756481       -0.00000000       -0.00000000        0.00000000
     4440.        0.00761574        0.00011271        0.00761657       -0.00000000       -0.00000000        0.00000000
     4441.        0.00766764        0.00011578        0.00766852       -0.00000000       -0.00000000        0.00000000
     4442.        0.00771976        0.00011892        0.00772068       -0.00000000       -0.00000000        0.00000000
     4443.        0.00777209        0.00012214        0.00777305       -0.00000000       -0.00000000        0.00000000
     4444.        0.00782464        0.00012543        0.00782565       -0.00000000       -0.00000000        0.00000000
     4445.        0.00787740        0.00012879        0.00787846       -0.00000000       -0.00000000        0.00000000
     4446.        0.00793035        0.00013224        0.00793146       -0.00000000       -0.00000000        0.00000000
     4447.        0.00798355        0.00013577        0.00798470       -0.00000000       -0.00000000        0.00000000
     4448.        0.00803696        0.00013938        0.00803817       -0.00000000       -0.00000000        0.00000000
     4449.        0.00809061        0.00014308        0.00809188       -0.00000000       -0.00000000        0.00000000
     4450.        0.00814446        0.00014687        0.00814578       -0.00000000       -0.00000000        0.00000000
     4451.        0.00819855        0.00015074        0.00819993       -0.00000000       -0.00000000        0.00000000
     4452.        0.00825285        0.00015471        0.00825430       -0.00000000       -0.00000000        0.00000000
     4453.        0.00830738        0.00015877        0.00830890       -0.00000000       -0.00000000        0.00000000
     4454.        0.00836215        0.00016293        0.00836374       -0.00000000       -0.00000000        0.00000000
     4455.        0.00841714        0.00016718        0.00841880       -0.00000000       -0.00000000        0.00000000
     4456.        0.00847238        0.00017152        0.00847412       -0.00000000       -0.00000000        0.00000000
     4457.        0.00852784        0.00017596        0.00852966       -0.00000000       -0.00000000        0.00000000
     4458.        0.00858358        0.00018049        0.00858547       -0.00000000       -0.00000000        0.00000000
     4459.        0.00863953        0.00018511        0.00864151       -0.00000000       -0.00000000        0.00000000
     4460.        0.00869577        0.00018983        0.00869784       -0.00000000       -0.00000000        0.00000000
     4461.        0.00875225        0.00019464        0.00875441       -0.00000000       -0.00000000        0.00000000
     4462.        0.00880901        0.00019953        0.00881127       -0.00000000       -0.00000000        0.00000000
     4463.        0.00886611        0.00020453        0.00886847       -0.00000000       -0.00000000        0.00000000
     4464.        0.00892352        0.00020966        0.00892598       -0.00000000       -0.00000000        0.00000000
     4465.        0.00898129        0.00021493        0.00898386       -0.00000000       -0.00000000        0.00000000
     4466.        0.00903932        0.00022047        0.00904201       -0.00000000       -0.00000000        0.00000000
     4467.        0.00909760        0.00022606        0.00910041       -0.00000000       -0.00000000        0.00000000
     4468.        0.00915634        0.00023180        0.00915928       -0.00000000       -0.00000000        0.00000000
     4469.        0.00921542        0.00023792        0.00921849       -0.00000000       -0.00000000        0.00000000
     4470.        0.00927467        0.00024438        0.00927789       -0.00000000       -0.00000000        0.00000000
     4471.        0.00933398        0.00025095        0.00933735       -0.00000000       -0.00000000        0.00000000
     4472.        0.00939360        0.00025749        0.00939713       -0.00000000       -0.00000000        0.00000000
     4473.        0.00945374        0.00026417        0.00945743       -0.00000000       -0.00000000        0.00000000
     4474.        0.00951434        0.00027120        0.00951821       -0.00000000       -0.00000000        0.00000000
     4475.        0.00957526        0.00027870        0.00957932       -0.00000000       -0.00000000        0.00000000
     4476.        0.00963633        0.00028666        0.00964059       -0.00000000       -0.00000000        0.00000000
     4477.        0.00969739        0.00029493        0.00970188       -0.00000000       -0.00000000        0.00000000
     4478.        0.00975846        0.00030333        0.00976317       -0.00000000       -0.00000000        0.00000000
     4479.        0.00981972        0.00031171        0.00982467       -0.00000000       -0.00000000        0.00000000
     4480.        0.00988131        0.00032010        0.00988649       -0.00000000       -0.00000000        0.00000000
     4481.        0.00994336        0.00032862        0.00994879       -0.00000000       -0.00000000        0.00000000
     4482.        0.01000594        0.00033742        0.01001163       -0.00000000       -0.00000000        0.00000000
     4483.        0.01006896        0.00034662        0.01007493       -0.00000000       -0.00000000        0.00000000
     4484.        0.01013231        0.00035632        0.01013857       -0.00000000       -0.00000000        0.00000000
     4485.        0.01019589        0.00036655        0.01020248       -0.00000000       -0.00000000        0.00000000
     4486.        0.01025956        0.00037726        0.01026649       -0.00000000       -0.00000000        0.00000000
     4487.        0.01032326        0.00038838        0.01033057       -0.00000000       -0.00000000        0.00000000
     4488.        0.01038691        0.00039979        0.01039460       -0.00000000       -0.00000000        0.00000000
     4489.        0.01045055        0.00041136        0.01045864       -0.00000000       -0.00000000        0.00000000
     4490.        0.01051428        0.00042300        0.01052278       -0.00000000       -0.00000000        0.00000000
     4491.        0.01057821        0.00043468        0.01058714       -0.00000000       -0.00000000        0.00000000
     4492.        0.01064247        0.00044641        0.01065183       -0.00000000       -0.00000000        0.00000000
     4493.        0.01070712        0.00045828        0.01071692       -0.00000000       -0.00000000        0.00000000
     4494.        0.01077224        0.00047037        0.01078250       -0.00000000       -0.00000000        0.00000000
     4495.        0.01083781        0.00048278        0.01084856       -0.00000000       -0.00000000        0.00000000
     4496.        0.01090380        0.00049560        0.01091506       -0.00000000       -0.00000000        0.00000000
     4497.        0.01097021        0.00050892        0.01098201       -0.00000000       -0.00000000        0.00000000
     4498.        0.01103690        0.00052280        0.01104927       -0.00000000       -0.00000000        0.00000000
     4499.        0.01110382        0.00053725        0.01111681       -0.00000000       -0.00000000        0.00000000
     4500.        0.01117090        0.00055227        0.01118455       -0.00000000       -0.00000000        0.00000000
     4501.        0.01123804        0.00056784        0.01125238       -0.00000000       -0.00000000        0.00000000
     4502.        0.01130518        0.00058390        0.01132025       -0.00000000       -0.00000000        0.00000000
     4503.        0.01137229        0.00060039        0.01138813       -0.00000000       -0.00000000        0.00000000
     4504.        0.01143933        0.00061723        0.01145597       -0.00000000       -0.00000000        0.00000000
     4505.        0.01150631        0.00063434        0.01152379       -0.00000000       -0.00000000        0.00000000
     4506.        0.01157329        0.00065166        0.01159162       -0.00000000       -0.00000000        0.00000000
     4507.        0.01164032        0.00066915        0.01165954       -0.00000000       -0.00000000        0.00000000
     4508.        0.01170747        0.00068678        0.01172760       -0.00000000       -0.00000000        0.00000000
     4509.        0.01177480        0.00070455        0.01179586       -0.00000000       -0.00000000        0.00000000
     4510.        0.01184239        0.00072248        0.01186441       -0.00000000       -0.00000000        0.00000000
     4511.        0.01191026        0.00074062        0.01193327       -0.00000000       -0.00000000        0.00000000
     4512.        0.01197849        0.00075902        0.01200252       -0.00000000       -0.00000000        0.00000000
     4513.        0.01204706        0.00077774        0.01207214       -0.00000000       -0.00000000        0.00000000
     4514.        0.01211602        0.00079685        0.01214220       -0.00000000       -0.00000000        0.00000000
     4515.        0.01218529        0.00081642        0.01221261       -0.00000000       -0.00000000        0.00000000
     4516.        0.01225493        0.00083648        0.01228344       -0.00000000       -0.00000000        0.00000000
     4517.        0.01232481        0.00085711        0.01235457       -0.00000000       -0.00000000        0.00000000
     4518.        0.01239493        0.00087832        0.01242601       -0.00000000       -0.00000000        0.00000000
     4519.        0.01246524        0.00090016        0.01249770       -0.00000000       -0.00000000        0.00000000
     4520.        0.01253563        0.00092262        0.01256954       -0.00000000       -0.00000000        0.00000000
     4521.        0.01260612        0.00094571        0.01264154       -0.00000000       -0.00000000        0.00000000
     4522.        0.01267660        0.00096941        0.01271361       -0.00000000       -0.00000000        0.00000000
     4523.        0.01274701        0.00099370        0.01278568       -0.00000000       -0.00000000        0.00000000
     4524.        0.01281731        0.00101854        0.01285772       -0.00000000       -0.00000000        0.00000000
     4525.        0.01288751        0.00104388        0.01292972       -0.00000000       -0.00000000        0.00000000
     4526.        0.01295755        0.00106968        0.01300163       -0.00000000       -0.00000000        0.00000000
     4527.        0.01302741        0.00109588        0.01307342       -0.00000000       -0.00000000        0.00000000
     4528.        0.01309711        0.00112244        0.01314511       -0.00000000       -0.00000000        0.00000000
     4529.        0.01316666        0.00114929        0.01321672       -0.00000000       -0.00000000        0.00000000
     4530.        0.01323606        0.00117641        0.01328824       -0.00000000       -0.00000000        0.00000000
     4531.        0.01330539        0.00120375        0.01335973       -0.00000000       -0.00000000        0.00000000
     4532.        0.01337467        0.00123129        0.01343123       -0.00000000       -0.00000000        0.00000000
     4533.        0.01344390        0.00125901        0.01350272       -0.00000000       -0.00000000        0.00000000
     4534.        0.01351320        0.00128690        0.01357434       -0.00000000       -0.00000000        0.00000000
     4535.        0.01358255        0.00131498        0.01364605       -0.00000000       -0.00000000        0.00000000
     4536.        0.01365200        0.00134325        0.01371793       -0.00000000       -0.00000000        0.00000000
     4537.        0.01372163        0.00137174        0.01379002       -0.00000000       -0.00000000        0.00000000
     4538.        0.01379139        0.00140047        0.01386232       -0.00000000       -0.00000000        0.00000000
     4539.        0.01386140        0.00142949        0.01393491       -0.00000000       -0.00000000        0.00000000
     4540.        0.01393157        0.00145882        0.01400774       -0.00000000       -0.00000000        0.00000000
     4541.        0.01400198        0.00148852        0.01408088       -0.00000000       -0.00000000        0.00000000
     4542.        0.01407259        0.00151860        0.01415429       -0.00000000       -0.00000000        0.00000000
     4543.        0.01414341        0.00154912        0.01422800       -0.00000000       -0.00000000        0.00000000
     4544.        0.01421444        0.00158010        0.01430199       -0.00000000       -0.00000000        0.00000000
     4545.        0.01428561        0.00161158        0.01437622       -0.00000000       -0.00000000        0.00000000
     4546.        0.01435691        0.00164358        0.01445068       -0.00000000       -0.00000000        0.00000000
     4547.        0.01442836        0.00167613        0.01452539       -0.00000000       -0.00000000        0.00000000
     4548.        0.01449988        0.00170924        0.01460027       -0.00000000       -0.00000000        0.00000000
     4549.        0.01457141        0.00174293        0.01467527       -0.00000000       -0.00000000        0.00000000
     4550.        0.01464298        0.00177719        0.01475043       -0.00000000       -0.00000000        0.00000000
     4551.        0.01471449        0.00181202        0.01482564       -0.00000000       -0.00000000        0.00000000
     4552.        0.01478594        0.00184743        0.01490091       -0.00000000       -0.00000000        0.00000000
     4553.        0.01485730        0.00188338        0.01497620       -0.00000000       -0.00000000        0.00000000
     4554.        0.01492850        0.00191988        0.01505145       -0.00000000       -0.00000000        0.00000000
     4555.        0.01499957        0.00195688        0.01512668       -0.00000000       -0.00000000        0.00000000
     4556.        0.01507045        0.00199437        0.01520184       -0.00000000       -0.00000000        0.00000000
     4557.        0.01514113        0.00203233        0.01527691       -0.00000000       -0.00000000        0.00000000
     4558.        0.01521161        0.00207070        0.01535190       -0.00000000       -0.00000000        0.00000000
     4559.        0.01528185        0.00210947        0.01542676       -0.00000000       -0.00000000        0.00000000
     4560.        0.01535189        0.00214860        0.01550152       -0.00000000       -0.00000000        0.00000000
     4561.        0.01542170        0.00218805        0.01557614       -0.00000000       -0.00000000        0.00000000
     4562.        0.01549130        0.00222779        0.01565066       -0.00000000       -0.00000000        0.00000000
     4563.        0.01556072        0.00226780        0.01572511       -0.00000000       -0.00000000        0.00000000
     4564.        0.01562994        0.00230805        0.01579943       -0.00000000       -0.00000000        0.00000000
     4565.        0.01569901        0.00234851        0.01587370       -0.00000000       -0.00000000        0.00000000
     4566.        0.01576797        0.00238918        0.01594795       -0.00000000       -0.00000000        0.00000000
     4567.        0.01583682        0.00243002        0.01602217       -0.00000000       -0.00000000        0.00000000
     4568.        0.01590560        0.00247105        0.01609640       -0.00000000       -0.00000000        0.00000000
     4569.        0.01597436        0.00251224        0.01617070       -0.00000000       -0.00000000        0.00000000
     4570.        0.01604307        0.00255361        0.01624503       -0.00000000       -0.00000000        0.00000000
     4571.        0.01611183        0.00259517        0.01631950       -0.00000000       -0.00000000        0.00000000
     4572.        0.01618065        0.00263692        0.01639411       -0.00000000       -0.00000000        0.00000000
     4573.        0.01624956        0.00267888        0.01646890       -0.00000000       -0.00000000        0.00000000
     4574.        0.01631852        0.00272106        0.01654383       -0.00000000       -0.00000000        0.00000000
     4575.        0.01638764        0.00276350        0.01661901       -0.00000000       -0.00000000        0.00000000
     4576.        0.01645687        0.00280623        0.01669442       -0.00000000       -0.00000000        0.00000000
     4577.        0.01652626        0.00284925        0.01677008       -0.00000000       -0.00000000        0.00000000
     4578.        0.01659584        0.00289261        0.01684604       -0.00000000       -0.00000000        0.00000000
     4579.        0.01666554        0.00293633        0.01692224       -0.00000000       -0.00000000        0.00000000
     4580.        0.01673540        0.00298045        0.01699873       -0.00000000       -0.00000000        0.00000000
     4581.        0.01680544        0.00302500        0.01707553       -0.00000000       -0.00000000        0.00000000
     4582.        0.01687561        0.00307000        0.01715259       -0.00000000       -0.00000000        0.00000000
     4583.        0.01694593        0.00311549        0.01722994       -0.00000000       -0.00000000        0.00000000
     4584.        0.01701641        0.00316149        0.01730761       -0.00000000       -0.00000000        0.00000001
     4585.        0.01708694        0.00320802        0.01738548       -0.00000000       -0.00000000        0.00000001
     4586.        0.01715760        0.00325512        0.01746365       -0.00000000       -0.00000000        0.00000001
     4587.        0.01722830        0.00330280        0.01754203       -0.00000000       -0.00000000        0.00000001
     4588.        0.01729905        0.00335108        0.01762064       -0.00000000       -0.00000000        0.00000001
     4589.        0.01736979        0.00339996        0.01769942       -0.00000000       -0.00000000        0.00000001
     4590.        0.01744054        0.00344948        0.01777840       -0.00000001       -0.00000000        0.00000001
     4591.        0.01751124        0.00349962        0.01785752       -0.00000001       -0.00000000        0.00000001
     4592.        0.01758185        0.00355043        0.01793675       -0.00000001       -0.00000000        0.00000001
     4593.        0.01765237        0.00360186        0.01801609       -0.00000001       -0.00000000        0.00000001
     4594.        0.01772272        0.00365391        0.01809546       -0.00000001       -0.00000000        0.00000001
     4595.        0.01779291        0.00370661        0.01817489       -0.00000001       -0.00000000        0.00000001
     4596.        0.01786294        0.00375998        0.01825437       -0.00000001       -0.00000000        0.00000001
     4597.        0.01793269        0.00381393        0.01833378       -0.00000001       -0.00000000        0.00000001
     4598.        0.01800221        0.00386848        0.01841317       -0.00000001       -0.00000000        0.00000001
     4599.        0.01807145        0.00392362        0.01849249       -0.00000001       -0.00000000        0.00000001
     4600.        0.01814042        0.00397936        0.01857176       -0.00000001       -0.00000000        0.00000001
     4601.        0.01820904        0.00403563        0.01865088       -0.00000001       -0.00000000        0.00000001
     4602.        0.01827731        0.00409246        0.01872987       -0.00000001       -0.00000000        0.00000001
     4603.        0.01834522        0.00414978        0.01880872       -0.00000001       -0.00000000        0.00000001
     4604.        0.01841278        0.00420757        0.01888741       -0.00000001       -0.00000000        0.00000001
     4605.        0.01847995        0.00426582        0.01896591       -0.00000001       -0.00000000        0.00000001
     4606.        0.01854673        0.00432453        0.01904423       -0.00000001       -0.00000000        0.00000001
     4607.        0.01861310        0.00438360        0.01912233       -0.00000001       -0.00000000        0.00000001
     4608.        0.01867909        0.00444310        0.01920025       -0.00000001       -0.00000000        0.00000001
     4609.        0.01874467        0.00450293        0.01927794       -0.00000001       -0.00000000        0.00000001
     4610.        0.01880988        0.00456308        0.01935545       -0.00000001       -0.00000000        0.00000001
     4611.        0.01887469        0.00462356        0.01943273       -0.00000001       -0.00000000        0.00000001
     4612.        0.01893909        0.00468429        0.01950979       -0.00000001       -0.00000000        0.00000001
     4613.        0.01900316        0.00474531        0.01958668       -0.00000001       -0.00000000        0.00000001
     4614.        0.01906685        0.00480654        0.01966336       -0.00000001       -0.00000000        0.00000001
     4615.        0.01913024        0.00486804        0.01973990       -0.00000001       -0.00000000        0.00000001
     4616.        0.01919325        0.00492972        0.01981623       -0.00000001       -0.00000000        0.00000001
     4617.        0.01925599        0.00499161        0.01989244       -0.00000001       -0.00000000        0.00000001
     4618.        0.01931842        0.00505369        0.01996850       -0.00000001       -0.00000000        0.00000001
     4619.        0.01938057        0.00511592        0.02004443       -0.00000001       -0.00000000        0.00000001
     4620.        0.01944249        0.00517837        0.02012028       -0.00000001       -0.00000000        0.00000001
     4621.        0.01950412        0.00524097        0.02019600       -0.00000001       -0.00000000        0.00000001
     4622.        0.01956556        0.00530374        0.02027167       -0.00000001       -0.00000000        0.00000001
     4623.        0.01962682        0.00536667        0.02034731       -0.00000001       -0.00000000        0.00000001
     4624.        0.01968787        0.00542978        0.02042290       -0.00000001       -0.00000000        0.00000001
     4625.        0.01974875        0.00549308        0.02049846       -0.00000001       -0.00000000        0.00000001
     4626.        0.01980946        0.00555656        0.02057401       -0.00000001       -0.00000000        0.00000001
     4627.        0.01987002        0.00562022        0.02064957       -0.00000001       -0.00000000        0.00000001
     4628.        0.01993049        0.00568406        0.02072518       -0.00000001       -0.00000000        0.00000001
     4629.        0.01999081        0.00574817        0.02080082       -0.00000001       -0.00000000        0.00000001
     4630.        0.02005103        0.00581246        0.02087651       -0.00000001       -0.00000000        0.00000001
     4631.        0.02011115        0.00587701        0.02095227       -0.00000001       -0.00000000        0.00000001
     4632.        0.02017116        0.00594181        0.02102810       -0.00000001       -0.00000000        0.00000001
     4633.        0.02023106        0.00600688        0.02110399       -0.00000001       -0.00000000        0.00000001
     4634.        0.02029090        0.00607224        0.02118001       -0.00000001       -0.00000000        0.00000001
     4635.        0.02035063        0.00613786        0.02125609       -0.00000001       -0.00000000        0.00000001
     4636.        0.02041028        0.00620382        0.02133230       -0.00000001       -0.00000000        0.00000001
     4637.        0.02046983        0.00627007        0.02140859       -0.00000001       -0.00000000        0.00000001
     4638.        0.02052926        0.00633666        0.02148497       -0.00000001       -0.00000000        0.00000001
     4639.        0.02058859        0.00640362        0.02156146       -0.00000001       -0.00000000        0.00000001
     4640.        0.02064781        0.00647092        0.02163804       -0.00000001       -0.00000000        0.00000001
     4641.        0.02070691        0.00653860        0.02171473       -0.00000001       -0.00000000        0.00000001
     4642.        0.02076590        0.00660665        0.02179152       -0.00000001       -0.00000000        0.00000001
     4643.        0.02082470        0.00667511        0.02186836       -0.00000001       -0.00000000        0.00000001
     4644.        0.02088339        0.00674396        0.02194532       -0.00000001       -0.00000000        0.00000001
     4645.        0.02094189        0.00681318        0.02202231       -0.00000001       -0.00000000        0.00000001
     4646.        0.02100020        0.00688285        0.02209936       -0.00000001       -0.00000000        0.00000001
     4647.        0.02105835        0.00695295        0.02217651       -0.00000001       -0.00000000        0.00000001
     4648.        0.02111627        0.00702342        0.02225366       -0.00000001       -0.00000000        0.00000001
     4649.        0.02117396        0.00709435        0.02233084       -0.00000001       -0.00000000        0.00000001
     4650.        0.02123142        0.00716571        0.02240804       -0.00000001       -0.00000000        0.00000001
     4651.        0.02128860        0.00723744        0.02248522       -0.00000001       -0.00000000        0.00000001
     4652.        0.02134555        0.00730964        0.02256243       -0.00000001       -0.00000000        0.00000001
     4653.        0.02140219        0.00738222        0.02263959       -0.00000001       -0.00000000        0.00000001
     4654.        0.02145851        0.00745523        0.02271670       -0.00000001       -0.00000000        0.00000001
     4655.        0.02151456        0.00752866        0.02279379       -0.00000001       -0.00000000        0.00000001
     4656.        0.02157025        0.00760249        0.02287080       -0.00000001       -0.00000000        0.00000001
     4657.        0.02162562        0.00767670        0.02294775       -0.00000001       -0.00000000        0.00000001
     4658.        0.02168064        0.00775126        0.02302460       -0.00000001       -0.00000000        0.00000001
     4659.        0.02173526        0.00782621        0.02310132       -0.00000001       -0.00000000        0.00000001
     4660.        0.02178951        0.00790155        0.02317795       -0.00000001       -0.00000000        0.00000001
     4661.        0.02184341        0.00797721        0.02325447       -0.00000001       -0.00000000        0.00000001
     4662.        0.02189686        0.00805319        0.02333081       -0.00000001       -0.00000000        0.00000001
     4663.        0.02194991        0.00812948        0.02340699       -0.00000001       -0.00000000        0.00000001
     4664.        0.02200259        0.00820613        0.02348307       -0.00000001       -0.00000000        0.00000001
     4665.        0.02205483        0.00828302        0.02355894       -0.00000001       -0.00000000        0.00000001
     4666.        0.02210661        0.00836019        0.02363462       -0.00000001       -0.00000000        0.00000001
     4667.        0.02215799        0.00843764        0.02371013       -0.00000001       -0.00000000        0.00000001
     4668.        0.02220895        0.00851529        0.02378545       -0.00000001       -0.00000000        0.00000001
     4669.        0.02225946        0.00859318        0.02386056       -0.00000001       -0.00000000        0.00000001
     4670.        0.02230955        0.00867128        0.02393548       -0.00000001       -0.00000000        0.00000001
     4671.        0.02235919        0.00874958        0.02401017       -0.00000001       -0.00000000        0.00000001
     4672.        0.02240844        0.00882805        0.02408470       -0.00000001       -0.00000000        0.00000001
     4673.        0.02245724        0.00890664        0.02415897       -0.00000001       -0.00000000        0.00000001
     4674.        0.02250564        0.00898539        0.02423306       -0.00000001       -0.00000000        0.00000001
     4675.        0.02255363        0.00906431        0.02430695       -0.00000001       -0.00000000        0.00000001
     4676.        0.02260122        0.00914328        0.02438062       -0.00000001       -0.00000000        0.00000001
     4677.        0.02264839        0.00922241        0.02445409       -0.00000001       -0.00000000        0.00000001
     4678.        0.02269520        0.00930158        0.02452737       -0.00000001       -0.00000000        0.00000001
     4679.        0.02274163        0.00938085        0.02460044       -0.00000001       -0.00000000        0.00000001
     4680.        0.02278773        0.00946015        0.02467337       -0.00000001       -0.00000000        0.00000001
     4681.        0.02283344        0.00953955        0.02474609       -0.00000001       -0.00000000        0.00000001
     4682.        0.02287883        0.00961894        0.02481865       -0.00000001       -0.00000000        0.00000001
     4683.        0.02292395        0.00969839        0.02489108       -0.00000001       -0.00000000        0.00000001
     4684.        0.02296870        0.00977787        0.02496333       -0.00000001       -0.00000000        0.00000001
     4685.        0.02301321        0.00985740        0.02503549       -0.00000001       -0.00000000        0.00000001
     4686.        0.02305739        0.00993693        0.02510749       -0.00000001       -0.00000000        0.00000001
     4687.        0.02310137        0.01001647        0.02517941       -0.00000001       -0.00000000        0.00000001
     4688.        0.02314506        0.01009604        0.02525122       -0.00000001       -0.00000000        0.00000001
     4689.        0.02318855        0.01017566        0.02532297       -0.00000001       -0.00000000        0.00000001
     4690.        0.02323182        0.01025524        0.02539464       -0.00000001       -0.00000000        0.00000001
     4691.        0.02327493        0.01033486        0.02546628       -0.00000001       -0.00000000        0.00000001
     4692.        0.02331782        0.01041452        0.02553788       -0.00000001       -0.00000000        0.00000001
     4693.        0.02336055        0.01049421        0.02560945       -0.00000001       -0.00000000        0.00000001
     4694.        0.02340310        0.01057395        0.02568100       -0.00000001       -0.00000000        0.00000001
     4695.        0.02344556        0.01065368        0.02575258       -0.00000001       -0.00000000        0.00000001
     4696.        0.02348785        0.01073349        0.02582415       -0.00000001       -0.00000000        0.00000001
     4697.        0.02353004        0.01081338        0.02589579       -0.00000001       -0.00000000        0.00000001
     4698.        0.02357214        0.01089335        0.02596750       -0.00000001       -0.00000000        0.00000001
     4699.        0.02361415        0.01097335        0.02603924       -0.00000001       -0.00000000        0.00000001
     4700.        0.02365606        0.01105350        0.02611109       -0.00000001       -0.00000000        0.00000001
     4701.        0.02369787        0.01113374        0.02618299       -0.00000001       -0.00000000        0.00000001
     4702.        0.02373963        0.01121409        0.02625501       -0.00000001       -0.00000000        0.00000001
     4703.        0.02378133        0.01129455        0.02632715       -0.00000001       -0.00000000        0.00000001
     4704.        0.02382298        0.01137517        0.02639941       -0.00000001       -0.00000000        0.00000001
     4705.        0.02386457        0.01145599        0.02647182       -0.00000001       -0.00000000        0.00000001
     4706.        0.02390610        0.01153696        0.02654436       -0.00000001       -0.00000000        0.00000001
     4707.        0.02394758        0.01161813        0.02661705       -0.00000001       -0.00000000        0.00000001
     4708.        0.02398900        0.01169949        0.02668989       -0.00000001       -0.00000000        0.00000001
     4709.        0.02403040        0.01178110        0.02676293       -0.00000001       -0.00000000        0.00000001
     4710.        0.02407171        0.01186289        0.02683608       -0.00000001       -0.00000000        0.00000001
     4711.        0.02411300        0.01194501        0.02690948       -0.00000001       -0.00000000        0.00000001
     4712.        0.02415423        0.01202733        0.02698302       -0.00000001       -0.00000000        0.00000001
     4713.        0.02419536        0.01210996        0.02705673       -0.00000001       -0.00000000        0.00000001
     4714.        0.02423643        0.01219288        0.02713062       -0.00000001       -0.00000000        0.00000001
     4715.        0.02427744        0.01227611        0.02720473       -0.00000001       -0.00000000        0.00000001
     4716.        0.02431836        0.01235967        0.02727900       -0.00000001       -0.00000000        0.00000001
     4717.        0.02435921        0.01244354        0.02735348       -0.00000001       -0.00000000        0.00000001
     4718.        0.02439992        0.01252778        0.02742812       -0.00000001       -0.00000000        0.00000001
     4719.        0.02444053        0.01261239        0.02750295       -0.00000001       -0.00000000        0.00000001
     4720.        0.02448100        0.01269736        0.02757793       -0.00000001       -0.00000000        0.00000001
     4721.        0.02452137        0.01278269        0.02765311       -0.00000001       -0.00000000        0.00000001
     4722.        0.02456155        0.01286839        0.02772842       -0.00000001       -0.00000000        0.00000001
     4723.        0.02460158        0.01295454        0.02780392       -0.00000001       -0.00000000        0.00000001
     4724.        0.02464143        0.01304106        0.02787955       -0.00000001       -0.00000000        0.00000001
     4725.        0.02468105        0.01312799        0.02795530       -0.00000001       -0.00000000        0.00000001
     4726.        0.02472053        0.01321537        0.02803124       -0.00000001       -0.00000000        0.00000001
     4727.        0.02475973        0.01330316        0.02810727       -0.00000001       -0.00000000        0.00000001
     4728.        0.02479875        0.01339136        0.02818344       -0.00000001       -0.00000000        0.00000001
     4729.        0.02483745        0.01347998        0.02825966       -0.00000001       -0.00000000        0.00000001
     4730.        0.02487591        0.01356905        0.02833602       -0.00000001       -0.00000000        0.00000001
     4731.        0.02491406        0.01365857        0.02841245       -0.00000001       -0.00000000        0.00000001
     4732.        0.02495194        0.01374848        0.02848894       -0.00000001       -0.00000000        0.00000001
     4733.        0.02498945        0.01383888        0.02856549       -0.00000001       -0.00000000        0.00000001
     4734.        0.02502665        0.01392965        0.02864207       -0.00000001       -0.00000000        0.00000001
     4735.        0.02506352        0.01402089        0.02871873       -0.00000001       -0.00000000        0.00000001
     4736.        0.02509998        0.01411254        0.02879537       -0.00000001       -0.00000000        0.00000001
     4737.        0.02513604        0.01420462        0.02887199       -0.00000001       -0.00000000        0.00000001
     4738.        0.02517169        0.01429712        0.02894860       -0.00000001       -0.00000000        0.00000001
     4739.        0.02520693        0.01439003        0.02902520       -0.00000001       -0.00000000        0.00000001
     4740.        0.02524176        0.01448333        0.02910177       -0.00000001       -0.00000000        0.00000001
     4741.        0.02527609        0.01457705        0.02917826       -0.00000001       -0.00000000        0.00000001
     4742.        0.02530996        0.01467111        0.02925467       -0.00000001       -0.00000000        0.00000001
     4743.        0.02534338        0.01476559        0.02933104       -0.00000001       -0.00000000        0.00000001
     4744.        0.02537625        0.01486042        0.02940725       -0.00000001       -0.00000000        0.00000001
     4745.        0.02540862        0.01495558        0.02948334       -0.00000001       -0.00000000        0.00000001
     4746.        0.02544048        0.01505113        0.02955934       -0.00000001       -0.00000000        0.00000001
     4747.        0.02547179        0.01514698        0.02963517       -0.00000001       -0.00000000        0.00000001
     4748.        0.02550255        0.01524318        0.02971085       -0.00000001       -0.00000000        0.00000001
     4749.        0.02553271        0.01533963        0.02978630       -0.00000001       -0.00000000        0.00000001
