     4151.        0.00000000        0.00000000        0.00000000       -0.00000000        0.00000000        0.00000000
     4152.        0.00000000        0.00000000        0.00000000       -0.00000000        0.00000000        0.00000000
     4153.        0.00000000        0.00000000        0.00000000       -0.00000000        0.00000000        0.00000000
     4154.        0.00000000       -0.00000000        0.00000000       -0.00000000        0.00000000        0.00000000
     4155.        0.00000000       -0.00000000        0.00000000       -0.00000000        0.00000000        0.00000000
     4156.        0.00000000       -0.00000000        0.00000000       -0.00000000        0.00000000        0.00000000
     4157.        0.00000000       -0.00000000        0.00000000       -0.00000000        0.00000000        0.00000000
     4158.        0.00000001       -0.00000000        0.00000001       -0.00000000        0.00000000        0.00000000
     4159.        0.00000002       -0.00000000        0.00000002       -0.00000000        0.00000000        0.00000000
     4160.        0.00000005       -0.00000000        0.00000005       -0.00000000        0.00000000        0.00000000
     4161.        0.00000009       -0.00000000        0.00000009       -0.00000000        0.00000000        0.00000000
     4162.        0.00000015       -0.00000000        0.00000015       -0.00000000        0.00000000        0.00000000
     4163.        0.00000024       -0.00000000        0.00000024       -0.00000000        0.00000000        0.00000000
     4164.        0.00000037       -0.00000000        0.00000037       -0.00000000        0.00000000        0.00000000
     4165.        0.00000054       -0.00000000        0.00000054       -0.00000000        0.00000000        0.00000000
     4166.        0.00000076       -0.00000000        0.00000076       -0.00000000        0.00000000        0.00000000
     4167.        0.00000104       -0.00000000        0.00000104       -0.00000000        0.00000000        0.00000000
     4168.        0.00000139       -0.00000000        0.00000139       -0.00000000        0.00000000        0.00000000
     4169.        0.00000182       -0.00000000        0.00000182       -0.00000000        0.00000000        0.00000000
     4170.        0.00000234       -0.00000000        0.00000234       -0.00000000        0.00000000        0.00000000
     4171.        0.00000296       -0.00000000        0.00000296       -0.00000000        0.00000000        0.00000000
     4172.        0.00000368       -0.00000000        0.00000368       -0.00000000        0.00000000        0.00000000
     4173.        0.00000453        0.00000000        0.00000453       -0.00000000       -0.00000000        0.00000000
     4174.        0.00000551        0.00000000        0.00000551       -0.00000000       -0.00000000        0.00000000
     4175.        0.00000663        0.00000000        0.00000663       -0.00000000       -0.00000000        0.00000000
     4176.        0.00000790        0.00000000        0.00000790       -0.00000000       -0.00000000        0.00000000
     4177.        0.00000934        0.00000000        0.00000934       -0.00000000       -0.00000000        0.00000000
     4178.        0.00001095        0.00000000        0.00001095       -0.00000000       -0.00000000        0.00000000
     4179.        0.00001274        0.00000000        0.00001274       -0.00000000       -0.00000000        0.00000000
     4180.        0.00001472        0.00000000        0.00001472       -0.00000000       -0.00000000        0.00000000
     4181.        0.00001691        0.00000000        0.00001691       -0.00000000       -0.00000000        0.00000000
     4182.        0.00001932        0.00000000        0.00001932       -0.00000000       -0.00000000        0.00000000
     4183.        0.00002195        0.00000000        0.00002195       -0.00000000       -0.00000000        0.00000000
     4184.        0.00002481        0.00000000        0.00002481       -0.00000000       -0.00000000        0.00000000
     4185.        0.00002792        0.00000000        0.00002792       -0.00000000       -0.00000000        0.00000000
     4186.        0.00003128        0.00000000        0.00003128       -0.00000000       -0.00000000        0.00000000
     4187.        0.00003490        0.00000000        0.00003490       -0.00000000       -0.00000000        0.00000000
     4188.        0.00003879        0.00000000        0.00003879       -0.00000000       -0.00000000        0.00000000
     4189.        0.00004296        0.00000000        0.00004296       -0.00000000       -0.00000000        0.00000000
     4190.        0.00004742        0.00000000        0.00004742       -0.00000000       -0.00000000        0.00000000
     4191.        0.00005217        0.00000000        0.00005217       -0.00000000       -0.00000000        0.00000000
     4192.        0.00005723        0.00000000        0.00005723       -0.00000000       -0.00000000        0.00000000
     4193.        0.00006260        0.00000000        0.00006260       -0.00000000       -0.00000000        0.00000000
     4194.        0.00006828        0.00000000        0.00006828       -0.00000000       -0.00000000        0.00000000
     4195.        0.00007429        0.00000000        0.00007429       -0.00000000       -0.00000000        0.00000000
     4196.        0.00008063        0.00000001        0.00008063       -0.00000000       -0.00000000        0.00000000
     4197.        0.00008731        0.00000001        0.00008731       -0.00000000       -0.00000000        0.00000000
     4198.        0.00009433        0.00000001        0.00009433       -0.00000000       -0.00000000        0.00000000
     4199.        0.00010170        0.00000001        0.00010170       -0.00000000       -0.00000000        0.00000000
     4200.        0.00010942        0.00000001        0.00010942       -0.00000000       -0.00000000        0.00000000
     4201.        0.00011750        0.00000001        0.00011750       -0.00000000       -0.00000000        0.00000000
     4202.        0.00012595        0.00000002        0.00012595       -0.00000000       -0.00000000        0.00000000
     4203.        0.00013477        0.00000002        0.00013477       -0.00000000       -0.00000000        0.00000000
     4204.        0.00014396        0.00000002        0.00014396       -0.00000000       -0.00000000        0.00000000
     4205.        0.00015353        0.00000002        0.00015353       -0.00000000       -0.00000000        0.00000000
     4206.        0.00016348        0.00000003        0.00016348       -0.00000000       -0.00000000        0.00000000
     4207.        0.00017382        0.00000003        0.00017382       -0.00000000       -0.00000000        0.00000000
     4208.        0.00018455        0.00000003        0.00018455       -0.00000000       -0.00000000        0.00000000
     4209.        0.00019567        0.00000004        0.00019567       -0.00000000       -0.00000000        0.00000000
     4210.        0.00020718        0.00000004        0.00020718       -0.00000000       -0.00000000        0.00000000
     4211.        0.00021909        0.00000005        0.00021909       -0.00000000       -0.00000000        0.00000000
     4212.        0.00023141        0.00000005        0.00023141       -0.00000000       -0.00000000        0.00000000
     4213.        0.00024412        0.00000006        0.00024412       -0.00000000       -0.00000000        0.00000000
     4214.        0.00025724        0.00000006        0.00025724       -0.00000000       -0.00000000        0.00000000
     4215.        0.00027077        0.00000007        0.00027077       -0.00000000       -0.00000000        0.00000000
     4216.        0.00028470        0.00000008        0.00028470       -0.00000000       -0.00000000        0.00000000
     4217.        0.00029905        0.00000009        0.00029905       -0.00000000       -0.00000000        0.00000000
     4218.        0.00031381        0.00000009        0.00031381       -0.00000000       -0.00000000        0.00000000
     4219.        0.00032897        0.00000010        0.00032897       -0.00000000       -0.00000000        0.00000000
     4220.        0.00034456        0.00000011        0.00034456       -0.00000000       -0.00000000        0.00000000
     4221.        0.00036055        0.00000013        0.00036055       -0.00000000       -0.00000000        0.00000000
     4222.        0.00037696        0.00000014        0.00037696       -0.00000000       -0.00000000        0.00000000
     4223.        0.00039379        0.00000015        0.00039379       -0.00000000       -0.00000000        0.00000000
     4224.        0.00041102        0.00000016        0.00041102       -0.00000000       -0.00000000        0.00000000
     4225.        0.00042868        0.00000018        0.00042868       -0.00000000       -0.00000000        0.00000000
     4226.        0.00044675        0.00000019        0.00044675       -0.00000000       -0.00000000        0.00000000
     4227.        0.00046523        0.00000021        0.00046523       -0.00000000       -0.00000000        0.00000000
     4228.        0.00048413        0.00000023        0.00048413       -0.00000000       -0.00000000        0.00000000
     4229.        0.00050345        0.00000025        0.00050345       -0.00000000       -0.00000000        0.00000000
     4230.        0.00052317        0.00000027        0.00052317       -0.00000000       -0.00000000        0.00000000
     4231.        0.00054331        0.00000029        0.00054331       -0.00000000       -0.00000000        0.00000000
     4232.        0.00056387        0.00000031        0.00056387       -0.00000000       -0.00000000        0.00000000
     4233.        0.00058483        0.00000033        0.00058483       -0.00000000       -0.00000000        0.00000000
     4234.        0.00060621        0.00000036        0.00060621       -0.00000000       -0.00000000        0.00000000
     4235.        0.00062799        0.00000038        0.00062799       -0.00000000       -0.00000000        0.00000000
     4236.        0.00065018        0.00000041        0.00065018       -0.00000000       -0.00000000        0.00000000
     4237.        0.00067278        0.00000044        0.00067278       -0.00000000       -0.00000000        0.00000000
     4238.        0.00069578        0.00000047        0.00069578       -0.00000000       -0.00000000        0.00000000
     4239.        0.00071919        0.00000050        0.00071919       -0.00000000       -0.00000000        0.00000000
     4240.        0.00074300        0.00000053        0.00074300       -0.00000000       -0.00000000        0.00000000
     4241.        0.00076720        0.00000057        0.00076720       -0.00000000       -0.00000000        0.00000000
     4242.        0.00079181        0.00000061        0.00079181       -0.00000000       -0.00000000        0.00000000
     4243.        0.00081682        0.00000064        0.00081682       -0.00000000       -0.00000000        0.00000000
     4244.        0.00084222        0.00000068        0.00084222       -0.00000000       -0.00000000        0.00000000
     4245.        0.00086801        0.00000073        0.00086801       -0.00000000       -0.00000000        0.00000000
     4246.        0.00089419        0.00000077        0.00089419       -0.00000000       -0.00000000        0.00000000
     4247.        0.00092076        0.00000082        0.00092076       -0.00000000       -0.00000000        0.00000000
     4248.        0.00094772        0.00000087        0.00094772       -0.00000000       -0.00000000        0.00000000
     4249.        0.00097506        0.00000092        0.00097506       -0.00000000       -0.00000000        0.00000000
     4250.        0.00100278        0.00000098        0.00100278       -0.00000000       -0.00000000        0.00000000
     4251.        0.00103089        0.00000103        0.00103089       -0.00000000       -0.00000000        0.00000000
     4252.        0.00105937        0.00000109        0.00105937       -0.00000000       -0.00000000        0.00000000
     4253.        0.00108822        0.00000115        0.00108822       -0.00000000       -0.00000000        0.00000000
     4254.        0.00111745        0.00000122        0.00111745       -0.00000000       -0.00000000        0.00000000
     4255.        0.00114704        0.00000129        0.00114704       -0.00000000       -0.00000000        0.00000000
     4256.        0.00117700        0.00000136        0.00117701       -0.00000000       -0.00000000        0.00000000
     4257.        0.00120733        0.00000143        0.00120733       -0.00000000       -0.00000000        0.00000000
     4258.        0.00123802        0.00000150        0.00123802       -0.00000000       -0.00000000        0.00000000
     4259.        0.00126907        0.00000158        0.00126907       -0.00000000       -0.00000000        0.00000000
     4260.        0.00130047        0.00000166        0.00130047       -0.00000000       -0.00000000        0.00000000
     4261.        0.00133223        0.00000175        0.00133223       -0.00000000       -0.00000000        0.00000000
     4262.        0.00136434        0.00000183        0.00136434       -0.00000000       -0.00000000        0.00000000
     4263.        0.00139679        0.00000192        0.00139680       -0.00000000       -0.00000000        0.00000000
     4264.        0.00142960        0.00000201        0.00142960       -0.00000000       -0.00000000        0.00000000
     4265.        0.00146274        0.00000211        0.00146274       -0.00000000       -0.00000000        0.00000000
     4266.        0.00149623        0.00000221        0.00149623       -0.00000000       -0.00000000        0.00000000
     4267.        0.00153005        0.00000231        0.00153005       -0.00000000       -0.00000000        0.00000000
     4268.        0.00156420        0.00000241        0.00156421       -0.00000000       -0.00000000        0.00000000
     4269.        0.00159869        0.00000252        0.00159870       -0.00000000       -0.00000000        0.00000000
     4270.        0.00163351        0.00000262        0.00163351       -0.00000000       -0.00000000        0.00000000
     4271.        0.00166866        0.00000274        0.00166866       -0.00000000       -0.00000000        0.00000000
     4272.        0.00170412        0.00000285        0.00170412       -0.00000000       -0.00000000        0.00000000
     4273.        0.00173991        0.00000297        0.00173992       -0.00000000       -0.00000000        0.00000000
     4274.        0.00177601        0.00000309        0.00177602       -0.00000000       -0.00000000        0.00000000
     4275.        0.00181244        0.00000322        0.00181244       -0.00000000       -0.00000000        0.00000000
     4276.        0.00184916        0.00000335        0.00184916       -0.00000000       -0.00000000        0.00000000
     4277.        0.00188621        0.00000348        0.00188621       -0.00000000       -0.00000000        0.00000000
     4278.        0.00192355        0.00000361        0.00192355       -0.00000000       -0.00000000        0.00000000
     4279.        0.00196120        0.00000375        0.00196120       -0.00000000       -0.00000000        0.00000000
     4280.        0.00199915        0.00000390        0.00199915       -0.00000000       -0.00000000        0.00000000
     4281.        0.00203740        0.00000405        0.00203741       -0.00000000       -0.00000000        0.00000000
     4282.        0.00207595        0.00000420        0.00207596       -0.00000000       -0.00000000        0.00000000
     4283.        0.00211478        0.00000435        0.00211479       -0.00000000       -0.00000000        0.00000000
     4284.        0.00215390        0.00000451        0.00215391       -0.00000000       -0.00000000        0.00000000
     4285.        0.00219332        0.00000468        0.00219333       -0.00000000       -0.00000000        0.00000000
     4286.        0.00223301        0.00000485        0.00223302       -0.00000000       -0.00000000        0.00000000
     4287.        0.00227298        0.00000502        0.00227299       -0.00000000       -0.00000000        0.00000000
     4288.        0.00231325        0.00000520        0.00231325       -0.00000000       -0.00000000        0.00000000
     4289.        0.00235377        0.00000539        0.00235377       -0.00000000       -0.00000000        0.00000000
     4290.        0.00239457        0.00000557        0.00239457       -0.00000000       -0.00000000        0.00000000
     4291.        0.00243564        0.00000577        0.00243565       -0.00000000       -0.00000000        0.00000000
     4292.        0.00247697        0.00000597        0.00247698       -0.00000000       -0.00000000        0.00000000
     4293.        0.00251856        0.00000617        0.00251857       -0.00000000       -0.00000000        0.00000000
     4294.        0.00256043        0.00000638        0.00256044       -0.00000000       -0.00000000        0.00000000
     4295.        0.00260255        0.00000660        0.00260256       -0.00000000       -0.00000000        0.00000000
     4296.        0.00264492        0.00000682        0.00264492       -0.00000000       -0.00000000        0.00000000
     4297.        0.00268753        0.00000704        0.00268754       -0.00000000       -0.00000000        0.00000000
     4298.        0.00273041        0.00000727        0.00273042       -0.00000000       -0.00000000        0.00000000
     4299.        0.00277354        0.00000751        0.00277355       -0.00000000       -0.00000000        0.00000000
     4300.        0.00281689        0.00000775        0.00281690       -0.00000000       -0.00000000        0.00000000
     4301.        0.00286050        0.00000800        0.00286051       -0.00000000       -0.00000000        0.00000000
     4302.        0.00290434        0.00000825        0.00290435       -0.00000000       -0.00000000        0.00000000
     4303.        0.00294842        0.00000851        0.00294843       -0.00000000       -0.00000000        0.00000000
     4304.        0.00299273        0.00000878        0.00299274       -0.00000000       -0.00000000        0.00000000
     4305.        0.00303728        0.00000905        0.00303729       -0.00000000       -0.00000000        0.00000000
     4306.        0.00308205        0.00000932        0.00308206       -0.00000000       -0.00000000        0.00000000
     4307.        0.00312704        0.00000960        0.00312706       -0.00000000       -0.00000000        0.00000000
     4308.        0.00317226        0.00000989        0.00317227       -0.00000000       -0.00000000        0.00000000
     4309.        0.00321771        0.00001018        0.00321772       -0.00000000       -0.00000000        0.00000000
     4310.        0.00326337        0.00001047        0.00326339       -0.00000000       -0.00000000        0.00000000
     4311.        0.00330924        0.00001078        0.00330926       -0.00000000       -0.00000000        0.00000000
     4312.        0.00335533        0.00001108        0.00335535       -0.00000000       -0.00000000        0.00000000
     4313.        0.00340161        0.00001139        0.00340163       -0.00000000       -0.00000000        0.00000000
     4314.        0.00344812        0.00001171        0.00344814       -0.00000000       -0.00000000        0.00000000
     4315.        0.00349483        0.00001203        0.00349485       -0.00000000       -0.00000000        0.00000000
     4316.        0.00354174        0.00001236        0.00354176       -0.00000000       -0.00000000        0.00000000
     4317.        0.00358886        0.00001269        0.00358889       -0.00000000       -0.00000000        0.00000000
     4318.        0.00363618        0.00001303        0.00363620       -0.00000000       -0.00000000        0.00000000
     4319.        0.00368370        0.00001337        0.00368372       -0.00000000       -0.00000000        0.00000000
     4320.        0.00373141        0.00001372        0.00373144       -0.00000000       -0.00000000        0.00000000
     4321.        0.00377931        0.00001407        0.00377933       -0.00000000       -0.00000000        0.00000000
     4322.        0.00382739        0.00001442        0.00382742       -0.00000000       -0.00000000        0.00000000
     4323.        0.00387566        0.00001479        0.00387569       -0.00000000       -0.00000000        0.00000000
     4324.        0.00392414        0.00001515        0.00392417       -0.00000000       -0.00000000        0.00000000
     4325.        0.00397278        0.00001552        0.00397281       -0.00000000       -0.00000000        0.00000000
     4326.        0.00402163        0.00001590        0.00402166       -0.00000000       -0.00000000        0.00000000
     4327.        0.00407064        0.00001628        0.00407067       -0.00000000       -0.00000000        0.00000000
     4328.        0.00411983        0.00001667        0.00411987       -0.00000000       -0.00000000        0.00000000
     4329.        0.00416919        0.00001706        0.00416922       -0.00000000       -0.00000000        0.00000000
     4330.        0.00421875        0.00001746        0.00421878       -0.00000000       -0.00000000        0.00000000
     4331.        0.00426846        0.00001787        0.00426850       -0.00000000       -0.00000000        0.00000000
     4332.        0.00431834        0.00001828        0.00431838       -0.00000000       -0.00000000        0.00000000
     4333.        0.00436840        0.00001869        0.00436844       -0.00000000       -0.00000000        0.00000000
     4334.        0.00441862        0.00001912        0.00441866       -0.00000000       -0.00000000        0.00000000
     4335.        0.00446901        0.00001954        0.00446905       -0.00000000       -0.00000000        0.00000000
     4336.        0.00451956        0.00001998        0.00451960       -0.00000000       -0.00000000        0.00000000
     4337.        0.00457027        0.00002042        0.00457031       -0.00000000       -0.00000000        0.00000000
     4338.        0.00462115        0.00002087        0.00462120       -0.00000000       -0.00000000        0.00000000
     4339.        0.00467217        0.00002133        0.00467221       -0.00000000       -0.00000000        0.00000000
     4340.        0.00472336        0.00002179        0.00472341       -0.00000000       -0.00000000        0.00000000
     4341.        0.00477470        0.00002226        0.00477475       -0.00000000       -0.00000000        0.00000000
     4342.        0.00482620        0.00002274        0.00482625       -0.00000000       -0.00000000        0.00000000
     4343.        0.00487785        0.00002322        0.00487790       -0.00000000       -0.00000000        0.00000000
     4344.        0.00492965        0.00002372        0.00492970       -0.00000000       -0.00000000        0.00000000
     4345.        0.00498160        0.00002422        0.00498165       -0.00000000       -0.00000000        0.00000000
     4346.        0.00503367        0.00002473        0.00503373       -0.00000000       -0.00000000        0.00000000
     4347.        0.00508590        0.00002525        0.00508596       -0.00000000       -0.00000000        0.00000000
     4348.        0.00513829        0.00002578        0.00513836       -0.00000000       -0.00000000        0.00000000
     4349.        0.00519079        0.00002632        0.00519086       -0.00000000       -0.00000000        0.00000000
     4350.        0.00524346        0.00002687        0.00524353       -0.00000000       -0.00000000        0.00000000
     4351.        0.00529625        0.00002742        0.00529632       -0.00000000       -0.00000000        0.00000000
     4352.        0.00534918        0.00002799        0.00534926       -0.00000000       -0.00000000        0.00000000
     4353.        0.00540224        0.00002857        0.00540232       -0.00000000       -0.00000000        0.00000000
     4354.        0.00545544        0.00002916        0.00545552       -0.00000000       -0.00000000        0.00000000
     4355.        0.00550876        0.00002975        0.00550884       -0.00000000       -0.00000000        0.00000000
     4356.        0.00556223        0.00003036        0.00556231       -0.00000000       -0.00000000        0.00000000
     4357.        0.00561583        0.00003098        0.00561592       -0.00000000       -0.00000000        0.00000000
     4358.        0.00566953        0.00003162        0.00566962       -0.00000000       -0.00000000        0.00000000
     4359.        0.00572340        0.00003226        0.00572349       -0.00000000       -0.00000000        0.00000000
     4360.        0.00577735        0.00003292        0.00577745       -0.00000000       -0.00000000        0.00000000
     4361.        0.00583145        0.00003359        0.00583154       -0.00000000       -0.00000000        0.00000000
     4362.        0.00588566        0.00003427        0.00588576       -0.00000000       -0.00000000        0.00000000
     4363.        0.00593998        0.00003496        0.00594008       -0.00000000       -0.00000000        0.00000000
     4364.        0.00599442        0.00003567        0.00599452       -0.00000000       -0.00000000        0.00000000
     4365.        0.00604899        0.00003639        0.00604910       -0.00000000       -0.00000000        0.00000000
     4366.        0.00610365        0.00003712        0.00610376       -0.00000000       -0.00000000        0.00000000
     4367.        0.00615845        0.00003787        0.00615856       -0.00000000       -0.00000000        0.00000000
     4368.        0.00621335        0.00003862        0.00621347       -0.00000000       -0.00000000        0.00000000
     4369.        0.00626837        0.00003939        0.00626849       -0.00000000       -0.00000000        0.00000000
     4370.        0.00632349        0.00004017        0.00632362       -0.00000000       -0.00000000        0.00000000
     4371.        0.00637872        0.00004096        0.00637885       -0.00000000       -0.00000000        0.00000000
     4372.        0.00643406        0.00004177        0.00643419       -0.00000000       -0.00000000        0.00000000
     4373.        0.00648953        0.00004259        0.00648966       -0.00000000       -0.00000000        0.00000000
     4374.        0.00654507        0.00004343        0.00654522       -0.00000000       -0.00000000        0.00000000
     4375.        0.00660073        0.00004428        0.00660088       -0.00000000       -0.00000000        0.00000000
     4376.        0.00665651        0.00004514        0.00665666       -0.00000000       -0.00000000        0.00000000
     4377.        0.00671237        0.00004602        0.00671253       -0.00000000       -0.00000000        0.00000000
     4378.        0.00676836        0.00004692        0.00676852       -0.00000000       -0.00000000        0.00000000
     4379.        0.00682442        0.00004783        0.00682459       -0.00000000       -0.00000000        0.00000000
     4380.        0.00688059        0.00004876        0.00688076       -0.00000000       -0.00000000        0.00000000
     4381.        0.00693688        0.00004971        0.00693706       -0.00000000       -0.00000000        0.00000000
     4382.        0.00699324        0.00005067        0.00699343       -0.00000000       -0.00000000        0.00000000
     4383.        0.00704971        0.00005166        0.00704990       -0.00000000       -0.00000000        0.00000000
     4384.        0.00710627        0.00005266        0.00710647       -0.00000000       -0.00000000        0.00000000
     4385.        0.00716291        0.00005367        0.00716311       -0.00000000       -0.00000000        0.00000000
     4386.        0.00721966        0.00005471        0.00721987       -0.00000000       -0.00000000        0.00000000
     4387.        0.00727649        0.00005576        0.00727670       -0.00000000       -0.00000000        0.00000000
     4388.        0.00733341        0.00005683        0.00733363       -0.00000000       -0.00000000        0.00000000
     4389.        0.00739042        0.00005792        0.00739065       -0.00000000       -0.00000000        0.00000000
     4390.        0.00744751        0.00005902        0.00744774       -0.00000000       -0.00000000        0.00000000
     4391.        0.00750471        0.00006014        0.00750495       -0.00000000       -0.00000000        0.00000000
     4392.        0.00756198        0.00006128        0.00756223       -0.00000000       -0.00000000        0.00000000
     4393.        0.00761934        0.00006243        0.00761959       -0.00000000       -0.00000000        0.00000000
     4394.        0.00767679        0.00006360        0.00767705       -0.00000000       -0.00000000        0.00000000
     4395.        0.00773433        0.00006479        0.00773460       -0.00000000       -0.00000000        0.00000000
     4396.        0.00779193        0.00006600        0.00779221       -0.00000000       -0.00000000        0.00000000
     4397.        0.00784965        0.00006722        0.00784994       -0.00000000       -0.00000000        0.00000000
     4398.        0.00790743        0.00006846        0.00790772       -0.00000000       -0.00000000        0.00000000
     4399.        0.00796532        0.00006973        0.00796562       -0.00000000       -0.00000000        0.00000000
     4400.        0.00802327        0.00007101        0.00802358       -0.00000000       -0.00000000        0.00000000
     4401.        0.00808131        0.00007231        0.00808163       -0.00000000       -0.00000000        0.00000000
     4402.        0.00813945        0.00007364        0.00813979       -0.00000000       -0.00000000        0.00000000
     4403.        0.00819766        0.00007499        0.00819800       -0.00000000       -0.00000000        0.00000000
     4404.        0.00825595        0.00007636        0.00825630       -0.00000000       -0.00000000        0.00000000
     4405.        0.00831432        0.00007775        0.00831469       -0.00000000       -0.00000000        0.00000000
     4406.        0.00837280        0.00007918        0.00837318       -0.00000000       -0.00000000        0.00000000
     4407.        0.00843134        0.00008063        0.00843172       -0.00000000       -0.00000000        0.00000000
     4408.        0.00848995        0.00008210        0.00849035       -0.00000000       -0.00000000        0.00000000
     4409.        0.00854865        0.00008361        0.00854906       -0.00000000       -0.00000000        0.00000000
     4410.        0.00860742        0.00008514        0.00860784       -0.00000000       -0.00000000        0.00000000
     4411.        0.00866628        0.00008671        0.00866671       -0.00000000       -0.00000000        0.00000000
     4412.        0.00872521        0.00008830        0.00872565       -0.00000000       -0.00000000        0.00000000
     4413.        0.00878419        0.00008993        0.00878465       -0.00000000       -0.00000000        0.00000000
     4414.        0.00884328        0.00009158        0.00884375       -0.00000000       -0.00000000        0.00000000
     4415.        0.00890241        0.00009327        0.00890290       -0.00000000       -0.00000000        0.00000000
     4416.        0.00896162        0.00009500        0.00896213       -0.00000000       -0.00000000        0.00000000
     4417.        0.00902091        0.00009675        0.00902143       -0.00000000       -0.00000000        0.00000000
     4418.        0.00908027        0.00009854        0.00908080       -0.00000000       -0.00000000        0.00000000
     4419.        0.00913967        0.00010036        0.00914022       -0.00000000       -0.00000000        0.00000000
     4420.        0.00919918        0.00010221        0.00919975       -0.00000000       -0.00000000        0.00000000
     4421.        0.00925873        0.00010410        0.00925931       -0.00000000       -0.00000000        0.00000000
     4422.        0.00931835        0.00010602        0.00931895       -0.00000000       -0.00000000        0.00000000
     4423.        0.00937802        0.00010797        0.00937864       -0.00000000       -0.00000000        0.00000000
     4424.        0.00943778        0.00010996        0.00943842       -0.00000000       -0.00000000        0.00000000
     4425.        0.00949759        0.00011198        0.00949825       -0.00000000       -0.00000000        0.00000000
     4426.        0.00955746        0.00011403        0.00955814       -0.00000000       -0.00000000        0.00000000
     4427.        0.00961740        0.00011611        0.00961810       -0.00000000       -0.00000000        0.00000000
     4428.        0.00967741        0.00011823        0.00967813       -0.00000000       -0.00000000        0.00000000
     4429.        0.00973746        0.00012039        0.00973821       -0.00000000       -0.00000000        0.00000000
     4430.        0.00979761        0.00012257        0.00979837       -0.00000000       -0.00000000        0.00000000
     4431.        0.00985779        0.00012480        0.00985858       -0.00000000       -0.00000000        0.00000000
     4432.        0.00991806        0.00012705        0.00991887       -0.00000000       -0.00000000        0.00000000
     4433.        0.00997837        0.00012935        0.00997921       -0.00000000       -0.00000000        0.00000000
     4434.        0.01003874        0.00013168        0.01003961       -0.00000000       -0.00000000        0.00000000
     4435.        0.01009921        0.00013405        0.01010010       -0.00000000       -0.00000000        0.00000000
     4436.        0.01015971        0.00013645        0.01016062       -0.00000000       -0.00000000        0.00000000
     4437.        0.01022030        0.00013890        0.01022124       -0.00000000       -0.00000000        0.00000000
     4438.        0.01028092        0.00014139        0.01028189       -0.00000000       -0.00000000        0.00000000
     4439.        0.01034163        0.00014391        0.01034263       -0.00000000       -0.00000000        0.00000000
     4440.        0.01040240        0.00014649        0.01040343       -0.00000000       -0.00000000        0.00000000
     4441.        0.01046323        0.00014910        0.01046429       -0.00000000       -0.00000000        0.00000000
     4442.        0.01052412        0.00015176        0.01052521       -0.00000000       -0.00000000        0.00000000
     4443.        0.01058506        0.00015447        0.01058619       -0.00000000       -0.00000000        0.00000000
     4444.        0.01064607        0.00015723        0.01064723       -0.00000000       -0.00000000        0.00000000
     4445.        0.01070713        0.00016004        0.01070832       -0.00000000       -0.00000000        0.00000000
     4446.        0.01076827        0.00016289        0.01076951       -0.00000000       -0.00000000        0.00000000
     4447.        0.01082945        0.00016580        0.01083072       -0.00000000       -0.00000000        0.00000000
     4448.        0.01089070        0.00016876        0.01089201       -0.00000000       -0.00000000        0.00000000
     4449.        0.01095199        0.00017178        0.01095334       -0.00000000       -0.00000000        0.00000000
     4450.        0.01101335        0.00017485        0.01101474       -0.00000000       -0.00000000        0.00000000
     4451.        0.01107477        0.00017798        0.01107620       -0.00000000       -0.00000000        0.00000000
     4452.        0.01113622        0.00018117        0.01113769       -0.00000000       -0.00000000        0.00000000
     4453.        0.01119774        0.00018441        0.01119926       -0.00000000       -0.00000000        0.00000000
     4454.        0.01125932        0.00018771        0.01126089       -0.00000000       -0.00000000        0.00000000
     4455.        0.01132092        0.00019107        0.01132253       -0.00000000       -0.00000000        0.00000000
     4456.        0.01138260        0.00019450        0.01138426       -0.00000000       -0.00000000        0.00000000
     4457.        0.01144430        0.00019798        0.01144601       -0.00000000       -0.00000000        0.00000000
     4458.        0.01150605        0.00020152        0.01150782       -0.00000000       -0.00000000        0.00000000
     4459.        0.01156785        0.00020513        0.01156967       -0.00000000       -0.00000000        0.00000000
     4460.        0.01162967        0.00020880        0.01163155       -0.00000000       -0.00000000        0.00000000
     4461.        0.01169157        0.00021252        0.01169350       -0.00000000       -0.00000000        0.00000000
     4462.        0.01175349        0.00021631        0.01175548       -0.00000000       -0.00000000        0.00000000
     4463.        0.01181545        0.00022017        0.01181750       -0.00000000       -0.00000000        0.00000000
     4464.        0.01187746        0.00022408        0.01187957       -0.00000000       -0.00000000        0.00000000
     4465.        0.01193948        0.00022805        0.01194166       -0.00000000       -0.00000000        0.00000000
     4466.        0.01200155        0.00023208        0.01200380       -0.00000000       -0.00000000        0.00000000
     4467.        0.01206364        0.00023618        0.01206595       -0.00000000       -0.00000000        0.00000000
     4468.        0.01212580        0.00024033        0.01212818       -0.00000000       -0.00000000        0.00000000
     4469.        0.01218797        0.00024455        0.01219043       -0.00000000       -0.00000000        0.00000000
     4470.        0.01225016        0.00024882        0.01225269       -0.00000000       -0.00000000        0.00000000
     4471.        0.01231239        0.00025315        0.01231499       -0.00000000       -0.00000000        0.00000000
     4472.        0.01237466        0.00025754        0.01237734       -0.00000000       -0.00000000        0.00000000
     4473.        0.01243697        0.00026198        0.01243973       -0.00000000       -0.00000000        0.00000000
     4474.        0.01249932        0.00026649        0.01250216       -0.00000000       -0.00000000        0.00000000
     4475.        0.01256169        0.00027105        0.01256461       -0.00000000       -0.00000000        0.00000000
     4476.        0.01262409        0.00027566        0.01262710       -0.00000000       -0.00000000        0.00000000
     4477.        0.01268653        0.00028034        0.01268962       -0.00000000       -0.00000000        0.00000000
     4478.        0.01274898        0.00028507        0.01275216       -0.00000000       -0.00000000        0.00000000
     4479.        0.01281149        0.00028985        0.01281477       -0.00000000       -0.00000000        0.00000000
     4480.        0.01287402        0.00029469        0.01287739       -0.00000000       -0.00000000        0.00000000
     4481.        0.01293661        0.00029959        0.01294007       -0.00000000       -0.00000000        0.00000000
     4482.        0.01299920        0.00030455        0.01300277       -0.00000000       -0.00000000        0.00000000
     4483.        0.01306183        0.00030955        0.01306550       -0.00000000       -0.00000000        0.00000000
     4484.        0.01312453        0.00031462        0.01312830       -0.00000000       -0.00000000        0.00000000
     4485.        0.01318723        0.00031975        0.01319110       -0.00000000       -0.00000000        0.00000000
     4486.        0.01324999        0.00032493        0.01325397       -0.00000000       -0.00000000        0.00000000
     4487.        0.01331279        0.00033018        0.01331688       -0.00000000       -0.00000000        0.00000000
     4488.        0.01337562        0.00033548        0.01337982       -0.00000000       -0.00000000        0.00000000
     4489.        0.01343851        0.00034084        0.01344283       -0.00000000       -0.00000000        0.00000000
     4490.        0.01350140        0.00034627        0.01350584       -0.00000000       -0.00000000        0.00000000
     4491.        0.01356435        0.00035175        0.01356891       -0.00000000       -0.00000000        0.00000000
     4492.        0.01362737        0.00035730        0.01363205       -0.00000000       -0.00000000        0.00000000
     4493.        0.01369041        0.00036292        0.01369522       -0.00000000       -0.00000000        0.00000000
     4494.        0.01375349        0.00036860        0.01375843       -0.00000000       -0.00000000        0.00000000
     4495.        0.01381659        0.00037435        0.01382166       -0.00000000       -0.00000000        0.00000000
     4496.        0.01387978        0.00038017        0.01388499       -0.00000000       -0.00000000        0.00000000
     4497.        0.01394298        0.00038606        0.01394832       -0.00000000       -0.00000000        0.00000000
     4498.        0.01400626        0.00039202        0.01401174       -0.00000000       -0.00000000        0.00000000
     4499.        0.01406953        0.00039806        0.01407516       -0.00000000       -0.00000000        0.00000000
     4500.        0.01413290        0.00040418        0.01413867       -0.00000000       -0.00000000        0.00000000
     4501.        0.01419626        0.00041037        0.01420219       -0.00000000       -0.00000000        0.00000000
     4502.        0.01425970        0.00041664        0.01426579       -0.00000000       -0.00000000        0.00000000
     4503.        0.01432318        0.00042299        0.01432942       -0.00000000       -0.00000000        0.00000000
     4504.        0.01438667        0.00042943        0.01439308       -0.00000000       -0.00000000        0.00000000
     4505.        0.01445023        0.00043595        0.01445680       -0.00000000       -0.00000000        0.00000000
     4506.        0.01451380        0.00044255        0.01452055       -0.00000000       -0.00000000        0.00000000
     4507.        0.01457744        0.00044924        0.01458436       -0.00000000       -0.00000000        0.00000000
     4508.        0.01464109        0.00045601        0.01464819       -0.00000000       -0.00000000        0.00000000
     4509.        0.01470480        0.00046288        0.01471208       -0.00000000       -0.00000000        0.00000000
     4510.        0.01476856        0.00046983        0.01477603       -0.00000000       -0.00000000        0.00000000
     4511.        0.01483232        0.00047688        0.01483998       -0.00000000       -0.00000000        0.00000000
     4512.        0.01489612        0.00048402        0.01490398       -0.00000000       -0.00000000        0.00000000
     4513.        0.01495998        0.00049125        0.01496804       -0.00000000       -0.00000000        0.00000000
     4514.        0.01502386        0.00049858        0.01503213       -0.00000000       -0.00000000        0.00000000
     4515.        0.01508775        0.00050601        0.01509624       -0.00000000       -0.00000000        0.00000000
     4516.        0.01515170        0.00051353        0.01516040       -0.00000000       -0.00000000        0.00000000
     4517.        0.01521567        0.00052116        0.01522459       -0.00000000       -0.00000000        0.00000000
     4518.        0.01527969        0.00052888        0.01528884       -0.00000000       -0.00000000        0.00000000
     4519.        0.01534370        0.00053671        0.01535308       -0.00000000       -0.00000000        0.00000000
     4520.        0.01540775        0.00054463        0.01541737       -0.00000000       -0.00000000        0.00000000
     4521.        0.01547182        0.00055266        0.01548169       -0.00000000       -0.00000000        0.00000000
     4522.        0.01553591        0.00056080        0.01554603       -0.00000000       -0.00000000        0.00000000
     4523.        0.01560002        0.00056903        0.01561039       -0.00000000       -0.00000000        0.00000000
     4524.        0.01566414        0.00057737        0.01567477       -0.00000000       -0.00000000        0.00000000
     4525.        0.01572827        0.00058581        0.01573918       -0.00000000       -0.00000000        0.00000000
     4526.        0.01579243        0.00059436        0.01580361       -0.00000000       -0.00000000        0.00000001
     4527.        0.01585662        0.00060301        0.01586808       -0.00000001       -0.00000000        0.00000001
     4528.        0.01592080        0.00061175        0.01593255       -0.00000001       -0.00000000        0.00000001
     4529.        0.01598500        0.00062060        0.01599704       -0.00000001       -0.00000000        0.00000001
     4530.        0.01604920        0.00062956        0.01606155       -0.00000001       -0.00000000        0.00000001
     4531.        0.01611339        0.00063861        0.01612604       -0.00000001       -0.00000000        0.00000001
     4532.        0.01617762        0.00064776        0.01619058       -0.00000001       -0.00000000        0.00000001
     4533.        0.01624186        0.00065701        0.01625515       -0.00000001       -0.00000000        0.00000001
     4534.        0.01630608        0.00066636        0.01631969       -0.00000001       -0.00000000        0.00000001
     4535.        0.01637035        0.00067581        0.01638429       -0.00000001       -0.00000000        0.00000001
     4536.        0.01643459        0.00068535        0.01644887       -0.00000001       -0.00000000        0.00000001
     4537.        0.01649887        0.00069499        0.01651351       -0.00000001       -0.00000000        0.00000001
     4538.        0.01656314        0.00070474        0.01657812       -0.00000001       -0.00000000        0.00000001
     4539.        0.01662740        0.00071457        0.01664275       -0.00000001       -0.00000000        0.00000001
     4540.        0.01669168        0.00072451        0.01670740       -0.00000001       -0.00000000        0.00000001
     4541.        0.01675600        0.00073455        0.01677209       -0.00000001       -0.00000000        0.00000001
     4542.        0.01682029        0.00074468        0.01683677       -0.00000001       -0.00000000        0.00000001
     4543.        0.01688459        0.00075490        0.01690146       -0.00000001       -0.00000000        0.00000001
     4544.        0.01694889        0.00076523        0.01696616       -0.00000001       -0.00000000        0.00000001
     4545.        0.01701324        0.00077565        0.01703091       -0.00000001       -0.00000000        0.00000001
     4546.        0.01707755        0.00078617        0.01709564       -0.00000001       -0.00000000        0.00000001
     4547.        0.01714191        0.00079679        0.01716041       -0.00000001       -0.00000000        0.00000001
     4548.        0.01720623        0.00080750        0.01722517       -0.00000001       -0.00000000        0.00000001
     4549.        0.01727059        0.00081831        0.01728997       -0.00000001       -0.00000000        0.00000001
     4550.        0.01733496        0.00082922        0.01735478       -0.00000001       -0.00000000        0.00000001
     4551.        0.01739932        0.00084022        0.01741960       -0.00000001       -0.00000000        0.00000001
     4552.        0.01746369        0.00085133        0.01748443       -0.00000001       -0.00000000        0.00000001
     4553.        0.01752810        0.00086252        0.01754931       -0.00000001       -0.00000000        0.00000001
     4554.        0.01759247        0.00087382        0.01761416       -0.00000001       -0.00000000        0.00000001
     4555.        0.01765688        0.00088522        0.01767906       -0.00000001       -0.00000000        0.00000001
     4556.        0.01772129        0.00089671        0.01774396       -0.00000001       -0.00000000        0.00000001
     4557.        0.01778573        0.00090830        0.01780891       -0.00000001       -0.00000000        0.00000001
     4558.        0.01785017        0.00091999        0.01787386       -0.00000001       -0.00000000        0.00000001
     4559.        0.01791461        0.00093178        0.01793883       -0.00000001       -0.00000000        0.00000001
     4560.        0.01797905        0.00094366        0.01800380       -0.00000001       -0.00000000        0.00000001
     4561.        0.01804352        0.00095565        0.01806881       -0.00000001       -0.00000000        0.00000001
     4562.        0.01810803        0.00096774        0.01813387       -0.00000001       -0.00000000        0.00000001
     4563.        0.01817253        0.00097992        0.01819893       -0.00000001       -0.00000000        0.00000001
     4564.        0.01823706        0.00099221        0.01826403       -0.00000001       -0.00000000        0.00000001
     4565.        0.01830159        0.00100461        0.01832914       -0.00000001       -0.00000000        0.00000001
     4566.        0.01836615        0.00101710        0.01839429       -0.00000001       -0.00000000        0.00000001
     4567.        0.01843070        0.00102970        0.01845945       -0.00000001       -0.00000000        0.00000001
     4568.        0.01849529        0.00104241        0.01852464       -0.00000001       -0.00000000        0.00000001
     4569.        0.01855990        0.00105522        0.01858987       -0.00000001       -0.00000000        0.00000001
     4570.        0.01862454        0.00106815        0.01865515       -0.00000001       -0.00000000        0.00000001
     4571.        0.01868918        0.00108118        0.01872043       -0.00000001       -0.00000000        0.00000001
     4572.        0.01875388        0.00109433        0.01878578       -0.00000001       -0.00000000        0.00000001
     4573.        0.01881857        0.00110759        0.01885114       -0.00000001       -0.00000000        0.00000001
     4574.        0.01888329        0.00112097        0.01891653       -0.00000001       -0.00000000        0.00000001
     4575.        0.01894804        0.00113447        0.01898197       -0.00000001       -0.00000000        0.00000001
     4576.        0.01901278        0.00114808        0.01904741       -0.00000001       -0.00000000        0.00000001
     4577.        0.01907758        0.00116183        0.01911292       -0.00000001       -0.00000000        0.00000001
     4578.        0.01914240        0.00117569        0.01917848       -0.00000001       -0.00000000        0.00000001
     4579.        0.01920722        0.00118969        0.01924403       -0.00000001       -0.00000000        0.00000001
     4580.        0.01927207        0.00120381        0.01930963       -0.00000001       -0.00000000        0.00000001
     4581.        0.01933697        0.00121807        0.01937530       -0.00000001       -0.00000000        0.00000001
     4582.        0.01940186        0.00123246        0.01944097       -0.00000001       -0.00000000        0.00000001
     4583.        0.01946678        0.00124699        0.01950668       -0.00000001       -0.00000000        0.00000001
     4584.        0.01953169        0.00126166        0.01957240       -0.00000001       -0.00000000        0.00000001
     4585.        0.01959666        0.00127647        0.01963818       -0.00000001       -0.00000000        0.00000001
     4586.        0.01966161        0.00129143        0.01970398       -0.00000001       -0.00000000        0.00000001
     4587.        0.01972659        0.00130653        0.01976981       -0.00000001       -0.00000000        0.00000001
     4588.        0.01979159        0.00132177        0.01983568       -0.00000001       -0.00000000        0.00000001
     4589.        0.01985658        0.00133717        0.01990155       -0.00000001       -0.00000000        0.00000001
     4590.        0.01992159        0.00135272        0.01996747       -0.00000001       -0.00000000        0.00000001
     4591.        0.01998659        0.00136842        0.02003338       -0.00000001       -0.00000000        0.00000001
     4592.        0.02005161        0.00138428        0.02009934       -0.00000001       -0.00000000        0.00000001
     4593.        0.02011665        0.00140029        0.02016533       -0.00000001       -0.00000000        0.00000001
     4594.        0.02018168        0.00141646        0.02023133       -0.00000001       -0.00000000        0.00000001
     4595.        0.02024669        0.00143278        0.02029733       -0.00000001       -0.00000000        0.00000001
     4596.        0.02031169        0.00144927        0.02036333       -0.00000001       -0.00000000        0.00000001
     4597.        0.02037671        0.00146592        0.02042937       -0.00000001       -0.00000000        0.00000001
     4598.        0.02044171        0.00148272        0.02049541       -0.00000001       -0.00000000        0.00000001
     4599.        0.02050670        0.00149969        0.02056146       -0.00000001       -0.00000000        0.00000001
     4600.        0.02057167        0.00151682        0.02062751       -0.00000001       -0.00000000        0.00000001
     4601.        0.02063662        0.00153412        0.02069356       -0.00000001       -0.00000000        0.00000001
     4602.        0.02070155        0.00155157        0.02075962       -0.00000001       -0.00000000        0.00000001
     4603.        0.02076647        0.00156919        0.02082567       -0.00000001       -0.00000000        0.00000001
     4604.        0.02083133        0.00158697        0.02089169       -0.00000001       -0.00000000        0.00000001
     4605.        0.02089621        0.00160491        0.02095775       -0.00000001       -0.00000000        0.00000001
     4606.        0.02096103        0.00162302        0.02102378       -0.00000001       -0.00000000        0.00000001
     4607.        0.02102584        0.00164129        0.02108980       -0.00000001       -0.00000000        0.00000001
     4608.        0.02109062        0.00165972        0.02115583       -0.00000001       -0.00000000        0.00000001
     4609.        0.02115535        0.00167831        0.02122182       -0.00000001       -0.00000000        0.00000001
     4610.        0.02122006        0.00169706        0.02128781       -0.00000001       -0.00000000        0.00000001
     4611.        0.02128470        0.00171596        0.02135376       -0.00000001       -0.00000000        0.00000001
     4612.        0.02134933        0.00173503        0.02141972       -0.00000001       -0.00000000        0.00000001
     4613.        0.02141390        0.00175426        0.02148563       -0.00000001       -0.00000000        0.00000001
     4614.        0.02147844        0.00177364        0.02155155       -0.00000001       -0.00000000        0.00000001
     4615.        0.02154293        0.00179318        0.02161743       -0.00000001       -0.00000000        0.00000001
     4616.        0.02160735        0.00181288        0.02168327       -0.00000001       -0.00000000        0.00000001
     4617.        0.02167175        0.00183272        0.02174911       -0.00000001       -0.00000000        0.00000001
     4618.        0.02173609        0.00185273        0.02181491       -0.00000001       -0.00000000        0.00000001
     4619.        0.02180040        0.00187288        0.02188070       -0.00000001       -0.00000000        0.00000001
     4620.        0.02186465        0.00189318        0.02194646       -0.00000001       -0.00000000        0.00000001
     4621.        0.02192884        0.00191363        0.02201218       -0.00000001       -0.00000000        0.00000001
     4622.        0.02199296        0.00193423        0.02207785       -0.00000001       -0.00000000        0.00000001
     4623.        0.02205702        0.00195499        0.02214349       -0.00000001       -0.00000000        0.00000001
     4624.        0.02212105        0.00197588        0.02220912       -0.00000001       -0.00000000        0.00000001
     4625.        0.02218502        0.00199692        0.02227471       -0.00000001       -0.00000000        0.00000001
     4626.        0.02224892        0.00201811        0.02234026       -0.00000001       -0.00000000        0.00000001
     4627.        0.02231279        0.00203944        0.02240580       -0.00000001       -0.00000000        0.00000001
     4628.        0.02237655        0.00206091        0.02247126       -0.00000001       -0.00000000        0.00000001
     4629.        0.02244029        0.00208252        0.02253671       -0.00000001       -0.00000000        0.00000001
     4630.        0.02250395        0.00210427        0.02260212       -0.00000001       -0.00000000        0.00000001
     4631.        0.02256755        0.00212616        0.02266749       -0.00000001       -0.00000000        0.00000001
     4632.        0.02263112        0.00214819        0.02273284       -0.00000001       -0.00000000        0.00000001
     4633.        0.02269458        0.00217035        0.02279812       -0.00000001       -0.00000000        0.00000001
     4634.        0.02275800        0.00219264        0.02286339       -0.00000001       -0.00000000        0.00000001
     4635.        0.02282136        0.00221508        0.02292861       -0.00000001       -0.00000000        0.00000001
     4636.        0.02288468        0.00223764        0.02299382       -0.00000001       -0.00000000        0.00000001
     4637.        0.02294789        0.00226034        0.02305894       -0.00000001       -0.00000000        0.00000001
     4638.        0.02301107        0.00228316        0.02312406       -0.00000001       -0.00000000        0.00000001
     4639.        0.02307417        0.00230612        0.02318912       -0.00000001       -0.00000000        0.00000001
     4640.        0.02313720        0.00232920        0.02325414       -0.00000001       -0.00000000        0.00000001
     4641.        0.02320019        0.00235241        0.02331915       -0.00000001       -0.00000000        0.00000001
     4642.        0.02326311        0.00237575        0.02338411       -0.00000001       -0.00000000        0.00000001
     4643.        0.02332595        0.00239921        0.02344901       -0.00000001       -0.00000000        0.00000001
     4644.        0.02338876        0.00242279        0.02351391       -0.00000001       -0.00000000        0.00000001
     4645.        0.02345148        0.00244650        0.02357875       -0.00000001       -0.00000000        0.00000001
     4646.        0.02351413        0.00247033        0.02364354       -0.00000001       -0.00000000        0.00000001
     4647.        0.02357675        0.00249428        0.02370832       -0.00000001       -0.00000000        0.00000001
     4648.        0.02363928        0.00251835        0.02377304       -0.00000001       -0.00000000        0.00000001
     4649.        0.02370177        0.00254254        0.02383775       -0.00000001       -0.00000000        0.00000001
     4650.        0.02376418        0.00256685        0.02390241       -0.00000001       -0.00000000        0.00000001
     4651.        0.02382652        0.00259127        0.02396701       -0.00000001       -0.00000000        0.00000001
     4652.        0.02388885        0.00261581        0.02403163       -0.00000001       -0.00000000        0.00000001
     4653.        0.02395106        0.00264047        0.02409617       -0.00000001       -0.00000000        0.00000001
     4654.        0.02401322        0.00266524        0.02416068       -0.00000001       -0.00000000        0.00000001
     4655.        0.02407535        0.00269012        0.02422518       -0.00000001       -0.00000000        0.00000001
     4656.        0.02413743        0.00271512        0.02428965       -0.00000001       -0.00000000        0.00000001
     4657.        0.02419943        0.00274023        0.02435408       -0.00000001       -0.00000000        0.00000001
     4658.        0.02426138        0.00276545        0.02441848       -0.00000001       -0.00000000        0.00000001
     4659.        0.02432328        0.00279078        0.02448286       -0.00000001       -0.00000000        0.00000001
     4660.        0.02438511        0.00281622        0.02454719       -0.00000001       -0.00000000        0.00000001
     4661.        0.02444692        0.00284178        0.02461154       -0.00000001       -0.00000000        0.00000001
     4662.        0.02450865        0.00286744        0.02467582       -0.00000001       -0.00000000        0.00000001
     4663.        0.02457033        0.00289321        0.02474009       -0.00000001       -0.00000000        0.00000001
     4664.        0.02463197        0.00291909        0.02480433       -0.00000001       -0.00000000        0.00000001
     4665.        0.02469355        0.00294508        0.02486856       -0.00000001       -0.00000000        0.00000001
     4666.        0.02475509        0.00297118        0.02493276       -0.00000001       -0.00000000        0.00000001
     4667.        0.02481658        0.00299739        0.02499694       -0.00000001       -0.00000000        0.00000001
     4668.        0.02487806        0.00302370        0.02506114       -0.00000001       -0.00000000        0.00000001
     4669.        0.02493945        0.00305013        0.02512528       -0.00000001       -0.00000000        0.00000001
     4670.        0.02500083        0.00307666        0.02518943       -0.00000001       -0.00000000        0.00000001
     4671.        0.02506216        0.00310330        0.02525356       -0.00000001       -0.00000000        0.00000001
     4672.        0.02512343        0.00313005        0.02531767       -0.00000001       -0.00000000        0.00000001
     4673.        0.02518470        0.00315692        0.02538179       -0.00000001       -0.00000000        0.00000001
     4674.        0.02524591        0.00318389        0.02544589       -0.00000001       -0.00000000        0.00000001
     4675.        0.02530707        0.00321097        0.02550997       -0.00000001       -0.00000000        0.00000001
     4676.        0.02536822        0.00323817        0.02557406       -0.00000001       -0.00000000        0.00000001
     4677.        0.02542932        0.00326548        0.02563813       -0.00000001       -0.00000000        0.00000001
     4678.        0.02549040        0.00329289        0.02570221       -0.00000001       -0.00000000        0.00000001
     4679.        0.02555143        0.00332043        0.02576627       -0.00000001       -0.00000000        0.00000001
     4680.        0.02561244        0.00334808        0.02583034       -0.00000001       -0.00000000        0.00000001
     4681.        0.02567344        0.00337584        0.02589443       -0.00000001       -0.00000000        0.00000001
     4682.        0.02573442        0.00340372        0.02595854       -0.00000001       -0.00000000        0.00000001
     4683.        0.02579535        0.00343173        0.02602262       -0.00000001       -0.00000000        0.00000001
     4684.        0.02585626        0.00345985        0.02608671       -0.00000001       -0.00000000        0.00000001
     4685.        0.02591715        0.00348809        0.02615082       -0.00000001       -0.00000000        0.00000001
     4686.        0.02597799        0.00351646        0.02621491       -0.00000001       -0.00000000        0.00000001
     4687.        0.02603885        0.00354495        0.02627905       -0.00000001       -0.00000000        0.00000001
     4688.        0.02609966        0.00357356        0.02634317       -0.00000001       -0.00000000        0.00000001
     4689.        0.02616045        0.00360231        0.02640730       -0.00000001       -0.00000000        0.00000001
     4690.        0.02622126        0.00363118        0.02647149       -0.00000001       -0.00000000        0.00000001
     4691.        0.02628201        0.00366018        0.02653565       -0.00000001       -0.00000000        0.00000001
     4692.        0.02634274        0.00368933        0.02659984       -0.00000001       -0.00000000        0.00000001
     4693.        0.02640346        0.00371860        0.02666403       -0.00000001       -0.00000000        0.00000001
     4694.        0.02646420        0.00374801        0.02672829       -0.00000001       -0.00000000        0.00000001
     4695.        0.02652487        0.00377756        0.02679252       -0.00000001       -0.00000000        0.00000001
     4696.        0.02658553        0.00380726        0.02685676       -0.00000001       -0.00000000        0.00000001
     4697.        0.02664621        0.00383709        0.02692107       -0.00000001       -0.00000000        0.00000001
     4698.        0.02670683        0.00386708        0.02698535       -0.00000001       -0.00000000        0.00000001
     4699.        0.02676747        0.00389721        0.02704969       -0.00000001       -0.00000000        0.00000001
     4700.        0.02682805        0.00392749        0.02711401       -0.00000001       -0.00000000        0.00000001
     4701.        0.02688865        0.00395793        0.02717839       -0.00000001       -0.00000000        0.00000001
     4702.        0.02694923        0.00398852        0.02724278       -0.00000001       -0.00000000        0.00000001
     4703.        0.02700975        0.00401927        0.02730716       -0.00000001       -0.00000000        0.00000001
     4704.        0.02707028        0.00405019        0.02737159       -0.00000001       -0.00000000        0.00000001
     4705.        0.02713079        0.00408126        0.02743605       -0.00000001       -0.00000000        0.00000001
     4706.        0.02719129        0.00411247        0.02750052       -0.00000001       -0.00000000        0.00000001
     4707.        0.02725172        0.00414391        0.02756498       -0.00000001       -0.00000000        0.00000001
     4708.        0.02731216        0.00417545        0.02762949       -0.00000001       -0.00000000        0.00000001
     4709.        0.02737259        0.00420721        0.02769403       -0.00000001       -0.00000000        0.00000001
     4710.        0.02743295        0.00423912        0.02775855       -0.00000001       -0.00000000        0.00000001
     4711.        0.02749333        0.00427121        0.02782313       -0.00000001       -0.00000000        0.00000001
     4712.        0.02755364        0.00430348        0.02788769       -0.00000001       -0.00000000        0.00000001
     4713.        0.02761393        0.00433594        0.02795228       -0.00000001       -0.00000000        0.00000001
     4714.        0.02767420        0.00436854        0.02801688       -0.00000001       -0.00000000        0.00000001
     4715.        0.02773444        0.00440138        0.02808151       -0.00000001       -0.00000000        0.00000001
     4716.        0.02779462        0.00443439        0.02814613       -0.00000001       -0.00000000        0.00000001
     4717.        0.02785477        0.00446756        0.02821077       -0.00000001       -0.00000000        0.00000001
     4718.        0.02791486        0.00450095        0.02827539       -0.00000001       -0.00000000        0.00000001
     4719.        0.02797496        0.00453452        0.02834008       -0.00000001       -0.00000000        0.00000001
     4720.        0.02803495        0.00456829        0.02840471       -0.00000001       -0.00000000        0.00000001
     4721.        0.02809491        0.00460225        0.02846937       -0.00000001       -0.00000000        0.00000001
     4722.        0.02815485        0.00463639        0.02853405       -0.00000001       -0.00000000        0.00000001
     4723.        0.02821473        0.00467072        0.02859871       -0.00000001       -0.00000000        0.00000001
     4724.        0.02827453        0.00470529        0.02866337       -0.00000001       -0.00000000        0.00000001
     4725.        0.02833426        0.00474000        0.02872800       -0.00000001       -0.00000000        0.00000001
     4726.        0.02839397        0.00477494        0.02879266       -0.00000001       -0.00000000        0.00000001
     4727.        0.02845356        0.00481012        0.02885728       -0.00000001       -0.00000000        0.00000001
     4728.        0.02851313        0.00484544        0.02892191       -0.00000001       -0.00000000        0.00000001
     4729.        0.02857263        0.00488100        0.02898653       -0.00000001       -0.00000000        0.00000001
     4730.        0.02863205        0.00491675        0.02905114       -0.00000001       -0.00000000        0.00000001
     4731.        0.02869136        0.00495270        0.02911569       -0.00000001       -0.00000000        0.00000001
     4732.        0.02875065        0.00498884        0.02918027       -0.00000001       -0.00000000        0.00000001
     4733.        0.02880981        0.00502521        0.02924480       -0.00000001       -0.00000000        0.00000001
     4734.        0.02886887        0.00506177        0.02930927       -0.00000001       -0.00000000        0.00000001
     4735.        0.02892789        0.00509854        0.02937376       -0.00000001       -0.00000000        0.00000001
     4736.        0.02898680        0.00513553        0.02943821       -0.00000001       -0.00000000        0.00000001
     4737.        0.02904563        0.00517268        0.02950263       -0.00000001       -0.00000000        0.00000001
     4738.        0.02910435        0.00521007        0.02956701       -0.00000001       -0.00000000        0.00000001
     4739.        0.02916295        0.00524766        0.02963133       -0.00000001       -0.00000000        0.00000001
     4740.        0.02922147        0.00528544        0.02969563       -0.00000001       -0.00000000        0.00000001
     4741.        0.02927988        0.00532342        0.02975988       -0.00000001       -0.00000000        0.00000001
     4742.        0.02933817        0.00536159        0.02982407       -0.00000001       -0.00000000        0.00000001
     4743.        0.02939634        0.00540001        0.02988821       -0.00000001       -0.00000000        0.00000001
     4744.        0.02945443        0.00543858        0.02995232       -0.00000001       -0.00000000        0.00000001
     4745.        0.02951236        0.00547735        0.03001634       -0.00000001       -0.00000000        0.00000001
     4746.        0.02957017        0.00551632        0.03008031       -0.00000001       -0.00000000        0.00000001
     4747.        0.02962790        0.00555553        0.03014426       -0.00000001       -0.00000000        0.00000001
     4748.        0.02968547        0.00559489        0.03020811       -0.00000001       -0.00000000        0.00000001
     4749.        0.02974291        0.00563442        0.03027190       -0.00000001       -0.00000000        0.00000001
