     4151.       -0.00000000       -0.00000000        0.00000000        0.00000000       -0.00000000        0.00000000
     4152.       -0.00000000       -0.00000000        0.00000000        0.00000000       -0.00000000        0.00000000
     4153.       -0.00000000       -0.00000000        0.00000000        0.00000000       -0.00000000        0.00000000
     4154.        0.00000000       -0.00000000        0.00000000       -0.00000000        0.00000000        0.00000000
     4155.        0.00000000       -0.00000000        0.00000000       -0.00000000        0.00000000        0.00000000
     4156.        0.00000000       -0.00000000        0.00000000       -0.00000000        0.00000000        0.00000000
     4157.        0.00000000       -0.00000000        0.00000000       -0.00000000        0.00000000        0.00000000
     4158.        0.00000000       -0.00000000        0.00000000       -0.00000000        0.00000000        0.00000000
     4159.        0.00000000       -0.00000000        0.00000000       -0.00000000        0.00000000        0.00000000
     4160.        0.00000000       -0.00000000        0.00000000       -0.00000000        0.00000000        0.00000000
     4161.        0.00000000       -0.00000000        0.00000000       -0.00000000        0.00000000        0.00000000
     4162.        0.00000000       -0.00000000        0.00000000       -0.00000000        0.00000000        0.00000000
     4163.        0.00000001       -0.00000000        0.00000001       -0.00000000        0.00000000        0.00000000
     4164.        0.00000001       -0.00000000        0.00000001       -0.00000000        0.00000000        0.00000000
     4165.        0.00000001       -0.00000000        0.00000001       -0.00000000        0.00000000        0.00000000
     4166.        0.00000002       -0.00000000        0.00000002       -0.00000000        0.00000000        0.00000000
     4167.        0.00000003       -0.00000000        0.00000003       -0.00000000        0.00000000        0.00000000
     4168.        0.00000005       -0.00000000        0.00000005       -0.00000000        0.00000000        0.00000000
     4169.        0.00000006       -0.00000000        0.00000006       -0.00000000        0.00000000        0.00000000
     4170.        0.00000009       -0.00000000        0.00000009       -0.00000000        0.00000000        0.00000000
     4171.        0.00000012       -0.00000000        0.00000012       -0.00000000        0.00000000        0.00000000
     4172.        0.00000015       -0.00000000        0.00000015       -0.00000000        0.00000000        0.00000000
     4173.        0.00000019       -0.00000000        0.00000019       -0.00000000        0.00000000        0.00000000
     4174.        0.00000025       -0.00000000        0.00000025       -0.00000000        0.00000000        0.00000000
     4175.        0.00000031       -0.00000000        0.00000031       -0.00000000        0.00000000        0.00000000
     4176.        0.00000039       -0.00000000        0.00000039       -0.00000000        0.00000000        0.00000000
     4177.        0.00000047       -0.00000000        0.00000047       -0.00000000        0.00000000        0.00000000
     4178.        0.00000057       -0.00000000        0.00000057       -0.00000000        0.00000000        0.00000000
     4179.        0.00000069       -0.00000000        0.00000069       -0.00000000        0.00000000        0.00000000
     4180.        0.00000083       -0.00000000        0.00000083       -0.00000000        0.00000000        0.00000000
     4181.        0.00000098       -0.00000000        0.00000098       -0.00000000        0.00000000        0.00000000
     4182.        0.00000115       -0.00000000        0.00000115       -0.00000000        0.00000000        0.00000000
     4183.        0.00000135       -0.00000000        0.00000135       -0.00000000        0.00000000        0.00000000
     4184.        0.00000157       -0.00000000        0.00000157       -0.00000000        0.00000000        0.00000000
     4185.        0.00000181       -0.00000000        0.00000181       -0.00000000        0.00000000        0.00000000
     4186.        0.00000208       -0.00000000        0.00000208       -0.00000000        0.00000000        0.00000000
     4187.        0.00000238       -0.00000000        0.00000238       -0.00000000        0.00000000        0.00000000
     4188.        0.00000271       -0.00000000        0.00000271       -0.00000000        0.00000000        0.00000000
     4189.        0.00000308       -0.00000000        0.00000308       -0.00000000        0.00000000        0.00000000
     4190.        0.00000347       -0.00000000        0.00000347       -0.00000000        0.00000000        0.00000000
     4191.        0.00000391       -0.00000000        0.00000391       -0.00000000        0.00000000        0.00000000
     4192.        0.00000438       -0.00000000        0.00000438       -0.00000000        0.00000000        0.00000000
     4193.        0.00000489       -0.00000000        0.00000489       -0.00000000        0.00000000        0.00000000
     4194.        0.00000544        0.00000000        0.00000544       -0.00000000       -0.00000000        0.00000000
     4195.        0.00000603        0.00000000        0.00000603       -0.00000000       -0.00000000        0.00000000
     4196.        0.00000667        0.00000000        0.00000667       -0.00000000       -0.00000000        0.00000000
     4197.        0.00000736        0.00000000        0.00000736       -0.00000000       -0.00000000        0.00000000
     4198.        0.00000809        0.00000000        0.00000809       -0.00000000       -0.00000000        0.00000000
     4199.        0.00000888        0.00000000        0.00000888       -0.00000000       -0.00000000        0.00000000
     4200.        0.00000972        0.00000000        0.00000972       -0.00000000       -0.00000000        0.00000000
     4201.        0.00001061        0.00000000        0.00001061       -0.00000000       -0.00000000        0.00000000
     4202.        0.00001156        0.00000000        0.00001156       -0.00000000       -0.00000000        0.00000000
     4203.        0.00001256        0.00000000        0.00001256       -0.00000000       -0.00000000        0.00000000
     4204.        0.00001362        0.00000000        0.00001362       -0.00000000       -0.00000000        0.00000000
     4205.        0.00001475        0.00000000        0.00001475       -0.00000000       -0.00000000        0.00000000
     4206.        0.00001594        0.00000000        0.00001594       -0.00000000       -0.00000000        0.00000000
     4207.        0.00001719        0.00000000        0.00001719       -0.00000000       -0.00000000        0.00000000
     4208.        0.00001850        0.00000000        0.00001850       -0.00000000       -0.00000000        0.00000000
     4209.        0.00001989        0.00000000        0.00001989       -0.00000000       -0.00000000        0.00000000
     4210.        0.00002134        0.00000000        0.00002134       -0.00000000       -0.00000000        0.00000000
     4211.        0.00002286        0.00000000        0.00002286       -0.00000000       -0.00000000        0.00000000
     4212.        0.00002446        0.00000000        0.00002446       -0.00000000       -0.00000000        0.00000000
     4213.        0.00002613        0.00000000        0.00002613       -0.00000000       -0.00000000        0.00000000
     4214.        0.00002787        0.00000000        0.00002787       -0.00000000       -0.00000000        0.00000000
     4215.        0.00002969        0.00000000        0.00002969       -0.00000000       -0.00000000        0.00000000
     4216.        0.00003159        0.00000000        0.00003159       -0.00000000       -0.00000000        0.00000000
     4217.        0.00003357        0.00000000        0.00003357       -0.00000000       -0.00000000        0.00000000
     4218.        0.00003563        0.00000000        0.00003563       -0.00000000       -0.00000000        0.00000000
     4219.        0.00003776        0.00000000        0.00003776       -0.00000000       -0.00000000        0.00000000
     4220.        0.00003999        0.00000000        0.00003999       -0.00000000       -0.00000000        0.00000000
     4221.        0.00004229        0.00000000        0.00004229       -0.00000000       -0.00000000        0.00000000
     4222.        0.00004468        0.00000000        0.00004468       -0.00000000       -0.00000000        0.00000000
     4223.        0.00004716        0.00000000        0.00004716       -0.00000000       -0.00000000        0.00000000
     4224.        0.00004973        0.00000000        0.00004973       -0.00000000       -0.00000000        0.00000000
     4225.        0.00005238        0.00000000        0.00005238       -0.00000000       -0.00000000        0.00000000
     4226.        0.00005513        0.00000000        0.00005513       -0.00000000       -0.00000000        0.00000000
     4227.        0.00005796        0.00000000        0.00005796       -0.00000000       -0.00000000        0.00000000
     4228.        0.00006089        0.00000000        0.00006089       -0.00000000       -0.00000000        0.00000000
     4229.        0.00006391        0.00000000        0.00006391       -0.00000000       -0.00000000        0.00000000
     4230.        0.00006702        0.00000000        0.00006702       -0.00000000       -0.00000000        0.00000000
     4231.        0.00007023        0.00000000        0.00007023       -0.00000000       -0.00000000        0.00000000
     4232.        0.00007353        0.00000000        0.00007353       -0.00000000       -0.00000000        0.00000000
     4233.        0.00007693        0.00000000        0.00007693       -0.00000000       -0.00000000        0.00000000
     4234.        0.00008043        0.00000001        0.00008043       -0.00000000       -0.00000000        0.00000000
     4235.        0.00008403        0.00000001        0.00008403       -0.00000000       -0.00000000        0.00000000
     4236.        0.00008772        0.00000001        0.00008772       -0.00000000       -0.00000000        0.00000000
     4237.        0.00009151        0.00000001        0.00009151       -0.00000000       -0.00000000        0.00000000
     4238.        0.00009541        0.00000001        0.00009541       -0.00000000       -0.00000000        0.00000000
     4239.        0.00009940        0.00000001        0.00009940       -0.00000000       -0.00000000        0.00000000
     4240.        0.00010350        0.00000001        0.00010350       -0.00000000       -0.00000000        0.00000000
     4241.        0.00010770        0.00000001        0.00010770       -0.00000000       -0.00000000        0.00000000
     4242.        0.00011200        0.00000001        0.00011200       -0.00000000       -0.00000000        0.00000000
     4243.        0.00011640        0.00000001        0.00011640       -0.00000000       -0.00000000        0.00000000
     4244.        0.00012091        0.00000001        0.00012091       -0.00000000       -0.00000000        0.00000000
     4245.        0.00012552        0.00000001        0.00012552       -0.00000000       -0.00000000        0.00000000
     4246.        0.00013023        0.00000001        0.00013023       -0.00000000       -0.00000000        0.00000000
     4247.        0.00013506        0.00000002        0.00013506       -0.00000000       -0.00000000        0.00000000
     4248.        0.00013998        0.00000002        0.00013998       -0.00000000       -0.00000000        0.00000000
     4249.        0.00014501        0.00000002        0.00014501       -0.00000000       -0.00000000        0.00000000
     4250.        0.00015015        0.00000002        0.00015015       -0.00000000       -0.00000000        0.00000000
     4251.        0.00015540        0.00000002        0.00015540       -0.00000000       -0.00000000        0.00000000
     4252.        0.00016075        0.00000002        0.00016075       -0.00000000       -0.00000000        0.00000000
     4253.        0.00016621        0.00000002        0.00016621       -0.00000000       -0.00000000        0.00000000
     4254.        0.00017177        0.00000003        0.00017177       -0.00000000       -0.00000000        0.00000000
     4255.        0.00017745        0.00000003        0.00017745       -0.00000000       -0.00000000        0.00000000
     4256.        0.00018323        0.00000003        0.00018323       -0.00000000       -0.00000000        0.00000000
     4257.        0.00018912        0.00000003        0.00018912       -0.00000000       -0.00000000        0.00000000
     4258.        0.00019512        0.00000003        0.00019512       -0.00000000       -0.00000000        0.00000000
     4259.        0.00020122        0.00000004        0.00020122       -0.00000000       -0.00000000        0.00000000
     4260.        0.00020744        0.00000004        0.00020744       -0.00000000       -0.00000000        0.00000000
     4261.        0.00021376        0.00000004        0.00021376       -0.00000000       -0.00000000        0.00000000
     4262.        0.00022019        0.00000004        0.00022019       -0.00000000       -0.00000000        0.00000000
     4263.        0.00022673        0.00000004        0.00022673       -0.00000000       -0.00000000        0.00000000
     4264.        0.00023338        0.00000005        0.00023338       -0.00000000       -0.00000000        0.00000000
     4265.        0.00024014        0.00000005        0.00024014       -0.00000000       -0.00000000        0.00000000
     4266.        0.00024701        0.00000005        0.00024701       -0.00000000       -0.00000000        0.00000000
     4267.        0.00025398        0.00000006        0.00025398       -0.00000000       -0.00000000        0.00000000
     4268.        0.00026107        0.00000006        0.00026107       -0.00000000       -0.00000000        0.00000000
     4269.        0.00026826        0.00000006        0.00026826       -0.00000000       -0.00000000        0.00000000
     4270.        0.00027556        0.00000007        0.00027556       -0.00000000       -0.00000000        0.00000000
     4271.        0.00028298        0.00000007        0.00028298       -0.00000000       -0.00000000        0.00000000
     4272.        0.00029050        0.00000007        0.00029050       -0.00000000       -0.00000000        0.00000000
     4273.        0.00029812        0.00000008        0.00029812       -0.00000000       -0.00000000        0.00000000
     4274.        0.00030586        0.00000008        0.00030586       -0.00000000       -0.00000000        0.00000000
     4275.        0.00031371        0.00000009        0.00031371       -0.00000000       -0.00000000        0.00000000
     4276.        0.00032166        0.00000009        0.00032166       -0.00000000       -0.00000000        0.00000000
     4277.        0.00032972        0.00000010        0.00032972       -0.00000000       -0.00000000        0.00000000
     4278.        0.00033789        0.00000010        0.00033789       -0.00000000       -0.00000000        0.00000000
     4279.        0.00034617        0.00000010        0.00034617       -0.00000000       -0.00000000        0.00000000
     4280.        0.00035455        0.00000011        0.00035455       -0.00000000       -0.00000000        0.00000000
     4281.        0.00036304        0.00000012        0.00036304       -0.00000000       -0.00000000        0.00000000
     4282.        0.00037164        0.00000012        0.00037164       -0.00000000       -0.00000000        0.00000000
     4283.        0.00038035        0.00000013        0.00038035       -0.00000000       -0.00000000        0.00000000
     4284.        0.00038916        0.00000013        0.00038916       -0.00000000       -0.00000000        0.00000000
     4285.        0.00039808        0.00000014        0.00039808       -0.00000000       -0.00000000        0.00000000
     4286.        0.00040711        0.00000014        0.00040711       -0.00000000       -0.00000000        0.00000000
     4287.        0.00041624        0.00000015        0.00041624       -0.00000000       -0.00000000        0.00000000
     4288.        0.00042548        0.00000016        0.00042548       -0.00000000       -0.00000000        0.00000000
     4289.        0.00043482        0.00000017        0.00043482       -0.00000000       -0.00000000        0.00000000
     4290.        0.00044427        0.00000017        0.00044427       -0.00000000       -0.00000000        0.00000000
     4291.        0.00045382        0.00000018        0.00045382       -0.00000000       -0.00000000        0.00000000
     4292.        0.00046348        0.00000019        0.00046348       -0.00000000       -0.00000000        0.00000000
     4293.        0.00047324        0.00000020        0.00047324       -0.00000000       -0.00000000        0.00000000
     4294.        0.00048310        0.00000020        0.00048310       -0.00000000       -0.00000000        0.00000000
     4295.        0.00049307        0.00000021        0.00049307       -0.00000000       -0.00000000        0.00000000
     4296.        0.00050315        0.00000022        0.00050315       -0.00000000       -0.00000000        0.00000000
     4297.        0.00051332        0.00000023        0.00051332       -0.00000000       -0.00000000        0.00000000
     4298.        0.00052360        0.00000024        0.00052360       -0.00000000       -0.00000000        0.00000000
     4299.        0.00053398        0.00000025        0.00053398       -0.00000000       -0.00000000        0.00000000
     4300.        0.00054446        0.00000026        0.00054446       -0.00000000       -0.00000000        0.00000000
     4301.        0.00055505        0.00000027        0.00055505       -0.00000000       -0.00000000        0.00000000
     4302.        0.00056573        0.00000028        0.00056573       -0.00000000       -0.00000000        0.00000000
     4303.        0.00057652        0.00000029        0.00057652       -0.00000000       -0.00000000        0.00000000
     4304.        0.00058740        0.00000031        0.00058740       -0.00000000       -0.00000000        0.00000000
     4305.        0.00059839        0.00000032        0.00059839       -0.00000000       -0.00000000        0.00000000
     4306.        0.00060947        0.00000033        0.00060947       -0.00000000       -0.00000000        0.00000000
     4307.        0.00062066        0.00000034        0.00062066       -0.00000000       -0.00000000        0.00000000
     4308.        0.00063194        0.00000035        0.00063194       -0.00000000       -0.00000000        0.00000000
     4309.        0.00064333        0.00000037        0.00064333       -0.00000000       -0.00000000        0.00000000
     4310.        0.00065481        0.00000038        0.00065481       -0.00000000       -0.00000000        0.00000000
     4311.        0.00066639        0.00000039        0.00066639       -0.00000000       -0.00000000        0.00000000
     4312.        0.00067806        0.00000041        0.00067806       -0.00000000       -0.00000000        0.00000000
     4313.        0.00068983        0.00000042        0.00068983       -0.00000000       -0.00000000        0.00000000
     4314.        0.00070170        0.00000044        0.00070170       -0.00000000       -0.00000000        0.00000000
     4315.        0.00071367        0.00000045        0.00071367       -0.00000000       -0.00000000        0.00000000
     4316.        0.00072573        0.00000047        0.00072573       -0.00000000       -0.00000000        0.00000000
     4317.        0.00073789        0.00000048        0.00073789       -0.00000000       -0.00000000        0.00000000
     4318.        0.00075014        0.00000050        0.00075014       -0.00000000       -0.00000000        0.00000000
     4319.        0.00076248        0.00000052        0.00076248       -0.00000000       -0.00000000        0.00000000
     4320.        0.00077492        0.00000053        0.00077492       -0.00000000       -0.00000000        0.00000000
     4321.        0.00078746        0.00000055        0.00078746       -0.00000000       -0.00000000        0.00000000
     4322.        0.00080008        0.00000057        0.00080008       -0.00000000       -0.00000000        0.00000000
     4323.        0.00081280        0.00000059        0.00081280       -0.00000000       -0.00000000        0.00000000
     4324.        0.00082561        0.00000061        0.00082561       -0.00000000       -0.00000000        0.00000000
     4325.        0.00083852        0.00000062        0.00083852       -0.00000000       -0.00000000        0.00000000
     4326.        0.00085151        0.00000064        0.00085151       -0.00000000       -0.00000000        0.00000000
     4327.        0.00086460        0.00000066        0.00086460       -0.00000000       -0.00000000        0.00000000
     4328.        0.00087778        0.00000068        0.00087778       -0.00000000       -0.00000000        0.00000000
     4329.        0.00089104        0.00000070        0.00089104       -0.00000000       -0.00000000        0.00000000
     4330.        0.00090440        0.00000072        0.00090440       -0.00000000       -0.00000000        0.00000000
     4331.        0.00091785        0.00000075        0.00091785       -0.00000000       -0.00000000        0.00000000
     4332.        0.00093138        0.00000077        0.00093138       -0.00000000       -0.00000000        0.00000000
     4333.        0.00094501        0.00000079        0.00094501       -0.00000000       -0.00000000        0.00000000
     4334.        0.00095872        0.00000081        0.00095872       -0.00000000       -0.00000000        0.00000000
     4335.        0.00097252        0.00000083        0.00097252       -0.00000000       -0.00000000        0.00000000
     4336.        0.00098641        0.00000086        0.00098641       -0.00000000       -0.00000000        0.00000000
     4337.        0.00100039        0.00000088        0.00100039       -0.00000000       -0.00000000        0.00000000
     4338.        0.00101445        0.00000091        0.00101445       -0.00000000       -0.00000000        0.00000000
     4339.        0.00102859        0.00000093        0.00102860       -0.00000000       -0.00000000        0.00000000
     4340.        0.00104283        0.00000096        0.00104283       -0.00000000       -0.00000000        0.00000000
     4341.        0.00105715        0.00000098        0.00105715       -0.00000000       -0.00000000        0.00000000
     4342.        0.00107155        0.00000101        0.00107155       -0.00000000       -0.00000000        0.00000000
     4343.        0.00108604        0.00000104        0.00108604       -0.00000000       -0.00000000        0.00000000
     4344.        0.00110061        0.00000106        0.00110062       -0.00000000       -0.00000000        0.00000000
     4345.        0.00111527        0.00000109        0.00111527       -0.00000000       -0.00000000        0.00000000
     4346.        0.00113001        0.00000112        0.00113001       -0.00000000       -0.00000000        0.00000000
     4347.        0.00114484        0.00000115        0.00114484       -0.00000000       -0.00000000        0.00000000
     4348.        0.00115974        0.00000118        0.00115974       -0.00000000       -0.00000000        0.00000000
     4349.        0.00117473        0.00000121        0.00117473       -0.00000000       -0.00000000        0.00000000
     4350.        0.00118980        0.00000124        0.00118980       -0.00000000       -0.00000000        0.00000000
     4351.        0.00120495        0.00000128        0.00120495       -0.00000000       -0.00000000        0.00000000
     4352.        0.00122018        0.00000131        0.00122018       -0.00000000       -0.00000000        0.00000000
     4353.        0.00123550        0.00000134        0.00123550       -0.00000000       -0.00000000        0.00000000
     4354.        0.00125089        0.00000138        0.00125089       -0.00000000       -0.00000000        0.00000000
     4355.        0.00126637        0.00000141        0.00126637       -0.00000000       -0.00000000        0.00000000
     4356.        0.00128192        0.00000145        0.00128192       -0.00000000       -0.00000000        0.00000000
     4357.        0.00129755        0.00000149        0.00129755       -0.00000000       -0.00000000        0.00000000
     4358.        0.00131326        0.00000152        0.00131326       -0.00000000       -0.00000000        0.00000000
     4359.        0.00132905        0.00000156        0.00132905       -0.00000000       -0.00000000        0.00000000
     4360.        0.00134492        0.00000160        0.00134492       -0.00000000       -0.00000000        0.00000000
     4361.        0.00136087        0.00000164        0.00136087       -0.00000000       -0.00000000        0.00000000
     4362.        0.00137689        0.00000169        0.00137689       -0.00000000       -0.00000000        0.00000000
     4363.        0.00139299        0.00000173        0.00139299       -0.00000000       -0.00000000        0.00000000
     4364.        0.00140917        0.00000177        0.00140917       -0.00000000       -0.00000000        0.00000000
     4365.        0.00142542        0.00000182        0.00142542       -0.00000000       -0.00000000        0.00000000
     4366.        0.00144175        0.00000186        0.00144175       -0.00000000       -0.00000000        0.00000000
     4367.        0.00145816        0.00000191        0.00145816       -0.00000000       -0.00000000        0.00000000
     4368.        0.00147464        0.00000196        0.00147464       -0.00000000       -0.00000000        0.00000000
     4369.        0.00149119        0.00000201        0.00149120       -0.00000000       -0.00000000        0.00000000
     4370.        0.00150782        0.00000206        0.00150783       -0.00000000       -0.00000000        0.00000000
     4371.        0.00152453        0.00000211        0.00152453       -0.00000000       -0.00000000        0.00000000
     4372.        0.00154131        0.00000217        0.00154131       -0.00000000       -0.00000000        0.00000000
     4373.        0.00155816        0.00000222        0.00155816       -0.00000000       -0.00000000        0.00000000
     4374.        0.00157509        0.00000228        0.00157509       -0.00000000       -0.00000000        0.00000000
     4375.        0.00159209        0.00000233        0.00159209       -0.00000000       -0.00000000        0.00000000
     4376.        0.00160916        0.00000239        0.00160916       -0.00000000       -0.00000000        0.00000000
     4377.        0.00162631        0.00000245        0.00162631       -0.00000000       -0.00000000        0.00000000
     4378.        0.00164353        0.00000252        0.00164353       -0.00000000       -0.00000000        0.00000000
     4379.        0.00166082        0.00000258        0.00166082       -0.00000000       -0.00000000        0.00000000
     4380.        0.00167818        0.00000265        0.00167819       -0.00000000       -0.00000000        0.00000000
     4381.        0.00169562        0.00000271        0.00169562       -0.00000000       -0.00000000        0.00000000
     4382.        0.00171312        0.00000278        0.00171312       -0.00000000       -0.00000000        0.00000000
     4383.        0.00173070        0.00000286        0.00173070       -0.00000000       -0.00000000        0.00000000
     4384.        0.00174835        0.00000293        0.00174835       -0.00000000       -0.00000000        0.00000000
     4385.        0.00176606        0.00000301        0.00176607       -0.00000000       -0.00000000        0.00000000
     4386.        0.00178385        0.00000308        0.00178385       -0.00000000       -0.00000000        0.00000000
     4387.        0.00180171        0.00000316        0.00180171       -0.00000000       -0.00000000        0.00000000
     4388.        0.00181963        0.00000325        0.00181964       -0.00000000       -0.00000000        0.00000000
     4389.        0.00183763        0.00000333        0.00183763       -0.00000000       -0.00000000        0.00000000
     4390.        0.00185570        0.00000342        0.00185570       -0.00000000       -0.00000000        0.00000000
     4391.        0.00187383        0.00000351        0.00187383       -0.00000000       -0.00000000        0.00000000
     4392.        0.00189203        0.00000360        0.00189204       -0.00000000       -0.00000000        0.00000000
     4393.        0.00191030        0.00000369        0.00191031       -0.00000000       -0.00000000        0.00000000
     4394.        0.00192864        0.00000379        0.00192865       -0.00000000       -0.00000000        0.00000000
     4395.        0.00194705        0.00000388        0.00194705       -0.00000000       -0.00000000        0.00000000
     4396.        0.00196553        0.00000398        0.00196553       -0.00000000       -0.00000000        0.00000000
     4397.        0.00198407        0.00000409        0.00198407       -0.00000000       -0.00000000        0.00000000
     4398.        0.00200268        0.00000419        0.00200269       -0.00000000       -0.00000000        0.00000000
     4399.        0.00202136        0.00000430        0.00202137       -0.00000000       -0.00000000        0.00000000
     4400.        0.00204011        0.00000441        0.00204011       -0.00000000       -0.00000000        0.00000000
     4401.        0.00205892        0.00000453        0.00205892       -0.00000000       -0.00000000        0.00000000
     4402.        0.00207780        0.00000465        0.00207781       -0.00000000       -0.00000000        0.00000000
     4403.        0.00209675        0.00000477        0.00209675       -0.00000000       -0.00000000        0.00000000
     4404.        0.00211576        0.00000489        0.00211577       -0.00000000       -0.00000000        0.00000000
     4405.        0.00213484        0.00000502        0.00213485       -0.00000000       -0.00000000        0.00000000
     4406.        0.00215399        0.00000515        0.00215400       -0.00000000       -0.00000000        0.00000000
     4407.        0.00217320        0.00000529        0.00217321       -0.00000000       -0.00000000        0.00000000
     4408.        0.00219248        0.00000543        0.00219249       -0.00000000       -0.00000000        0.00000000
     4409.        0.00221183        0.00000557        0.00221184       -0.00000000       -0.00000000        0.00000000
     4410.        0.00223124        0.00000572        0.00223125       -0.00000000       -0.00000000        0.00000000
     4411.        0.00225072        0.00000588        0.00225072       -0.00000000       -0.00000000        0.00000000
     4412.        0.00227026        0.00000604        0.00227027       -0.00000000       -0.00000000        0.00000000
     4413.        0.00228986        0.00000620        0.00228987       -0.00000000       -0.00000000        0.00000000
     4414.        0.00230953        0.00000637        0.00230954       -0.00000000       -0.00000000        0.00000000
     4415.        0.00232927        0.00000654        0.00232928       -0.00000000       -0.00000000        0.00000000
     4416.        0.00234907        0.00000672        0.00234908       -0.00000000       -0.00000000        0.00000000
     4417.        0.00236894        0.00000691        0.00236895       -0.00000000       -0.00000000        0.00000000
     4418.        0.00238887        0.00000710        0.00238888       -0.00000000       -0.00000000        0.00000000
     4419.        0.00240886        0.00000729        0.00240887       -0.00000000       -0.00000000        0.00000000
     4420.        0.00242891        0.00000749        0.00242893       -0.00000000       -0.00000000        0.00000000
     4421.        0.00244903        0.00000770        0.00244904       -0.00000000       -0.00000000        0.00000000
     4422.        0.00246922        0.00000791        0.00246923       -0.00000000       -0.00000000        0.00000000
     4423.        0.00248946        0.00000813        0.00248948       -0.00000000       -0.00000000        0.00000000
     4424.        0.00250977        0.00000836        0.00250979       -0.00000000       -0.00000000        0.00000000
     4425.        0.00253014        0.00000859        0.00253016       -0.00000000       -0.00000000        0.00000000
     4426.        0.00255058        0.00000882        0.00255060       -0.00000000       -0.00000000        0.00000000
     4427.        0.00257108        0.00000907        0.00257110       -0.00000000       -0.00000000        0.00000000
     4428.        0.00259164        0.00000932        0.00259166       -0.00000000       -0.00000000        0.00000000
     4429.        0.00261227        0.00000957        0.00261229       -0.00000000       -0.00000000        0.00000000
     4430.        0.00263295        0.00000983        0.00263297       -0.00000000       -0.00000000        0.00000000
     4431.        0.00265371        0.00001010        0.00265372       -0.00000000       -0.00000000        0.00000000
     4432.        0.00267452        0.00001038        0.00267454       -0.00000000       -0.00000000        0.00000000
     4433.        0.00269539        0.00001066        0.00269541       -0.00000000       -0.00000000        0.00000000
     4434.        0.00271635        0.00001095        0.00271637       -0.00000000       -0.00000000        0.00000000
     4435.        0.00273734        0.00001124        0.00273736       -0.00000000       -0.00000000        0.00000000
     4436.        0.00275841        0.00001155        0.00275843       -0.00000000       -0.00000000        0.00000000
     4437.        0.00277954        0.00001186        0.00277956       -0.00000000       -0.00000000        0.00000000
     4438.        0.00280073        0.00001218        0.00280075       -0.00000000       -0.00000000        0.00000000
     4439.        0.00282200        0.00001251        0.00282203       -0.00000000       -0.00000000        0.00000000
     4440.        0.00284330        0.00001284        0.00284333       -0.00000000       -0.00000000        0.00000000
     4441.        0.00286469        0.00001319        0.00286472       -0.00000000       -0.00000000        0.00000000
     4442.        0.00288614        0.00001354        0.00288617       -0.00000000       -0.00000000        0.00000000
     4443.        0.00290764        0.00001390        0.00290767       -0.00000000       -0.00000000        0.00000000
     4444.        0.00292923        0.00001427        0.00292926       -0.00000000       -0.00000000        0.00000000
     4445.        0.00295087        0.00001465        0.00295091       -0.00000000       -0.00000000        0.00000000
     4446.        0.00297258        0.00001505        0.00297261       -0.00000000       -0.00000000        0.00000000
     4447.        0.00299434        0.00001545        0.00299438       -0.00000000       -0.00000000        0.00000000
     4448.        0.00301616        0.00001586        0.00301620       -0.00000000       -0.00000000        0.00000000
     4449.        0.00303806        0.00001629        0.00303810       -0.00000000       -0.00000000        0.00000000
     4450.        0.00305999        0.00001672        0.00306004       -0.00000000       -0.00000000        0.00000000
     4451.        0.00308204        0.00001717        0.00308209       -0.00000000       -0.00000000        0.00000000
     4452.        0.00310411        0.00001763        0.00310416       -0.00000000       -0.00000000        0.00000000
     4453.        0.00312625        0.00001810        0.00312630       -0.00000000       -0.00000000        0.00000000
     4454.        0.00314846        0.00001859        0.00314852       -0.00000000       -0.00000000        0.00000000
     4455.        0.00317074        0.00001908        0.00317080       -0.00000000       -0.00000000        0.00000000
     4456.        0.00319307        0.00001959        0.00319313       -0.00000000       -0.00000000        0.00000000
     4457.        0.00321546        0.00002012        0.00321553       -0.00000000       -0.00000000        0.00000000
     4458.        0.00323794        0.00002065        0.00323800       -0.00000000       -0.00000000        0.00000000
     4459.        0.00326044        0.00002120        0.00326051       -0.00000000       -0.00000000        0.00000000
     4460.        0.00328303        0.00002177        0.00328310       -0.00000000       -0.00000000        0.00000000
     4461.        0.00330568        0.00002235        0.00330575       -0.00000000       -0.00000000        0.00000000
     4462.        0.00332841        0.00002294        0.00332849       -0.00000000       -0.00000000        0.00000000
     4463.        0.00335117        0.00002355        0.00335125       -0.00000000       -0.00000000        0.00000000
     4464.        0.00337402        0.00002417        0.00337410       -0.00000000       -0.00000000        0.00000000
     4465.        0.00339692        0.00002480        0.00339701       -0.00000000       -0.00000000        0.00000000
     4466.        0.00341991        0.00002545        0.00342000       -0.00000000       -0.00000000        0.00000000
     4467.        0.00344292        0.00002612        0.00344302       -0.00000000       -0.00000000        0.00000000
     4468.        0.00346603        0.00002680        0.00346613       -0.00000000       -0.00000000        0.00000000
     4469.        0.00348919        0.00002750        0.00348929       -0.00000000       -0.00000000        0.00000000
     4470.        0.00351243        0.00002821        0.00351254       -0.00000000       -0.00000000        0.00000000
     4471.        0.00353571        0.00002894        0.00353582       -0.00000000       -0.00000000        0.00000000
     4472.        0.00355906        0.00002969        0.00355919       -0.00000000       -0.00000000        0.00000000
     4473.        0.00358251        0.00003045        0.00358264       -0.00000000       -0.00000000        0.00000000
     4474.        0.00360601        0.00003124        0.00360615       -0.00000000       -0.00000000        0.00000000
     4475.        0.00362957        0.00003204        0.00362971       -0.00000000       -0.00000000        0.00000000
     4476.        0.00365319        0.00003287        0.00365333       -0.00000000       -0.00000000        0.00000000
     4477.        0.00367689        0.00003371        0.00367704       -0.00000000       -0.00000000        0.00000000
     4478.        0.00370065        0.00003458        0.00370081       -0.00000000       -0.00000000        0.00000000
     4479.        0.00372446        0.00003546        0.00372463       -0.00000000       -0.00000000        0.00000000
     4480.        0.00374833        0.00003636        0.00374851       -0.00000000       -0.00000000        0.00000000
     4481.        0.00377229        0.00003728        0.00377248       -0.00000000       -0.00000000        0.00000000
     4482.        0.00379634        0.00003823        0.00379653       -0.00000000       -0.00000000        0.00000000
     4483.        0.00382044        0.00003919        0.00382064       -0.00000000       -0.00000000        0.00000000
     4484.        0.00384462        0.00004019        0.00384483       -0.00000000       -0.00000000        0.00000000
     4485.        0.00386884        0.00004122        0.00386906       -0.00000000       -0.00000000        0.00000000
     4486.        0.00389317        0.00004227        0.00389340       -0.00000000       -0.00000000        0.00000000
     4487.        0.00391753        0.00004335        0.00391777       -0.00000000       -0.00000000        0.00000000
     4488.        0.00394197        0.00004446        0.00394222       -0.00000000       -0.00000000        0.00000000
     4489.        0.00396647        0.00004560        0.00396674       -0.00000000       -0.00000000        0.00000000
     4490.        0.00399103        0.00004675        0.00399131       -0.00000000       -0.00000000        0.00000000
     4491.        0.00401568        0.00004794        0.00401596       -0.00000000       -0.00000000        0.00000000
     4492.        0.00404038        0.00004914        0.00404068       -0.00000000       -0.00000000        0.00000000
     4493.        0.00406517        0.00005037        0.00406548       -0.00000000       -0.00000000        0.00000000
     4494.        0.00409002        0.00005163        0.00409034       -0.00000000       -0.00000000        0.00000000
     4495.        0.00411495        0.00005292        0.00411529       -0.00000000       -0.00000000        0.00000000
     4496.        0.00413994        0.00005425        0.00414029       -0.00000000       -0.00000000        0.00000000
     4497.        0.00416504        0.00005562        0.00416542       -0.00000000       -0.00000000        0.00000000
     4498.        0.00419018        0.00005703        0.00419057       -0.00000000       -0.00000000        0.00000000
     4499.        0.00421540        0.00005848        0.00421580       -0.00000000       -0.00000000        0.00000000
     4500.        0.00424071        0.00005997        0.00424113       -0.00000000       -0.00000000        0.00000000
     4501.        0.00426607        0.00006151        0.00426651       -0.00000000       -0.00000000        0.00000000
     4502.        0.00429149        0.00006309        0.00429196       -0.00000000       -0.00000000        0.00000000
     4503.        0.00431697        0.00006471        0.00431746       -0.00000000       -0.00000000        0.00000000
     4504.        0.00434251        0.00006637        0.00434302       -0.00000000       -0.00000000        0.00000000
     4505.        0.00436810        0.00006807        0.00436863       -0.00000000       -0.00000000        0.00000000
     4506.        0.00439378        0.00006981        0.00439434       -0.00000000       -0.00000000        0.00000000
     4507.        0.00441952        0.00007158        0.00442010       -0.00000000       -0.00000000        0.00000000
     4508.        0.00444532        0.00007339        0.00444592       -0.00000000       -0.00000000        0.00000000
     4509.        0.00447117        0.00007524        0.00447180       -0.00000000       -0.00000000        0.00000000
     4510.        0.00449711        0.00007712        0.00449777       -0.00000000       -0.00000000        0.00000000
     4511.        0.00452310        0.00007904        0.00452379       -0.00000000       -0.00000000        0.00000000
     4512.        0.00454919        0.00008101        0.00454991       -0.00000000       -0.00000000        0.00000000
     4513.        0.00457536        0.00008302        0.00457611       -0.00000000       -0.00000000        0.00000000
     4514.        0.00460159        0.00008508        0.00460237       -0.00000000       -0.00000000        0.00000000
     4515.        0.00462790        0.00008720        0.00462872       -0.00000000       -0.00000000        0.00000000
     4516.        0.00465428        0.00008937        0.00465514       -0.00000000       -0.00000000        0.00000000
     4517.        0.00468071        0.00009160        0.00468160       -0.00000000       -0.00000000        0.00000000
     4518.        0.00470723        0.00009388        0.00470816       -0.00000000       -0.00000000        0.00000000
     4519.        0.00473380        0.00009623        0.00473478       -0.00000000       -0.00000000        0.00000000
     4520.        0.00476047        0.00009864        0.00476149       -0.00000000       -0.00000000        0.00000000
     4521.        0.00478716        0.00010112        0.00478823       -0.00000000       -0.00000000        0.00000000
     4522.        0.00481391        0.00010366        0.00481502       -0.00000000       -0.00000000        0.00000000
     4523.        0.00484074        0.00010626        0.00484191       -0.00000000       -0.00000000        0.00000000
     4524.        0.00486761        0.00010892        0.00486882       -0.00000000       -0.00000000        0.00000000
     4525.        0.00489452        0.00011165        0.00489580       -0.00000000       -0.00000000        0.00000000
     4526.        0.00492147        0.00011443        0.00492280       -0.00000000       -0.00000000        0.00000000
     4527.        0.00494850        0.00011726        0.00494989       -0.00000000       -0.00000000        0.00000000
     4528.        0.00497556        0.00012016        0.00497701       -0.00000000       -0.00000000        0.00000000
     4529.        0.00500267        0.00012310        0.00500419       -0.00000000       -0.00000000        0.00000000
     4530.        0.00502981        0.00012610        0.00503139       -0.00000000       -0.00000000        0.00000000
     4531.        0.00505704        0.00012914        0.00505869       -0.00000000       -0.00000000        0.00000000
     4532.        0.00508429        0.00013224        0.00508601       -0.00000000       -0.00000000        0.00000000
     4533.        0.00511160        0.00013538        0.00511339       -0.00000000       -0.00000000        0.00000000
     4534.        0.00513900        0.00013857        0.00514087       -0.00000000       -0.00000000        0.00000000
     4535.        0.00516642        0.00014182        0.00516837       -0.00000000       -0.00000000        0.00000000
     4536.        0.00519390        0.00014511        0.00519592       -0.00000000       -0.00000000        0.00000000
     4537.        0.00522146        0.00014846        0.00522357       -0.00000000       -0.00000000        0.00000000
     4538.        0.00524906        0.00015186        0.00525125       -0.00000000       -0.00000000        0.00000000
     4539.        0.00527673        0.00015532        0.00527902       -0.00000000       -0.00000000        0.00000000
     4540.        0.00530450        0.00015884        0.00530688       -0.00000000       -0.00000000        0.00000000
     4541.        0.00533230        0.00016242        0.00533477       -0.00000000       -0.00000000        0.00000000
     4542.        0.00536014        0.00016606        0.00536272       -0.00000000       -0.00000000        0.00000000
     4543.        0.00538808        0.00016977        0.00539076       -0.00000000       -0.00000000        0.00000000
     4544.        0.00541608        0.00017355        0.00541886       -0.00000000       -0.00000000        0.00000000
     4545.        0.00544413        0.00017740        0.00544702       -0.00000000       -0.00000000        0.00000000
     4546.        0.00547223        0.00018132        0.00547524       -0.00000000       -0.00000000        0.00000000
     4547.        0.00550040        0.00018531        0.00550352       -0.00000000       -0.00000000        0.00000000
     4548.        0.00552862        0.00018938        0.00553186       -0.00000000       -0.00000000        0.00000000
     4549.        0.00555689        0.00019353        0.00556026       -0.00000000       -0.00000000        0.00000000
     4550.        0.00558522        0.00019775        0.00558872       -0.00000000       -0.00000000        0.00000000
     4551.        0.00561358        0.00020205        0.00561721       -0.00000000       -0.00000000        0.00000000
     4552.        0.00564202        0.00020643        0.00564580       -0.00000000       -0.00000000        0.00000000
     4553.        0.00567046        0.00021088        0.00567438       -0.00000000       -0.00000000        0.00000000
     4554.        0.00569898        0.00021541        0.00570305       -0.00000000       -0.00000000        0.00000000
     4555.        0.00572749        0.00022001        0.00573172       -0.00000000       -0.00000000        0.00000000
     4556.        0.00575610        0.00022468        0.00576048       -0.00000000       -0.00000000        0.00000000
     4557.        0.00578472        0.00022943        0.00578927       -0.00000000       -0.00000000        0.00000000
     4558.        0.00581337        0.00023424        0.00581809       -0.00000000       -0.00000000        0.00000000
     4559.        0.00584207        0.00023913        0.00584697       -0.00000000       -0.00000000        0.00000000
     4560.        0.00587080        0.00024408        0.00587587       -0.00000000       -0.00000000        0.00000000
     4561.        0.00589955        0.00024909        0.00590480       -0.00000000       -0.00000000        0.00000000
     4562.        0.00592835        0.00025417        0.00593380       -0.00000000       -0.00000000        0.00000000
     4563.        0.00595721        0.00025932        0.00596285       -0.00000000       -0.00000000        0.00000000
     4564.        0.00598609        0.00026452        0.00599193       -0.00000000       -0.00000000        0.00000000
     4565.        0.00601503        0.00026978        0.00602107       -0.00000000       -0.00000000        0.00000000
     4566.        0.00604398        0.00027511        0.00605024       -0.00000000       -0.00000000        0.00000000
     4567.        0.00607299        0.00028049        0.00607947       -0.00000000       -0.00000000        0.00000000
     4568.        0.00610206        0.00028593        0.00610876       -0.00000000       -0.00000000        0.00000000
     4569.        0.00613115        0.00029144        0.00613807       -0.00000000       -0.00000000        0.00000000
     4570.        0.00616033        0.00029700        0.00616748       -0.00000000       -0.00000000        0.00000000
     4571.        0.00618956        0.00030263        0.00619695       -0.00000000       -0.00000000        0.00000000
     4572.        0.00621881        0.00030832        0.00622645       -0.00000000       -0.00000000        0.00000000
     4573.        0.00624816        0.00031408        0.00625604       -0.00000000       -0.00000000        0.00000000
     4574.        0.00627752        0.00031990        0.00628566       -0.00000000       -0.00000000        0.00000000
     4575.        0.00630697        0.00032580        0.00631538       -0.00000000       -0.00000000        0.00000000
     4576.        0.00633648        0.00033177        0.00634516       -0.00000000       -0.00000000        0.00000000
     4577.        0.00636604        0.00033781        0.00637500       -0.00000000       -0.00000000        0.00000000
     4578.        0.00639566        0.00034393        0.00640490       -0.00000000       -0.00000000        0.00000000
     4579.        0.00642536        0.00035013        0.00643489       -0.00000000       -0.00000000        0.00000000
     4580.        0.00645509        0.00035641        0.00646492       -0.00000000       -0.00000000        0.00000000
     4581.        0.00648490        0.00036278        0.00649504       -0.00000000       -0.00000000        0.00000000
     4582.        0.00651477        0.00036924        0.00652523       -0.00000000       -0.00000000        0.00000000
     4583.        0.00654470        0.00037579        0.00655548       -0.00000000       -0.00000000        0.00000000
     4584.        0.00657468        0.00038243        0.00658579       -0.00000000       -0.00000000        0.00000000
     4585.        0.00660475        0.00038917        0.00661621       -0.00000000       -0.00000000        0.00000000
     4586.        0.00663484        0.00039601        0.00664665       -0.00000000       -0.00000000        0.00000000
     4587.        0.00666498        0.00040295        0.00667715       -0.00000000       -0.00000000        0.00000000
     4588.        0.00669518        0.00040999        0.00670773       -0.00000000       -0.00000000        0.00000000
     4589.        0.00672544        0.00041714        0.00673836       -0.00000000       -0.00000000        0.00000000
     4590.        0.00675571        0.00042439        0.00676903       -0.00000000       -0.00000000        0.00000000
     4591.        0.00678604        0.00043175        0.00679976       -0.00000000       -0.00000000        0.00000000
     4592.        0.00681642        0.00043922        0.00683056       -0.00000000       -0.00000000        0.00000000
     4593.        0.00684686        0.00044680        0.00686143       -0.00000000       -0.00000000        0.00000000
     4594.        0.00687729        0.00045448        0.00689229       -0.00000000       -0.00000000        0.00000000
     4595.        0.00690780        0.00046228        0.00692325       -0.00000000       -0.00000000        0.00000000
     4596.        0.00693829        0.00047019        0.00695421       -0.00000000       -0.00000000        0.00000000
     4597.        0.00696884        0.00047821        0.00698523       -0.00000000       -0.00000000        0.00000000
     4598.        0.00699941        0.00048633        0.00701629       -0.00000000       -0.00000000        0.00000000
     4599.        0.00703000        0.00049457        0.00704738       -0.00000000       -0.00000000        0.00000000
     4600.        0.00706061        0.00050291        0.00707850       -0.00000000       -0.00000000        0.00000000
     4601.        0.00709123        0.00051137        0.00710965       -0.00000000       -0.00000000        0.00000000
     4602.        0.00712188        0.00051992        0.00714083       -0.00000000       -0.00000000        0.00000000
     4603.        0.00715254        0.00052858        0.00717204       -0.00000000       -0.00000000        0.00000000
     4604.        0.00718322        0.00053735        0.00720329       -0.00000000       -0.00000000        0.00000000
     4605.        0.00721392        0.00054622        0.00723457       -0.00000000       -0.00000000        0.00000000
     4606.        0.00724463        0.00055519        0.00726588       -0.00000000       -0.00000000        0.00000000
     4607.        0.00727533        0.00056425        0.00729718       -0.00000000       -0.00000000        0.00000000
     4608.        0.00730608        0.00057342        0.00732855       -0.00000000       -0.00000000        0.00000000
     4609.        0.00733681        0.00058268        0.00735991       -0.00000000       -0.00000000        0.00000000
     4610.        0.00736756        0.00059204        0.00739131       -0.00000000       -0.00000000        0.00000000
     4611.        0.00739829        0.00060149        0.00742270       -0.00000000       -0.00000000        0.00000000
     4612.        0.00742907        0.00061103        0.00745416       -0.00000000       -0.00000000        0.00000000
     4613.        0.00745984        0.00062067        0.00748561       -0.00000000       -0.00000000        0.00000000
     4614.        0.00749065        0.00063039        0.00751713       -0.00000000       -0.00000000        0.00000000
     4615.        0.00752145        0.00064021        0.00754864       -0.00000000       -0.00000000        0.00000000
     4616.        0.00755226        0.00065011        0.00758019       -0.00000000       -0.00000000        0.00000000
     4617.        0.00758308        0.00066010        0.00761176       -0.00000000       -0.00000000        0.00000000
     4618.        0.00761393        0.00067018        0.00764336       -0.00000000       -0.00000000        0.00000000
     4619.        0.00764478        0.00068034        0.00767500       -0.00000000       -0.00000000        0.00000000
     4620.        0.00767566        0.00069060        0.00770666       -0.00000000       -0.00000000        0.00000000
     4621.        0.00770654        0.00070094        0.00773836       -0.00000000       -0.00000000        0.00000000
     4622.        0.00773745        0.00071137        0.00777008       -0.00000000       -0.00000000        0.00000000
     4623.        0.00776837        0.00072189        0.00780183       -0.00000000       -0.00000000        0.00000000
     4624.        0.00779930        0.00073249        0.00783362       -0.00000000       -0.00000000        0.00000000
     4625.        0.00783028        0.00074319        0.00786547       -0.00000000       -0.00000000        0.00000000
     4626.        0.00786128        0.00075398        0.00789735       -0.00000000       -0.00000000        0.00000000
     4627.        0.00789229        0.00076486        0.00792927       -0.00000000       -0.00000000        0.00000000
     4628.        0.00792332        0.00077583        0.00796121       -0.00000000       -0.00000000        0.00000000
     4629.        0.00795436        0.00078689        0.00799318       -0.00000000       -0.00000000        0.00000000
     4630.        0.00798545        0.00079806        0.00802523       -0.00000000       -0.00000000        0.00000000
     4631.        0.00801655        0.00080931        0.00805730       -0.00000000       -0.00000000        0.00000000
     4632.        0.00804767        0.00082067        0.00808941       -0.00000000       -0.00000000        0.00000000
     4633.        0.00807880        0.00083212        0.00812154       -0.00000000       -0.00000000        0.00000000
     4634.        0.00810998        0.00084368        0.00815375       -0.00000000       -0.00000000        0.00000000
     4635.        0.00814114        0.00085533        0.00818595       -0.00000000       -0.00000000        0.00000000
     4636.        0.00817235        0.00086709        0.00821822       -0.00000000       -0.00000000        0.00000000
     4637.        0.00820360        0.00087896        0.00825056       -0.00000000       -0.00000000        0.00000000
     4638.        0.00823484        0.00089093        0.00828289       -0.00000000       -0.00000000        0.00000000
     4639.        0.00826612        0.00090300        0.00831530       -0.00000000       -0.00000000        0.00000000
     4640.        0.00829738        0.00091519        0.00834770       -0.00000000       -0.00000000        0.00000000
     4641.        0.00832869        0.00092748        0.00838017       -0.00000000       -0.00000000        0.00000000
     4642.        0.00836001        0.00093989        0.00841268       -0.00000000       -0.00000000        0.00000000
     4643.        0.00839134        0.00095240        0.00844522       -0.00000000       -0.00000000        0.00000000
     4644.        0.00842268        0.00096503        0.00847779       -0.00000000       -0.00000000        0.00000000
     4645.        0.00845404        0.00097778        0.00851040       -0.00000000       -0.00000000        0.00000000
     4646.        0.00848541        0.00099063        0.00854304       -0.00000000       -0.00000000        0.00000000
     4647.        0.00851679        0.00100360        0.00857571       -0.00000000       -0.00000000        0.00000000
     4648.        0.00854814        0.00101669        0.00860839       -0.00000000       -0.00000000        0.00000000
     4649.        0.00857954        0.00102989        0.00864113       -0.00000000       -0.00000000        0.00000000
     4650.        0.00861091        0.00104320        0.00867387       -0.00000000       -0.00000000        0.00000000
     4651.        0.00864230        0.00105663        0.00870665       -0.00000000       -0.00000000        0.00000000
     4652.        0.00867369        0.00107017        0.00873946       -0.00000000       -0.00000000        0.00000000
     4653.        0.00870510        0.00108383        0.00877231       -0.00000000       -0.00000000        0.00000000
     4654.        0.00873648        0.00109760        0.00880516       -0.00000000       -0.00000000        0.00000000
     4655.        0.00876787        0.00111148        0.00883804       -0.00000000       -0.00000000        0.00000000
     4656.        0.00879923        0.00112548        0.00887091       -0.00000000       -0.00000000        0.00000000
     4657.        0.00883060        0.00113960        0.00890383       -0.00000000       -0.00000000        0.00000000
     4658.        0.00886194        0.00115382        0.00893674       -0.00000000       -0.00000000        0.00000000
     4659.        0.00889329        0.00116815        0.00896968       -0.00000000       -0.00000000        0.00000000
     4660.        0.00892461        0.00118260        0.00900262       -0.00000000       -0.00000000        0.00000000
     4661.        0.00895594        0.00119715        0.00903560       -0.00000000       -0.00000000        0.00000000
     4662.        0.00898724        0.00121181        0.00906857       -0.00000000       -0.00000000        0.00000000
     4663.        0.00901851        0.00122658        0.00910154       -0.00000000       -0.00000000        0.00000000
     4664.        0.00904979        0.00124145        0.00913454       -0.00000000       -0.00000000        0.00000000
     4665.        0.00908108        0.00125643        0.00916758       -0.00000000       -0.00000000        0.00000000
     4666.        0.00911229        0.00127151        0.00920058       -0.00000000       -0.00000000        0.00000000
     4667.        0.00914352        0.00128669        0.00923361       -0.00000000       -0.00000000        0.00000000
     4668.        0.00917475        0.00130197        0.00926667       -0.00000000       -0.00000000        0.00000000
     4669.        0.00920591        0.00131735        0.00929969       -0.00000000       -0.00000000        0.00000000
     4670.        0.00923712        0.00133282        0.00933278       -0.00000000       -0.00000000        0.00000000
     4671.        0.00926826        0.00134839        0.00936583       -0.00000000       -0.00000000        0.00000000
     4672.        0.00929940        0.00136406        0.00939891       -0.00000000       -0.00000000        0.00000000
     4673.        0.00933051        0.00137982        0.00943199       -0.00000000       -0.00000000        0.00000000
     4674.        0.00936163        0.00139567        0.00946509       -0.00000000       -0.00000000        0.00000000
     4675.        0.00939271        0.00141161        0.00949819       -0.00000000       -0.00000000        0.00000000
     4676.        0.00942380        0.00142765        0.00953133       -0.00000000       -0.00000000        0.00000000
     4677.        0.00945486        0.00144377        0.00956445       -0.00000000       -0.00000000        0.00000000
     4678.        0.00948592        0.00145997        0.00959761       -0.00000000       -0.00000000        0.00000000
     4679.        0.00951695        0.00147627        0.00963077       -0.00000000       -0.00000000        0.00000000
     4680.        0.00954798        0.00149265        0.00966395       -0.00000000       -0.00000000        0.00000000
     4681.        0.00957902        0.00150912        0.00969716       -0.00000000       -0.00000000        0.00000000
     4682.        0.00961002        0.00152567        0.00973037       -0.00000000       -0.00000000        0.00000000
     4683.        0.00964103        0.00154231        0.00976361       -0.00000000       -0.00000000        0.00000000
     4684.        0.00967200        0.00155903        0.00979684       -0.00000000       -0.00000000        0.00000000
     4685.        0.00970301        0.00157584        0.00983014       -0.00000000       -0.00000000        0.00000000
     4686.        0.00973399        0.00159273        0.00986344       -0.00000000       -0.00000000        0.00000000
     4687.        0.00976498        0.00160970        0.00989676       -0.00000000       -0.00000000        0.00000000
     4688.        0.00979600        0.00162677        0.00993016       -0.00000000       -0.00000000        0.00000000
     4689.        0.00982699        0.00164391        0.00996355       -0.00000000       -0.00000000        0.00000000
     4690.        0.00985799        0.00166115        0.00999696       -0.00000000       -0.00000000        0.00000000
     4691.        0.00988898        0.00167846        0.01003041       -0.00000000       -0.00000000        0.00000000
     4692.        0.00991998        0.00169587        0.01006390       -0.00000000       -0.00000000        0.00000000
     4693.        0.00995102        0.00171337        0.01009745       -0.00000000       -0.00000000        0.00000000
     4694.        0.00998203        0.00173096        0.01013100       -0.00000000       -0.00000000        0.00000000
     4695.        0.01001308        0.00174863        0.01016462       -0.00000000       -0.00000000        0.00000000
     4696.        0.01004413        0.00176640        0.01019827       -0.00000000       -0.00000000        0.00000000
     4697.        0.01007518        0.00178427        0.01023195       -0.00000000       -0.00000000        0.00000000
     4698.        0.01010628        0.00180223        0.01026571       -0.00000000       -0.00000000        0.00000000
     4699.        0.01013737        0.00182028        0.01029950       -0.00000000       -0.00000000        0.00000000
     4700.        0.01016847        0.00183844        0.01033333       -0.00000000       -0.00000000        0.00000000
     4701.        0.01019957        0.00185670        0.01036719       -0.00000000       -0.00000000        0.00000000
     4702.        0.01023071        0.00187506        0.01040112       -0.00000000       -0.00000000        0.00000000
     4703.        0.01026190        0.00189353        0.01043513       -0.00000000       -0.00000000        0.00000000
     4704.        0.01029305        0.00191210        0.01046914       -0.00000000       -0.00000000        0.00000000
     4705.        0.01032423        0.00193078        0.01050322       -0.00000000       -0.00000000        0.00000000
     4706.        0.01035546        0.00194958        0.01053738       -0.00000000       -0.00000000        0.00000000
     4707.        0.01038669        0.00196848        0.01057158       -0.00000000       -0.00000000        0.00000000
     4708.        0.01041793        0.00198751        0.01060582       -0.00000000       -0.00000000        0.00000000
     4709.        0.01044920        0.00200665        0.01064013       -0.00000000       -0.00000000        0.00000000
     4710.        0.01048047        0.00202591        0.01067449       -0.00000000       -0.00000000        0.00000000
     4711.        0.01051179        0.00204530        0.01070892       -0.00000000       -0.00000000        0.00000000
     4712.        0.01054311        0.00206481        0.01074340       -0.00000000       -0.00000000        0.00000000
     4713.        0.01057443        0.00208445        0.01077791       -0.00000000       -0.00000000        0.00000000
     4714.        0.01060578        0.00210421        0.01081251       -0.00000000       -0.00000000        0.00000000
     4715.        0.01063714        0.00212412        0.01084715       -0.00000000       -0.00000000        0.00000000
     4716.        0.01066850        0.00214415        0.01088184       -0.00000000       -0.00000000        0.00000000
     4717.        0.01069986        0.00216432        0.01091656       -0.00000000       -0.00000000        0.00000000
     4718.        0.01073126        0.00218463        0.01095138       -0.00000000       -0.00000000        0.00000000
     4719.        0.01076266        0.00220508        0.01098623       -0.00000000       -0.00000000        0.00000000
     4720.        0.01079407        0.00222567        0.01102114       -0.00000000       -0.00000000        0.00000000
     4721.        0.01082547        0.00224641        0.01105609       -0.00000000       -0.00000000        0.00000000
     4722.        0.01085686        0.00226729        0.01109108       -0.00000000       -0.00000000        0.00000000
     4723.        0.01088826        0.00228832        0.01112613       -0.00000000       -0.00000000        0.00000000
     4724.        0.01091966        0.00230949        0.01116122       -0.00000000       -0.00000000        0.00000000
     4725.        0.01095110        0.00233082        0.01119640       -0.00000000       -0.00000000        0.00000000
     4726.        0.01098246        0.00235230        0.01123155       -0.00000000       -0.00000000        0.00000000
     4727.        0.01101385        0.00237394        0.01126679       -0.00000000       -0.00000000        0.00000000
     4728.        0.01104524        0.00239573        0.01130208       -0.00000000       -0.00000000        0.00000000
     4729.        0.01107660        0.00241767        0.01133738       -0.00000000       -0.00000000        0.00000000
     4730.        0.01110794        0.00243977        0.01137273       -0.00000000       -0.00000000        0.00000000
     4731.        0.01113925        0.00246203        0.01140809       -0.00000000       -0.00000000        0.00000000
     4732.        0.01117055        0.00248445        0.01144350       -0.00000000       -0.00000000        0.00000000
     4733.        0.01120181        0.00250702        0.01147893       -0.00000000       -0.00000000        0.00000000
     4734.        0.01123307        0.00252975        0.01151440       -0.00000000       -0.00000000        0.00000000
     4735.        0.01126428        0.00255265        0.01154989       -0.00000000       -0.00000000        0.00000000
     4736.        0.01129545        0.00257570        0.01158540       -0.00000000       -0.00000000        0.00000000
     4737.        0.01132661        0.00259891        0.01162095       -0.00000000       -0.00000000        0.00000000
     4738.        0.01135773        0.00262229        0.01165652       -0.00000000       -0.00000000        0.00000000
     4739.        0.01138881        0.00264582        0.01169210       -0.00000000       -0.00000000        0.00000000
     4740.        0.01141984        0.00266951        0.01172770       -0.00000000       -0.00000000        0.00000000
     4741.        0.01145082        0.00269337        0.01176331       -0.00000000       -0.00000000        0.00000000
     4742.        0.01148171        0.00271738        0.01179889       -0.00000000       -0.00000000        0.00000000
     4743.        0.01151260        0.00274155        0.01183453       -0.00000000       -0.00000000        0.00000000
     4744.        0.01154344        0.00276587        0.01187018       -0.00000000       -0.00000000        0.00000000
     4745.        0.01157419        0.00279035        0.01190580       -0.00000000       -0.00000000        0.00000000
     4746.        0.01160490        0.00281499        0.01194143       -0.00000000       -0.00000000        0.00000000
     4747.        0.01163556        0.00283978        0.01197708       -0.00000000       -0.00000000        0.00000000
     4748.        0.01166612        0.00286473        0.01201270       -0.00000000       -0.00000000        0.00000000
     4749.        0.01169664        0.00288982        0.01204834       -0.00000000       -0.00000000        0.00000000
