     4151.       -0.00000713       -0.00092034        0.00092036        0.00000000       -0.00000000        0.00000000
     4152.       -0.00000332       -0.00042025        0.00042026        0.00000000       -0.00000000        0.00000000
     4153.       -0.00000064       -0.00007949        0.00007949        0.00000000       -0.00000000        0.00000000
     4154.        0.00007816       -0.00000063        0.00007816       -0.00000000        0.00000000        0.00000000
     4155.        0.00039944       -0.00000314        0.00039945       -0.00000000        0.00000000        0.00000000
     4156.        0.00084534       -0.00000652        0.00084537       -0.00000000        0.00000000        0.00000000
     4157.        0.00137807       -0.00000999        0.00137810       -0.00000001        0.00000000        0.00000001
     4158.        0.00197651       -0.00001301        0.00197656       -0.00000001        0.00000000        0.00000001
     4159.        0.00262813       -0.00001680        0.00262819       -0.00000001        0.00000000        0.00000001
     4160.        0.00332473       -0.00002007        0.00332479       -0.00000001        0.00000000        0.00000001
     4161.        0.00405823       -0.00002136        0.00405829       -0.00000001        0.00000000        0.00000001
     4162.        0.00482125       -0.00002077        0.00482129       -0.00000001        0.00000000        0.00000001
     4163.        0.00560850       -0.00002015        0.00560853       -0.00000001        0.00000000        0.00000001
     4164.        0.00641794       -0.00002052        0.00641798       -0.00000001        0.00000000        0.00000001
     4165.        0.00724793       -0.00002068        0.00724796       -0.00000001        0.00000000        0.00000001
     4166.        0.00809560       -0.00001893        0.00809562       -0.00000002        0.00000000        0.00000002
     4167.        0.00895749       -0.00001413        0.00895750       -0.00000002        0.00000000        0.00000002
     4168.        0.00983007       -0.00000601        0.00983007       -0.00000002        0.00000000        0.00000002
     4169.        0.01071020        0.00000459        0.01071020       -0.00000002       -0.00000000        0.00000002
     4170.        0.01159582        0.00001610        0.01159583       -0.00000002       -0.00000000        0.00000002
     4171.        0.01248634        0.00002702        0.01248637       -0.00000002       -0.00000000        0.00000002
     4172.        0.01338210        0.00003686        0.01338215       -0.00000002       -0.00000000        0.00000002
     4173.        0.01428346        0.00004619        0.01428354       -0.00000002       -0.00000000        0.00000002
     4174.        0.01519016        0.00005626        0.01519026       -0.00000002       -0.00000000        0.00000002
     4175.        0.01610129        0.00006835        0.01610144       -0.00000002       -0.00000000        0.00000002
     4176.        0.01701543        0.00008343        0.01701563       -0.00000002       -0.00000000        0.00000002
     4177.        0.01793095        0.00010206        0.01793124       -0.00000003       -0.00000000        0.00000003
     4178.        0.01884619        0.00012429        0.01884660       -0.00000003       -0.00000000        0.00000003
     4179.        0.01975955        0.00014967        0.01976012       -0.00000003       -0.00000000        0.00000003
     4180.        0.02066997        0.00017733        0.02067073       -0.00000003       -0.00000000        0.00000003
     4181.        0.02157666        0.00020616        0.02157765       -0.00000003       -0.00000000        0.00000003
     4182.        0.02247970        0.00023506        0.02248093       -0.00000003       -0.00000000        0.00000003
     4183.        0.02337942        0.00026320        0.02338090       -0.00000003       -0.00000000        0.00000003
     4184.        0.02427660        0.00029023        0.02427833       -0.00000003       -0.00000000        0.00000003
     4185.        0.02517215        0.00031624        0.02517414       -0.00000003       -0.00000000        0.00000003
     4186.        0.02606645        0.00034176        0.02606869       -0.00000003       -0.00000000        0.00000003
     4187.        0.02696009        0.00036752        0.02696260       -0.00000003       -0.00000000        0.00000003
     4188.        0.02785285        0.00039436        0.02785564       -0.00000003       -0.00000000        0.00000003
     4189.        0.02874456        0.00042306        0.02874768       -0.00000003       -0.00000000        0.00000003
     4190.        0.02963478        0.00045427        0.02963826       -0.00000003       -0.00000000        0.00000003
     4191.        0.03052269        0.00048843        0.03052659       -0.00000003       -0.00000000        0.00000003
     4192.        0.03140763        0.00052575        0.03141203       -0.00000003       -0.00000000        0.00000003
     4193.        0.03228879        0.00056623        0.03229376       -0.00000003       -0.00000000        0.00000003
     4194.        0.03316561        0.00060965        0.03317121       -0.00000004       -0.00000000        0.00000004
     4195.        0.03403743        0.00065558        0.03404375       -0.00000004       -0.00000000        0.00000004
     4196.        0.03490391        0.00070346        0.03491100       -0.00000004       -0.00000000        0.00000004
     4197.        0.03576489        0.00075264        0.03577281       -0.00000004       -0.00000000        0.00000004
     4198.        0.03662025        0.00080244        0.03662904       -0.00000004       -0.00000000        0.00000004
     4199.        0.03747047        0.00085224        0.03748016       -0.00000004       -0.00000000        0.00000004
     4200.        0.03831580        0.00090152        0.03832641       -0.00000004       -0.00000000        0.00000004
     4201.        0.03915682        0.00094992        0.03916834       -0.00000004       -0.00000000        0.00000004
     4202.        0.03999435        0.00099729        0.04000678       -0.00000004       -0.00000000        0.00000004
     4203.        0.04082886        0.00104363        0.04084220       -0.00000004       -0.00000000        0.00000004
     4204.        0.04166106        0.00108914        0.04167530       -0.00000004       -0.00000000        0.00000004
     4205.        0.04249149        0.00113412        0.04250662       -0.00000004       -0.00000000        0.00000004
     4206.        0.04332039        0.00117903        0.04333644       -0.00000004       -0.00000000        0.00000004
     4207.        0.04414815        0.00122433        0.04416512       -0.00000004       -0.00000000        0.00000004
     4208.        0.04497493        0.00127049        0.04499287       -0.00000004       -0.00000000        0.00000004
     4209.        0.04580070        0.00131799        0.04581966       -0.00000004       -0.00000000        0.00000004
     4210.        0.04662523        0.00136724        0.04664527       -0.00000004       -0.00000000        0.00000004
     4211.        0.04744858        0.00141859        0.04746979       -0.00000004       -0.00000000        0.00000004
     4212.        0.04827031        0.00147229        0.04829276       -0.00000004       -0.00000000        0.00000004
     4213.        0.04909025        0.00152854        0.04911405       -0.00000004       -0.00000000        0.00000004
     4214.        0.04990805        0.00158737        0.04993329       -0.00000004       -0.00000000        0.00000004
     4215.        0.05072345        0.00164879        0.05075024       -0.00000004       -0.00000000        0.00000004
     4216.        0.05153618        0.00171270        0.05156463       -0.00000004       -0.00000000        0.00000004
     4217.        0.05234598        0.00177888        0.05237620       -0.00000004       -0.00000000        0.00000004
     4218.        0.05315270        0.00184713        0.05318478       -0.00000004       -0.00000000        0.00000004
     4219.        0.05395620        0.00191709        0.05399024       -0.00000004       -0.00000000        0.00000004
     4220.        0.05475657        0.00198845        0.05479266       -0.00000004       -0.00000000        0.00000004
     4221.        0.05555380        0.00206084        0.05559201       -0.00000005       -0.00000000        0.00000005
     4222.        0.05634789        0.00213389        0.05638828       -0.00000005       -0.00000000        0.00000005
     4223.        0.05713932        0.00220726        0.05718194       -0.00000005       -0.00000000        0.00000005
     4224.        0.05792824        0.00228066        0.05797312       -0.00000005       -0.00000000        0.00000005
     4225.        0.05871504        0.00235382        0.05876220       -0.00000005       -0.00000000        0.00000005
     4226.        0.05950014        0.00242655        0.05954959       -0.00000005       -0.00000000        0.00000005
     4227.        0.06028396        0.00249870        0.06033572       -0.00000005       -0.00000000        0.00000005
     4228.        0.06106708        0.00257024        0.06112114       -0.00000005       -0.00000000        0.00000005
     4229.        0.06184970        0.00264117        0.06190607       -0.00000005       -0.00000000        0.00000005
     4230.        0.06263256        0.00271159        0.06269123       -0.00000005       -0.00000000        0.00000005
     4231.        0.06341601        0.00278162        0.06347699       -0.00000005       -0.00000000        0.00000005
     4232.        0.06420030        0.00285147        0.06426359       -0.00000005       -0.00000000        0.00000005
     4233.        0.06498592        0.00292139        0.06505155       -0.00000005       -0.00000000        0.00000005
     4234.        0.06577315        0.00299161        0.06584115       -0.00000005       -0.00000000        0.00000005
     4235.        0.06656224        0.00306246        0.06663265       -0.00000005       -0.00000000        0.00000005
     4236.        0.06735332        0.00313419        0.06742620       -0.00000005       -0.00000000        0.00000005
     4237.        0.06814667        0.00320712        0.06822209       -0.00000005       -0.00000000        0.00000005
     4238.        0.06894215        0.00328154        0.06902021       -0.00000005       -0.00000000        0.00000005
     4239.        0.06974019        0.00335771        0.06982097       -0.00000005       -0.00000000        0.00000005
     4240.        0.07054051        0.00343584        0.07062414       -0.00000005       -0.00000000        0.00000005
     4241.        0.07134311        0.00351618        0.07142971       -0.00000005       -0.00000000        0.00000005
     4242.        0.07214815        0.00359890        0.07223785       -0.00000005       -0.00000000        0.00000005
     4243.        0.07295547        0.00368415        0.07304843       -0.00000005       -0.00000000        0.00000005
     4244.        0.07376509        0.00377202        0.07386146       -0.00000005       -0.00000000        0.00000005
     4245.        0.07457700        0.00386258        0.07467696       -0.00000005       -0.00000000        0.00000005
     4246.        0.07539092        0.00395589        0.07549463       -0.00000005       -0.00000000        0.00000005
     4247.        0.07620699        0.00405193        0.07631463       -0.00000005       -0.00000000        0.00000005
     4248.        0.07702506        0.00415066        0.07713681       -0.00000005       -0.00000000        0.00000005
     4249.        0.07784527        0.00425203        0.07796131       -0.00000005       -0.00000000        0.00000005
     4250.        0.07866748        0.00435594        0.07878799       -0.00000005       -0.00000000        0.00000005
     4251.        0.07949198        0.00446228        0.07961713       -0.00000005       -0.00000000        0.00000005
     4252.        0.08031847        0.00457090        0.08044843       -0.00000005       -0.00000000        0.00000005
     4253.        0.08114740        0.00468164        0.08128234       -0.00000005       -0.00000000        0.00000005
     4254.        0.08197877        0.00479439        0.08211885       -0.00000005       -0.00000000        0.00000005
     4255.        0.08281289        0.00490893        0.08295825       -0.00000005       -0.00000000        0.00000005
     4256.        0.08364976        0.00502513        0.08380056       -0.00000005       -0.00000000        0.00000005
     4257.        0.08448985        0.00514282        0.08464623       -0.00000005       -0.00000000        0.00000006
     4258.        0.08533334        0.00526188        0.08549541       -0.00000006       -0.00000000        0.00000006
     4259.        0.08618069        0.00538216        0.08634859       -0.00000006       -0.00000000        0.00000006
     4260.        0.08703210        0.00550355        0.08720594       -0.00000006       -0.00000000        0.00000006
     4261.        0.08788822        0.00562598        0.08806810       -0.00000006       -0.00000000        0.00000006
     4262.        0.08874923        0.00574940        0.08893526       -0.00000006       -0.00000000        0.00000006
     4263.        0.08961565        0.00587375        0.08980793       -0.00000006       -0.00000000        0.00000006
     4264.        0.09048799        0.00599907        0.09068663       -0.00000006       -0.00000000        0.00000006
     4265.        0.09136679        0.00612539        0.09157189       -0.00000006       -0.00000000        0.00000006
     4266.        0.09225259        0.00625277        0.09246425       -0.00000006       -0.00000000        0.00000006
     4267.        0.09314576        0.00638130        0.09336409       -0.00000006       -0.00000000        0.00000006
     4268.        0.09404687        0.00651114        0.09427199       -0.00000006       -0.00000000        0.00000006
     4269.        0.09495630        0.00664242        0.09518834       -0.00000006       -0.00000000        0.00000006
     4270.        0.09587496        0.00677534        0.09611406       -0.00000006       -0.00000000        0.00000006
     4271.        0.09680293        0.00691013        0.09704925       -0.00000006       -0.00000000        0.00000006
     4272.        0.09774112        0.00704698        0.09799483       -0.00000006       -0.00000000        0.00000006
     4273.        0.09868964        0.00718618        0.09895093       -0.00000006       -0.00000000        0.00000006
     4274.        0.09964940        0.00732800        0.09991848       -0.00000006       -0.00000000        0.00000006
     4275.        0.10062052        0.00747271        0.10089762       -0.00000006       -0.00000000        0.00000006
     4276.        0.10160394        0.00762062        0.10188933       -0.00000006       -0.00000000        0.00000006
     4277.        0.10259979        0.00777203        0.10289374       -0.00000006       -0.00000000        0.00000006
     4278.        0.10360884        0.00792727        0.10391167       -0.00000006       -0.00000000        0.00000006
     4279.        0.10463141        0.00808664        0.10494344       -0.00000006       -0.00000000        0.00000006
     4280.        0.10566829        0.00825046        0.10598990       -0.00000006       -0.00000000        0.00000006
     4281.        0.10671979        0.00841908        0.10705137       -0.00000006       -0.00000000        0.00000006
     4282.        0.10778657        0.00859283        0.10812854       -0.00000006       -0.00000000        0.00000006
     4283.        0.10886911        0.00877201        0.10922194       -0.00000006       -0.00000001        0.00000006
     4284.        0.10996807        0.00895697        0.11033225       -0.00000006       -0.00000001        0.00000006
     4285.        0.11108431        0.00914804        0.11146036       -0.00000006       -0.00000001        0.00000006
     4286.        0.11221816        0.00934552        0.11260663       -0.00000006       -0.00000001        0.00000006
     4287.        0.11337047        0.00954975        0.11377197       -0.00000006       -0.00000001        0.00000006
     4288.        0.11454230        0.00976108        0.11495746       -0.00000006       -0.00000001        0.00000006
     4289.        0.11573401        0.00997979        0.11616349       -0.00000007       -0.00000001        0.00000007
     4290.        0.11694701        0.01020626        0.11739153       -0.00000007       -0.00000001        0.00000007
     4291.        0.11818204        0.01044077        0.11864233       -0.00000007       -0.00000001        0.00000007
     4292.        0.11944018        0.01068368        0.11991705       -0.00000007       -0.00000001        0.00000007
     4293.        0.12072310        0.01093532        0.12121736       -0.00000007       -0.00000001        0.00000007
     4294.        0.12203209        0.01119602        0.12254461       -0.00000007       -0.00000001        0.00000007
     4295.        0.12336921        0.01146609        0.12390091       -0.00000007       -0.00000001        0.00000007
     4296.        0.12473892        0.01174777        0.12529089       -0.00000007       -0.00000001        0.00000007
     4297.        0.12614113        0.01204637        0.12671504       -0.00000007       -0.00000001        0.00000007
     4298.        0.12756935        0.01235531        0.12816627       -0.00000007       -0.00000001        0.00000007
     4299.        0.12903929        0.01268602        0.12966137       -0.00000007       -0.00000001        0.00000007
     4300.        0.13052909        0.01303523        0.13117836       -0.00000007       -0.00000001        0.00000007
     4301.        0.13205826        0.01338609        0.13273497       -0.00000007       -0.00000001        0.00000007
     4302.        0.13363778        0.01375814        0.13434412       -0.00000007       -0.00000001        0.00000007
     4303.        0.13525744        0.01416006        0.13599663       -0.00000007       -0.00000001        0.00000007
     4304.        0.13690837        0.01458488        0.13768304       -0.00000007       -0.00000001        0.00000007
     4305.        0.13859779        0.01501956        0.13940924       -0.00000007       -0.00000001        0.00000007
     4306.        0.14034290        0.01546492        0.14119240       -0.00000007       -0.00000001        0.00000007
     4307.        0.14215313        0.01593224        0.14304317       -0.00000007       -0.00000001        0.00000008
     4308.        0.14402945        0.01643112        0.14496367       -0.00000008       -0.00000001        0.00000008
     4309.        0.14597074        0.01696676        0.14695349       -0.00000008       -0.00000001        0.00000008
     4310.        0.14797622        0.01753991        0.14901212       -0.00000008       -0.00000001        0.00000008
     4311.        0.15004935        0.01814775        0.15114281       -0.00000008       -0.00000001        0.00000008
     4312.        0.15219941        0.01878683        0.15335451       -0.00000008       -0.00000001        0.00000008
     4313.        0.15444242        0.01945751        0.15566328       -0.00000008       -0.00000001        0.00000008
     4314.        0.15679636        0.02016627        0.15808787       -0.00000008       -0.00000001        0.00000008
     4315.        0.15928059        0.02092404        0.16064906       -0.00000008       -0.00000001        0.00000008
     4316.        0.16191513        0.02174458        0.16336871       -0.00000008       -0.00000001        0.00000008
     4317.        0.16472438        0.02264482        0.16627360       -0.00000008       -0.00000001        0.00000008
     4318.        0.16774291        0.02364524        0.16940125       -0.00000008       -0.00000001        0.00000009
     4319.        0.17103011        0.02477767        0.17281560       -0.00000009       -0.00000001        0.00000009
     4320.        0.17473199        0.02613223        0.17667530       -0.00000009       -0.00000001        0.00000009
     4321.        0.17882710        0.02812890        0.18102587       -0.00000009       -0.00000001        0.00000009
     4322.        0.18239736        0.03081790        0.18498254       -0.00000009       -0.00000002        0.00000009
     4323.        0.18678830        0.03374671        0.18981230       -0.00000009       -0.00000002        0.00000009
     4324.        0.18997277        0.03803633        0.19374317       -0.00000009       -0.00000002        0.00000010
     4325.        0.19272301        0.04104412        0.19704511       -0.00000010       -0.00000002        0.00000010
     4326.        0.19680660        0.04468138        0.20181493       -0.00000010       -0.00000002        0.00000010
     4327.        0.20053646        0.05004946        0.20668773       -0.00000010       -0.00000002        0.00000010
     4328.        0.20255511        0.05607026        0.21017242       -0.00000010       -0.00000003        0.00000010
     4329.        0.20344658        0.06103105        0.21240362       -0.00000010       -0.00000003        0.00000010
     4330.        0.20494930        0.06507369        0.21503209       -0.00000010       -0.00000003        0.00000010
     4331.        0.20739009        0.06963020        0.21876704       -0.00000010       -0.00000003        0.00000011
     4332.        0.20989101        0.07548536        0.22305219       -0.00000010       -0.00000004        0.00000011
     4333.        0.21144477        0.08251995        0.22697672       -0.00000010       -0.00000004        0.00000011
     4334.        0.21142304        0.08998034        0.22977416       -0.00000010       -0.00000004        0.00000011
     4335.        0.20989053        0.09686853        0.23116563       -0.00000010       -0.00000005        0.00000011
     4336.        0.20761210        0.10255467        0.23156046       -0.00000010       -0.00000005        0.00000011
     4337.        0.20549218        0.10716727        0.23175819       -0.00000010       -0.00000005        0.00000011
     4338.        0.20398166        0.11135479        0.23239709       -0.00000010       -0.00000005        0.00000011
     4339.        0.20296702        0.11576963        0.23366262       -0.00000010       -0.00000005        0.00000011
     4340.        0.20201049        0.12076369        0.23535528       -0.00000010       -0.00000006        0.00000011
     4341.        0.20061445        0.12634483        0.23708474       -0.00000009       -0.00000006        0.00000011
     4342.        0.19839186        0.13225371        0.23843316       -0.00000009       -0.00000006        0.00000011
     4343.        0.19516363        0.13807218        0.23906646       -0.00000009       -0.00000006        0.00000011
     4344.        0.19099738        0.14335293        0.23880968       -0.00000009       -0.00000007        0.00000011
     4345.        0.18618225        0.14775342        0.23768657       -0.00000009       -0.00000007        0.00000011
     4346.        0.18112848        0.15113447        0.23590073       -0.00000008       -0.00000007        0.00000011
     4347.        0.17623539        0.15358009        0.23376432       -0.00000008       -0.00000007        0.00000011
     4348.        0.17177840        0.15533793        0.23159813       -0.00000008       -0.00000007        0.00000011
     4349.        0.16786357        0.15671812        0.22964918       -0.00000008       -0.00000007        0.00000011
     4350.        0.16444529        0.15800067        0.22804926       -0.00000008       -0.00000007        0.00000010
     4351.        0.16137753        0.15938028        0.22681442       -0.00000007       -0.00000007        0.00000010
     4352.        0.15847351        0.16095067        0.22587380       -0.00000007       -0.00000007        0.00000010
     4353.        0.15555066        0.16271165        0.22510240       -0.00000007       -0.00000007        0.00000010
     4354.        0.15246426        0.16459224        0.22435677       -0.00000007       -0.00000007        0.00000010
     4355.        0.14912298        0.16647604        0.22349930       -0.00000007       -0.00000008        0.00000010
     4356.        0.14549767        0.16822825        0.22241924       -0.00000007       -0.00000008        0.00000010
     4357.        0.14161687        0.16972015        0.22104359       -0.00000006       -0.00000008        0.00000010
     4358.        0.13755695        0.17084945        0.21934323       -0.00000006       -0.00000008        0.00000010
     4359.        0.13342619        0.17155482        0.21733293       -0.00000006       -0.00000008        0.00000010
     4360.        0.12934415        0.17182088        0.21506353       -0.00000006       -0.00000008        0.00000010
     4361.        0.12542362        0.17167662        0.21261219       -0.00000006       -0.00000008        0.00000009
     4362.        0.12175538        0.17118632        0.21006934       -0.00000005       -0.00000008        0.00000009
     4363.        0.11839978        0.17043624        0.20752595       -0.00000005       -0.00000008        0.00000009
     4364.        0.11538289        0.16952038        0.20506187       -0.00000005       -0.00000007        0.00000009
     4365.        0.11270106        0.16852994        0.20274089       -0.00000005       -0.00000007        0.00000009
     4366.        0.11032504        0.16754226        0.20060415       -0.00000005       -0.00000007        0.00000009
     4367.        0.10820927        0.16661728        0.19867201       -0.00000005       -0.00000007        0.00000009
     4368.        0.10629804        0.16579543        0.19694516       -0.00000005       -0.00000007        0.00000009
     4369.        0.10453389        0.16509709        0.19540825       -0.00000005       -0.00000007        0.00000009
     4370.        0.10286148        0.16452586        0.19403413       -0.00000004       -0.00000007        0.00000008
     4371.        0.10123228        0.16407172        0.19278875       -0.00000004       -0.00000007        0.00000008
     4372.        0.09960625        0.16371320        0.19163355       -0.00000004       -0.00000007        0.00000008
     4373.        0.09795476        0.16342213        0.19053065       -0.00000004       -0.00000007        0.00000008
     4374.        0.09625936        0.16316674        0.18944458       -0.00000004       -0.00000007        0.00000008
     4375.        0.09451234        0.16291426        0.18834447       -0.00000004       -0.00000007        0.00000008
     4376.        0.09271600        0.16263392        0.18720589       -0.00000004       -0.00000007        0.00000008
     4377.        0.09088012        0.16229905        0.18601123       -0.00000004       -0.00000007        0.00000008
     4378.        0.08902097        0.16188840        0.18475006       -0.00000004       -0.00000007        0.00000008
     4379.        0.08715895        0.16138730        0.18341903       -0.00000004       -0.00000007        0.00000008
     4380.        0.08531729        0.16078804        0.18202152       -0.00000004       -0.00000007        0.00000008
     4381.        0.08351826        0.16009017        0.18056622       -0.00000004       -0.00000007        0.00000008
     4382.        0.08178410        0.15929847        0.17906602       -0.00000003       -0.00000007        0.00000008
     4383.        0.08013276        0.15842395        0.17753706       -0.00000003       -0.00000007        0.00000007
     4384.        0.07857949        0.15748085        0.17599703       -0.00000003       -0.00000007        0.00000007
     4385.        0.07713420        0.15648618        0.17446377       -0.00000003       -0.00000007        0.00000007
     4386.        0.07580279        0.15545855        0.17295498       -0.00000003       -0.00000006        0.00000007
     4387.        0.07458642        0.15441653        0.17148644       -0.00000003       -0.00000006        0.00000007
     4388.        0.07348263        0.15337766        0.17007176       -0.00000003       -0.00000006        0.00000007
     4389.        0.07248484        0.15235797        0.16872167       -0.00000003       -0.00000006        0.00000007
     4390.        0.07158418        0.15137121        0.16744413       -0.00000003       -0.00000006        0.00000007
     4391.        0.07076953        0.15042837        0.16624386       -0.00000003       -0.00000006        0.00000007
     4392.        0.07002893        0.14953784        0.16512304       -0.00000003       -0.00000006        0.00000007
     4393.        0.06934907        0.14870495        0.16408063       -0.00000003       -0.00000006        0.00000007
     4394.        0.06871722        0.14793284        0.16311402       -0.00000003       -0.00000006        0.00000007
     4395.        0.06812030        0.14722178        0.16221784       -0.00000003       -0.00000006        0.00000007
     4396.        0.06754707        0.14657003        0.16138581       -0.00000003       -0.00000006        0.00000007
     4397.        0.06698665        0.14597389        0.16061005       -0.00000003       -0.00000006        0.00000007
     4398.        0.06642956        0.14542837        0.15988214       -0.00000003       -0.00000006        0.00000006
     4399.        0.06586843        0.14492720        0.15919342       -0.00000003       -0.00000006        0.00000006
     4400.        0.06529683        0.14446330        0.15853492       -0.00000003       -0.00000006        0.00000006
     4401.        0.06471050        0.14402903        0.15789810       -0.00000003       -0.00000006        0.00000006
     4402.        0.06410663        0.14361666        0.15727493       -0.00000003       -0.00000006        0.00000006
     4403.        0.06348363        0.14321865        0.15665808       -0.00000003       -0.00000006        0.00000006
     4404.        0.06284141        0.14282764        0.15604095       -0.00000003       -0.00000006        0.00000006
     4405.        0.06218162        0.14243669        0.15541803       -0.00000002       -0.00000006        0.00000006
     4406.        0.06150644        0.14204006        0.15478508       -0.00000002       -0.00000006        0.00000006
     4407.        0.06081906        0.14163245        0.15413861       -0.00000002       -0.00000006        0.00000006
     4408.        0.06012373        0.14120980        0.15347661       -0.00000002       -0.00000006        0.00000006
     4409.        0.05942447        0.14076874        0.15279760       -0.00000002       -0.00000006        0.00000006
     4410.        0.05872611        0.14030690        0.15210123       -0.00000002       -0.00000006        0.00000006
     4411.        0.05803377        0.13982342        0.15138860       -0.00000002       -0.00000006        0.00000006
     4412.        0.05735159        0.13931818        0.15066108       -0.00000002       -0.00000005        0.00000006
     4413.        0.05668478        0.13879133        0.14992064       -0.00000002       -0.00000005        0.00000006
     4414.        0.05603706        0.13824481        0.14917031       -0.00000002       -0.00000005        0.00000006
     4415.        0.05541191        0.13768058        0.14841301       -0.00000002       -0.00000005        0.00000006
     4416.        0.05481286        0.13710136        0.14765241       -0.00000002       -0.00000005        0.00000006
     4417.        0.05424190        0.13651021        0.14689186       -0.00000002       -0.00000005        0.00000006
     4418.        0.05370131        0.13591041        0.14613511       -0.00000002       -0.00000005        0.00000006
     4419.        0.05319184        0.13530559        0.14538561       -0.00000002       -0.00000005        0.00000006
     4420.        0.05271424        0.13469936        0.14464684       -0.00000002       -0.00000005        0.00000006
     4421.        0.05226846        0.13409539        0.14392208       -0.00000002       -0.00000005        0.00000006
     4422.        0.05185397        0.13349685        0.14321398       -0.00000002       -0.00000005        0.00000006
     4423.        0.05146942        0.13290721        0.14252519       -0.00000002       -0.00000005        0.00000005
     4424.        0.05111346        0.13232943        0.14185790       -0.00000002       -0.00000005        0.00000005
     4425.        0.05078393        0.13176572        0.14121336       -0.00000002       -0.00000005        0.00000005
     4426.        0.05047865        0.13121856        0.14059305       -0.00000002       -0.00000005        0.00000005
     4427.        0.05019517        0.13068993        0.13999791       -0.00000002       -0.00000005        0.00000005
     4428.        0.04993101        0.13018078        0.13942791       -0.00000002       -0.00000005        0.00000005
     4429.        0.04968313        0.12969258        0.13888333       -0.00000002       -0.00000005        0.00000005
     4430.        0.04944900        0.12922575        0.13836365       -0.00000002       -0.00000005        0.00000005
     4431.        0.04922580        0.12878073        0.13786826       -0.00000002       -0.00000005        0.00000005
     4432.        0.04901097        0.12835715        0.13739590       -0.00000002       -0.00000005        0.00000005
     4433.        0.04880162        0.12795490        0.13694544       -0.00000002       -0.00000005        0.00000005
     4434.        0.04859568        0.12757281        0.13651506       -0.00000002       -0.00000005        0.00000005
     4435.        0.04839077        0.12721023        0.13610330       -0.00000002       -0.00000005        0.00000005
     4436.        0.04818476        0.12686595        0.13570829       -0.00000002       -0.00000005        0.00000005
     4437.        0.04797604        0.12653825        0.13532786       -0.00000002       -0.00000005        0.00000005
     4438.        0.04776327        0.12622563        0.13496014       -0.00000002       -0.00000005        0.00000005
     4439.        0.04754453        0.12592658        0.13460306       -0.00000002       -0.00000005        0.00000005
     4440.        0.04731927        0.12563904        0.13425455       -0.00000002       -0.00000005        0.00000005
     4441.        0.04708638        0.12536149        0.13391278       -0.00000002       -0.00000005        0.00000005
     4442.        0.04684554        0.12509184        0.13357572       -0.00000002       -0.00000005        0.00000005
     4443.        0.04659618        0.12482797        0.13324123       -0.00000002       -0.00000005        0.00000005
     4444.        0.04633852        0.12456858        0.13290820       -0.00000002       -0.00000005        0.00000005
     4445.        0.04607254        0.12431180        0.13257490       -0.00000002       -0.00000005        0.00000005
     4446.        0.04579873        0.12405576        0.13223976       -0.00000002       -0.00000005        0.00000005
     4447.        0.04551761        0.12379910        0.13190174       -0.00000002       -0.00000005        0.00000005
     4448.        0.04522971        0.12354019        0.13155951       -0.00000002       -0.00000004        0.00000005
     4449.        0.04493608        0.12327794        0.13121243       -0.00000002       -0.00000004        0.00000005
     4450.        0.04463726        0.12301123        0.13085965       -0.00000002       -0.00000004        0.00000005
     4451.        0.04433490        0.12273896        0.13050071       -0.00000002       -0.00000004        0.00000005
     4452.        0.04402980        0.12246029        0.13013510       -0.00000002       -0.00000004        0.00000005
     4453.        0.04372336        0.12217490        0.12976301       -0.00000002       -0.00000004        0.00000005
     4454.        0.04341641        0.12188195        0.12938390       -0.00000002       -0.00000004        0.00000005
     4455.        0.04311063        0.12158114        0.12899806       -0.00000002       -0.00000004        0.00000005
     4456.        0.04280715        0.12127270        0.12860607       -0.00000002       -0.00000004        0.00000005
     4457.        0.04250685        0.12095635        0.12820792       -0.00000002       -0.00000004        0.00000005
     4458.        0.04221143        0.12063232        0.12780439       -0.00000002       -0.00000004        0.00000005
     4459.        0.04192176        0.12030059        0.12739571       -0.00000001       -0.00000004        0.00000005
     4460.        0.04163904        0.11996170        0.12698275       -0.00000001       -0.00000004        0.00000005
     4461.        0.04136470        0.11961619        0.12656647       -0.00000001       -0.00000004        0.00000004
     4462.        0.04110050        0.11926460        0.12614792       -0.00000001       -0.00000004        0.00000004
     4463.        0.04084821        0.11890974        0.12573028       -0.00000001       -0.00000004        0.00000004
     4464.        0.04060309        0.11855530        0.12531549       -0.00000001       -0.00000004        0.00000004
     4465.        0.04037229        0.11819476        0.12489966       -0.00000001       -0.00000004        0.00000004
     4466.        0.04014822        0.11784148        0.12449295       -0.00000001       -0.00000004        0.00000004
     4467.        0.03992808        0.11747928        0.12407913       -0.00000001       -0.00000004        0.00000004
     4468.        0.03972645        0.11711382        0.12366825       -0.00000001       -0.00000004        0.00000004
     4469.        0.03953887        0.11675512        0.12326833       -0.00000001       -0.00000004        0.00000004
     4470.        0.03935712        0.11640381        0.12287730       -0.00000001       -0.00000004        0.00000004
     4471.        0.03917838        0.11605248        0.12248724       -0.00000001       -0.00000004        0.00000004
     4472.        0.03900927        0.11569712        0.12209647       -0.00000001       -0.00000004        0.00000004
     4473.        0.03885448        0.11534205        0.12171056       -0.00000001       -0.00000004        0.00000004
     4474.        0.03871408        0.11499249        0.12133447       -0.00000001       -0.00000004        0.00000004
     4475.        0.03858498        0.11465194        0.12097053       -0.00000001       -0.00000004        0.00000004
     4476.        0.03846407        0.11432106        0.12061836       -0.00000001       -0.00000004        0.00000004
     4477.        0.03834761        0.11399934        0.12027630       -0.00000001       -0.00000004        0.00000004
     4478.        0.03823419        0.11368421        0.11994146       -0.00000001       -0.00000004        0.00000004
     4479.        0.03812471        0.11337283        0.11961142       -0.00000001       -0.00000004        0.00000004
     4480.        0.03802123        0.11306522        0.11928687       -0.00000001       -0.00000004        0.00000004
     4481.        0.03792466        0.11276201        0.11896870       -0.00000001       -0.00000004        0.00000004
     4482.        0.03783593        0.11246499        0.11865889       -0.00000001       -0.00000004        0.00000004
     4483.        0.03775450        0.11217597        0.11835899       -0.00000001       -0.00000004        0.00000004
     4484.        0.03767865        0.11189647        0.11806990       -0.00000001       -0.00000004        0.00000004
     4485.        0.03760753        0.11162716        0.11779198       -0.00000001       -0.00000004        0.00000004
     4486.        0.03753881        0.11136839        0.11752481       -0.00000001       -0.00000004        0.00000004
     4487.        0.03747073        0.11111965        0.11726735       -0.00000001       -0.00000004        0.00000004
     4488.        0.03740211        0.11088010        0.11701844       -0.00000001       -0.00000004        0.00000004
     4489.        0.03733148        0.11064893        0.11677681       -0.00000001       -0.00000004        0.00000004
     4490.        0.03725822        0.11042410        0.11654037       -0.00000001       -0.00000004        0.00000004
     4491.        0.03718294        0.11020507        0.11630877       -0.00000001       -0.00000004        0.00000004
     4492.        0.03710531        0.10999040        0.11608054       -0.00000001       -0.00000004        0.00000004
     4493.        0.03702624        0.10977980        0.11585572       -0.00000001       -0.00000004        0.00000004
     4494.        0.03694630        0.10957333        0.11563452       -0.00000001       -0.00000004        0.00000004
     4495.        0.03686521        0.10937070        0.11541661       -0.00000001       -0.00000004        0.00000004
     4496.        0.03678326        0.10917195        0.11520210       -0.00000001       -0.00000004        0.00000004
     4497.        0.03670045        0.10897742        0.11499131       -0.00000001       -0.00000004        0.00000004
     4498.        0.03661618        0.10878743        0.11478436       -0.00000001       -0.00000004        0.00000004
     4499.        0.03653043        0.10860172        0.11458100       -0.00000001       -0.00000004        0.00000004
     4500.        0.03644231        0.10842032        0.11438097       -0.00000001       -0.00000004        0.00000004
     4501.        0.03635181        0.10824295        0.11418402       -0.00000001       -0.00000004        0.00000004
     4502.        0.03625799        0.10806935        0.11398959       -0.00000001       -0.00000004        0.00000004
     4503.        0.03616056        0.10789894        0.11379704       -0.00000001       -0.00000004        0.00000004
     4504.        0.03605887        0.10773113        0.11360563       -0.00000001       -0.00000004        0.00000004
     4505.        0.03595292        0.10756534        0.11341479       -0.00000001       -0.00000004        0.00000004
     4506.        0.03584269        0.10740066        0.11322368       -0.00000001       -0.00000004        0.00000004
     4507.        0.03572785        0.10723589        0.11303104       -0.00000001       -0.00000004        0.00000004
     4508.        0.03560869        0.10707104        0.11283699       -0.00000001       -0.00000003        0.00000004
     4509.        0.03548550        0.10690458        0.11264018       -0.00000001       -0.00000003        0.00000004
     4510.        0.03535888        0.10673620        0.11244050       -0.00000001       -0.00000003        0.00000004
     4511.        0.03522943        0.10656528        0.11223757       -0.00000001       -0.00000003        0.00000004
     4512.        0.03509776        0.10639151        0.11203128       -0.00000001       -0.00000003        0.00000004
     4513.        0.03496417        0.10621458        0.11182142       -0.00000001       -0.00000003        0.00000004
     4514.        0.03482989        0.10603479        0.11160868       -0.00000001       -0.00000003        0.00000004
     4515.        0.03469493        0.10585151        0.11139246       -0.00000001       -0.00000003        0.00000004
     4516.        0.03456021        0.10566505        0.11117333       -0.00000001       -0.00000003        0.00000004
     4517.        0.03442575        0.10547539        0.11095129       -0.00000001       -0.00000003        0.00000004
     4518.        0.03429218        0.10528284        0.11072682       -0.00000001       -0.00000003        0.00000004
     4519.        0.03416012        0.10508770        0.11050040       -0.00000001       -0.00000003        0.00000004
     4520.        0.03402927        0.10488998        0.11027193       -0.00000001       -0.00000003        0.00000004
     4521.        0.03390028        0.10468998        0.11004191       -0.00000001       -0.00000003        0.00000004
     4522.        0.03377346        0.10448802        0.10981071       -0.00000001       -0.00000003        0.00000003
     4523.        0.03364852        0.10428408        0.10957825       -0.00000001       -0.00000003        0.00000003
     4524.        0.03352579        0.10407849        0.10934492       -0.00000001       -0.00000003        0.00000003
     4525.        0.03340529        0.10387125        0.10911072       -0.00000001       -0.00000003        0.00000003
     4526.        0.03328733        0.10366266        0.10887605       -0.00000001       -0.00000003        0.00000003
     4527.        0.03317131        0.10345306        0.10864102       -0.00000001       -0.00000003        0.00000003
     4528.        0.03305819        0.10324212        0.10840562       -0.00000001       -0.00000003        0.00000003
     4529.        0.03294704        0.10303048        0.10817017       -0.00000001       -0.00000003        0.00000003
     4530.        0.03283849        0.10281751        0.10793427       -0.00000001       -0.00000003        0.00000003
     4531.        0.03273258        0.10260386        0.10769853       -0.00000001       -0.00000003        0.00000003
     4532.        0.03262868        0.10238951        0.10746275       -0.00000001       -0.00000003        0.00000003
     4533.        0.03252775        0.10217417        0.10722694       -0.00000001       -0.00000003        0.00000003
     4534.        0.03242919        0.10195783        0.10699090       -0.00000001       -0.00000003        0.00000003
     4535.        0.03233363        0.10174082        0.10675513       -0.00000001       -0.00000003        0.00000003
     4536.        0.03224078        0.10152314        0.10651956       -0.00000001       -0.00000003        0.00000003
     4537.        0.03215098        0.10130447        0.10628397       -0.00000001       -0.00000003        0.00000003
     4538.        0.03206438        0.10108547        0.10604903       -0.00000001       -0.00000003        0.00000003
     4539.        0.03198114        0.10086581        0.10581448       -0.00000001       -0.00000003        0.00000003
     4540.        0.03190136        0.10064582        0.10558067       -0.00000001       -0.00000003        0.00000003
     4541.        0.03182525        0.10042552        0.10534767       -0.00000001       -0.00000003        0.00000003
     4542.        0.03175289        0.10020554        0.10511611       -0.00000001       -0.00000003        0.00000003
     4543.        0.03168440        0.09998591        0.10488605       -0.00000001       -0.00000003        0.00000003
     4544.        0.03161983        0.09976631        0.10465720       -0.00000001       -0.00000003        0.00000003
     4545.        0.03155928        0.09954804        0.10443084       -0.00000001       -0.00000003        0.00000003
     4546.        0.03150269        0.09933048        0.10420635       -0.00000001       -0.00000003        0.00000003
     4547.        0.03145012        0.09911427        0.10398437       -0.00000001       -0.00000003        0.00000003
     4548.        0.03140153        0.09889977        0.10376522       -0.00000001       -0.00000003        0.00000003
     4549.        0.03135680        0.09868698        0.10354887       -0.00000001       -0.00000003        0.00000003
     4550.        0.03131585        0.09847626        0.10333565       -0.00000001       -0.00000003        0.00000003
     4551.        0.03127861        0.09826795        0.10312585       -0.00000001       -0.00000003        0.00000003
     4552.        0.03124487        0.09806206        0.10291943       -0.00000001       -0.00000003        0.00000003
     4553.        0.03121450        0.09785927        0.10271700       -0.00000001       -0.00000003        0.00000003
     4554.        0.03118731        0.09765960        0.10251852       -0.00000001       -0.00000003        0.00000003
     4555.        0.03116309        0.09746275        0.10232364       -0.00000001       -0.00000003        0.00000003
     4556.        0.03114162        0.09726973        0.10213325       -0.00000001       -0.00000003        0.00000003
     4557.        0.03112262        0.09707990        0.10194667       -0.00000001       -0.00000003        0.00000003
     4558.        0.03110589        0.09689393        0.10176449       -0.00000001       -0.00000003        0.00000003
     4559.        0.03109114        0.09671187        0.10158664       -0.00000001       -0.00000003        0.00000003
     4560.        0.03107810        0.09653339        0.10141274       -0.00000001       -0.00000003        0.00000003
     4561.        0.03106646        0.09635919        0.10124337       -0.00000001       -0.00000003        0.00000003
     4562.        0.03105596        0.09618863        0.10107782       -0.00000001       -0.00000003        0.00000003
     4563.        0.03104629        0.09602206        0.10091634       -0.00000001       -0.00000003        0.00000003
     4564.        0.03103717        0.09585950        0.10075887       -0.00000001       -0.00000003        0.00000003
     4565.        0.03102832        0.09570098        0.10060534       -0.00000001       -0.00000003        0.00000003
     4566.        0.03101949        0.09554619        0.10045538       -0.00000001       -0.00000003        0.00000003
     4567.        0.03101037        0.09539481        0.10030859       -0.00000001       -0.00000003        0.00000003
     4568.        0.03100075        0.09524721        0.10016525       -0.00000001       -0.00000003        0.00000003
     4569.        0.03099037        0.09510305        0.10002497       -0.00000001       -0.00000003        0.00000003
     4570.        0.03097903        0.09496204        0.09988738       -0.00000001       -0.00000003        0.00000003
     4571.        0.03096653        0.09482384        0.09975213       -0.00000001       -0.00000003        0.00000003
     4572.        0.03095273        0.09468882        0.09961949       -0.00000001       -0.00000003        0.00000003
     4573.        0.03093750        0.09455631        0.09948881       -0.00000001       -0.00000003        0.00000003
     4574.        0.03092071        0.09442598        0.09935973       -0.00000001       -0.00000003        0.00000003
     4575.        0.03090224        0.09429787        0.09923224       -0.00000001       -0.00000003        0.00000003
     4576.        0.03088210        0.09417197        0.09910633       -0.00000001       -0.00000003        0.00000003
     4577.        0.03086017        0.09404762        0.09898134       -0.00000001       -0.00000003        0.00000003
     4578.        0.03083652        0.09392449        0.09885697       -0.00000001       -0.00000003        0.00000003
     4579.        0.03081107        0.09380293        0.09873354       -0.00000001       -0.00000003        0.00000003
     4580.        0.03078391        0.09368227        0.09861043       -0.00000001       -0.00000003        0.00000003
     4581.        0.03075505        0.09356251        0.09848765       -0.00000001       -0.00000003        0.00000003
     4582.        0.03072453        0.09344367        0.09836522       -0.00000001       -0.00000003        0.00000003
     4583.        0.03069244        0.09332540        0.09824284       -0.00000001       -0.00000003        0.00000003
     4584.        0.03065886        0.09320737        0.09812022       -0.00000001       -0.00000003        0.00000003
     4585.        0.03062382        0.09308958        0.09799739       -0.00000001       -0.00000003        0.00000003
     4586.        0.03058746        0.09297169        0.09787404       -0.00000001       -0.00000003        0.00000003
     4587.        0.03054988        0.09285441        0.09775089       -0.00000001       -0.00000003        0.00000003
     4588.        0.03051110        0.09273669        0.09762694       -0.00000001       -0.00000003        0.00000003
     4589.        0.03047130        0.09261888        0.09750260       -0.00000001       -0.00000003        0.00000003
     4590.        0.03043052        0.09250064        0.09737754       -0.00000001       -0.00000003        0.00000003
     4591.        0.03038888        0.09238233        0.09725214       -0.00000001       -0.00000003        0.00000003
     4592.        0.03034648        0.09226359        0.09712610       -0.00000001       -0.00000003        0.00000003
     4593.        0.03030344        0.09214478        0.09699979       -0.00000001       -0.00000003        0.00000003
     4594.        0.03025982        0.09202520        0.09687257       -0.00000001       -0.00000003        0.00000003
     4595.        0.03021573        0.09190521        0.09674481       -0.00000001       -0.00000003        0.00000003
     4596.        0.03017123        0.09178480        0.09661652       -0.00000001       -0.00000003        0.00000003
     4597.        0.03012646        0.09166362        0.09648743       -0.00000001       -0.00000003        0.00000003
     4598.        0.03008147        0.09154203        0.09635787       -0.00000001       -0.00000003        0.00000003
     4599.        0.03003639        0.09142004        0.09622790       -0.00000001       -0.00000003        0.00000003
     4600.        0.02999121        0.09129764        0.09609751       -0.00000001       -0.00000003        0.00000003
     4601.        0.02994610        0.09117483        0.09596676       -0.00000001       -0.00000003        0.00000003
     4602.        0.02990108        0.09105127        0.09583531       -0.00000001       -0.00000003        0.00000003
     4603.        0.02985618        0.09092730        0.09570353       -0.00000001       -0.00000003        0.00000003
     4604.        0.02981153        0.09080294        0.09557144       -0.00000001       -0.00000003        0.00000003
     4605.        0.02976718        0.09067818        0.09543907       -0.00000001       -0.00000003        0.00000003
     4606.        0.02972312        0.09055302        0.09530642       -0.00000001       -0.00000003        0.00000003
     4607.        0.02967940        0.09042783        0.09517384       -0.00000001       -0.00000003        0.00000003
     4608.        0.02963612        0.09030189        0.09504068       -0.00000001       -0.00000003        0.00000003
     4609.        0.02959322        0.09017592        0.09490762       -0.00000001       -0.00000003        0.00000003
     4610.        0.02955080        0.09004993        0.09477468       -0.00000001       -0.00000003        0.00000003
     4611.        0.02950881        0.08992355        0.09464151       -0.00000001       -0.00000003        0.00000003
     4612.        0.02946730        0.08979680        0.09450813       -0.00000001       -0.00000003        0.00000003
     4613.        0.02942626        0.08967003        0.09437488       -0.00000001       -0.00000002        0.00000003
     4614.        0.02938567        0.08954324        0.09424176       -0.00000001       -0.00000002        0.00000003
     4615.        0.02934556        0.08941644        0.09410878       -0.00000001       -0.00000002        0.00000003
     4616.        0.02930590        0.08928964        0.09397593       -0.00000001       -0.00000002        0.00000003
     4617.        0.02926670        0.08916283        0.09384322       -0.00000001       -0.00000002        0.00000003
     4618.        0.02922788        0.08903566        0.09371029       -0.00000001       -0.00000002        0.00000003
     4619.        0.02918948        0.08890886        0.09357783       -0.00000001       -0.00000002        0.00000003
     4620.        0.02915148        0.08878170        0.09344516       -0.00000001       -0.00000002        0.00000003
     4621.        0.02911386        0.08865455        0.09331263       -0.00000001       -0.00000002        0.00000003
     4622.        0.02907661        0.08852742        0.09318022       -0.00000001       -0.00000002        0.00000003
     4623.        0.02903972        0.08839993        0.09304759       -0.00000001       -0.00000002        0.00000003
     4624.        0.02900319        0.08827247        0.09291509       -0.00000001       -0.00000002        0.00000003
     4625.        0.02896703        0.08814503        0.09278273       -0.00000001       -0.00000002        0.00000003
     4626.        0.02893124        0.08801689        0.09264982       -0.00000001       -0.00000002        0.00000003
     4627.        0.02889586        0.08788878        0.09251707       -0.00000001       -0.00000002        0.00000003
     4628.        0.02886089        0.08776033        0.09238412       -0.00000001       -0.00000002        0.00000003
     4629.        0.02882640        0.08763191        0.09225136       -0.00000001       -0.00000002        0.00000003
     4630.        0.02879241        0.08750280        0.09211809       -0.00000001       -0.00000002        0.00000003
     4631.        0.02875895        0.08737336        0.09198468       -0.00000001       -0.00000002        0.00000002
     4632.        0.02872609        0.08724322        0.09185079       -0.00000001       -0.00000002        0.00000002
     4633.        0.02869392        0.08711276        0.09171682       -0.00000001       -0.00000002        0.00000002
     4634.        0.02866243        0.08698198        0.09158275       -0.00000001       -0.00000002        0.00000002
     4635.        0.02863179        0.08685050        0.09144829       -0.00000001       -0.00000002        0.00000002
     4636.        0.02860203        0.08671871        0.09131380       -0.00000001       -0.00000002        0.00000002
     4637.        0.02857323        0.08658659        0.09117931       -0.00000001       -0.00000002        0.00000002
     4638.        0.02854550        0.08645379        0.09104451       -0.00000001       -0.00000002        0.00000002
     4639.        0.02851886        0.08632030        0.09090940       -0.00000001       -0.00000002        0.00000002
     4640.        0.02849341        0.08618687        0.09077472       -0.00000001       -0.00000002        0.00000002
     4641.        0.02846928        0.08605275        0.09063981       -0.00000001       -0.00000002        0.00000002
     4642.        0.02844647        0.08591832        0.09050503       -0.00000001       -0.00000002        0.00000002
     4643.        0.02842514        0.08578359        0.09037042       -0.00000001       -0.00000002        0.00000002
     4644.        0.02840530        0.08564855        0.09023599       -0.00000001       -0.00000002        0.00000002
     4645.        0.02838705        0.08551358        0.09010215       -0.00000001       -0.00000002        0.00000002
     4646.        0.02837042        0.08537831        0.08996853       -0.00000001       -0.00000002        0.00000002
     4647.        0.02835552        0.08524274        0.08983518       -0.00000001       -0.00000002        0.00000002
     4648.        0.02834236        0.08510763        0.08970283       -0.00000001       -0.00000002        0.00000002
     4649.        0.02833098        0.08497260        0.08957113       -0.00000001       -0.00000002        0.00000002
     4650.        0.02832146        0.08483766        0.08944011       -0.00000001       -0.00000002        0.00000002
     4651.        0.02831382        0.08470318        0.08931014       -0.00000001       -0.00000002        0.00000002
     4652.        0.02830806        0.08456919        0.08918124       -0.00000001       -0.00000002        0.00000002
     4653.        0.02830427        0.08443567        0.08905343       -0.00000001       -0.00000002        0.00000002
     4654.        0.02830241        0.08430263        0.08892671       -0.00000001       -0.00000002        0.00000002
     4655.        0.02830254        0.08417046        0.08880147       -0.00000001       -0.00000002        0.00000002
     4656.        0.02830461        0.08403879        0.08867734       -0.00000001       -0.00000002        0.00000002
     4657.        0.02830865        0.08390838        0.08855505       -0.00000001       -0.00000002        0.00000002
     4658.        0.02831469        0.08377886        0.08843426       -0.00000001       -0.00000002        0.00000002
     4659.        0.02832263        0.08365061        0.08831532       -0.00000001       -0.00000002        0.00000002
     4660.        0.02833252        0.08352365        0.08819825       -0.00000001       -0.00000002        0.00000002
     4661.        0.02834432        0.08339798        0.08808305       -0.00000001       -0.00000002        0.00000002
     4662.        0.02835804        0.08327399        0.08797008       -0.00000001       -0.00000002        0.00000002
     4663.        0.02837354        0.08315131        0.08785897       -0.00000001       -0.00000002        0.00000002
     4664.        0.02839090        0.08303033        0.08775009       -0.00000001       -0.00000002        0.00000002
     4665.        0.02840997        0.08291106        0.08764343       -0.00000001       -0.00000002        0.00000002
     4666.        0.02843076        0.08279389        0.08753934       -0.00000001       -0.00000002        0.00000002
     4667.        0.02845317        0.08267884        0.08743782       -0.00000001       -0.00000002        0.00000002
     4668.        0.02847719        0.08256552        0.08733852       -0.00000001       -0.00000002        0.00000002
     4669.        0.02850264        0.08245473        0.08724210       -0.00000001       -0.00000002        0.00000002
     4670.        0.02852953        0.08234609        0.08714822       -0.00000001       -0.00000002        0.00000002
     4671.        0.02855775        0.08223999        0.08705722       -0.00000001       -0.00000002        0.00000002
     4672.        0.02858717        0.08213644        0.08696908       -0.00000001       -0.00000002        0.00000002
     4673.        0.02861766        0.08203586        0.08688413       -0.00000001       -0.00000002        0.00000002
     4674.        0.02864918        0.08193746        0.08680163       -0.00000001       -0.00000002        0.00000002
     4675.        0.02868154        0.08184205        0.08672227       -0.00000001       -0.00000002        0.00000002
     4676.        0.02871462        0.08174963        0.08664602       -0.00000001       -0.00000002        0.00000002
     4677.        0.02874831        0.08165984        0.08657248       -0.00000001       -0.00000002        0.00000002
     4678.        0.02878237        0.08157345        0.08650233       -0.00000001       -0.00000002        0.00000002
     4679.        0.02881673        0.08149010        0.08643518       -0.00000001       -0.00000002        0.00000002
     4680.        0.02885120        0.08140980        0.08637099       -0.00000001       -0.00000002        0.00000002
     4681.        0.02888554        0.08133257        0.08630968       -0.00000001       -0.00000002        0.00000002
     4682.        0.02891963        0.08125880        0.08625160       -0.00000001       -0.00000002        0.00000002
     4683.        0.02895327        0.08118812        0.08619631       -0.00000001       -0.00000002        0.00000002
     4684.        0.02898627        0.08112055        0.08614376       -0.00000001       -0.00000002        0.00000002
     4685.        0.02901839        0.08105609        0.08609389       -0.00000001       -0.00000002        0.00000002
     4686.        0.02904949        0.08099477        0.08604665       -0.00000001       -0.00000002        0.00000002
     4687.        0.02907932        0.08093659        0.08600196       -0.00000001       -0.00000002        0.00000002
     4688.        0.02910769        0.08088156        0.08595978       -0.00000001       -0.00000002        0.00000002
     4689.        0.02913441        0.08082931        0.08591968       -0.00000001       -0.00000002        0.00000002
     4690.        0.02915931        0.08077984        0.08588159       -0.00000001       -0.00000002        0.00000002
     4691.        0.02918219        0.08073317        0.08584547       -0.00000001       -0.00000002        0.00000002
     4692.        0.02920288        0.08068931        0.08581126       -0.00000001       -0.00000002        0.00000002
     4693.        0.02922122        0.08064747        0.08577817       -0.00000001       -0.00000002        0.00000002
     4694.        0.02923703        0.08060807        0.08574651       -0.00000001       -0.00000002        0.00000002
     4695.        0.02925023        0.08057070        0.08571589       -0.00000001       -0.00000002        0.00000002
     4696.        0.02926069        0.08053499        0.08568590       -0.00000001       -0.00000002        0.00000002
     4697.        0.02926827        0.08050094        0.08565648       -0.00000001       -0.00000002        0.00000002
     4698.        0.02927290        0.08046855        0.08562763       -0.00000001       -0.00000002        0.00000002
     4699.        0.02927455        0.08043744        0.08559895       -0.00000001       -0.00000002        0.00000002
     4700.        0.02927318        0.08040720        0.08557007       -0.00000001       -0.00000002        0.00000002
     4701.        0.02926874        0.08037744        0.08554059       -0.00000001       -0.00000002        0.00000002
     4702.        0.02926126        0.08034857        0.08551090       -0.00000001       -0.00000002        0.00000002
     4703.        0.02925072        0.08032018        0.08548062       -0.00000001       -0.00000002        0.00000002
     4704.        0.02923716        0.08029147        0.08544900       -0.00000001       -0.00000002        0.00000002
     4705.        0.02922068        0.08026326        0.08541685       -0.00000001       -0.00000002        0.00000002
     4706.        0.02920128        0.08023432        0.08538303       -0.00000001       -0.00000002        0.00000002
     4707.        0.02917912        0.08020507        0.08534796       -0.00000001       -0.00000002        0.00000002
     4708.        0.02915421        0.08017509        0.08531128       -0.00000001       -0.00000002        0.00000002
     4709.        0.02912672        0.08014440        0.08527303       -0.00000001       -0.00000002        0.00000002
     4710.        0.02909680        0.08011297        0.08523328       -0.00000001       -0.00000002        0.00000002
     4711.        0.02906448        0.08008042        0.08519165       -0.00000001       -0.00000002        0.00000002
     4712.        0.02903000        0.08004632        0.08514783       -0.00000001       -0.00000002        0.00000002
     4713.        0.02899339        0.08001149        0.08510261       -0.00000001       -0.00000002        0.00000002
     4714.        0.02895485        0.07997470        0.08505490       -0.00000001       -0.00000002        0.00000002
     4715.        0.02891453        0.07993677        0.08500551       -0.00000001       -0.00000002        0.00000002
     4716.        0.02887257        0.07989768        0.08495449       -0.00000001       -0.00000002        0.00000002
     4717.        0.02882910        0.07985663        0.08490111       -0.00000001       -0.00000002        0.00000002
     4718.        0.02878426        0.07981402        0.08484581       -0.00000001       -0.00000002        0.00000002
     4719.        0.02873816        0.07976983        0.08478861       -0.00000001       -0.00000002        0.00000002
     4720.        0.02869096        0.07972407        0.08472956       -0.00000001       -0.00000002        0.00000002
     4721.        0.02864279        0.07967632        0.08466833       -0.00000001       -0.00000002        0.00000002
     4722.        0.02859380        0.07962740        0.08460572       -0.00000001       -0.00000002        0.00000002
     4723.        0.02854404        0.07957648        0.08454099       -0.00000001       -0.00000002        0.00000002
     4724.        0.02849366        0.07952439        0.08447495       -0.00000001       -0.00000002        0.00000002
     4725.        0.02844276        0.07947028        0.08440685       -0.00000001       -0.00000002        0.00000002
     4726.        0.02839144        0.07941499        0.08433751       -0.00000001       -0.00000002        0.00000002
     4727.        0.02833980        0.07935769        0.08426617       -0.00000001       -0.00000002        0.00000002
     4728.        0.02828788        0.07929919        0.08419362       -0.00000001       -0.00000002        0.00000002
     4729.        0.02823584        0.07923950        0.08411992       -0.00000001       -0.00000002        0.00000002
     4730.        0.02818369        0.07917820        0.08404467       -0.00000001       -0.00000002        0.00000002
     4731.        0.02813154        0.07911569        0.08396830       -0.00000001       -0.00000002        0.00000002
     4732.        0.02807944        0.07905157        0.08389044       -0.00000001       -0.00000002        0.00000002
     4733.        0.02802739        0.07898623        0.08381146       -0.00000001       -0.00000002        0.00000002
     4734.        0.02797553        0.07892011        0.08373180       -0.00000001       -0.00000002        0.00000002
     4735.        0.02792388        0.07885236        0.08365069       -0.00000001       -0.00000002        0.00000002
     4736.        0.02787246        0.07878381        0.08356891       -0.00000001       -0.00000002        0.00000002
     4737.        0.02782130        0.07871404        0.08348608       -0.00000001       -0.00000002        0.00000002
     4738.        0.02777045        0.07864306        0.08340221       -0.00000001       -0.00000002        0.00000002
     4739.        0.02771996        0.07857170        0.08331811       -0.00000001       -0.00000002        0.00000002
     4740.        0.02766986        0.07849911        0.08323299       -0.00000001       -0.00000002        0.00000002
     4741.        0.02762012        0.07842572        0.08314725       -0.00000001       -0.00000002        0.00000002
     4742.        0.02757079        0.07835152        0.08306088       -0.00000001       -0.00000002        0.00000002
     4743.        0.02752190        0.07827652        0.08297390       -0.00000001       -0.00000002        0.00000002
     4744.        0.02747341        0.07820071        0.08288631       -0.00000001       -0.00000002        0.00000002
     4745.        0.02742538        0.07812452        0.08279850       -0.00000001       -0.00000002        0.00000002
     4746.        0.02737780        0.07804752        0.08271009       -0.00000001       -0.00000002        0.00000002
     4747.        0.02733063        0.07796971        0.08262105       -0.00000001       -0.00000002        0.00000002
     4748.        0.02728396        0.07789151        0.08253182       -0.00000001       -0.00000002        0.00000002
     4749.        0.02723771        0.07781292        0.08244237       -0.00000001       -0.00000002        0.00000002
