     4151.       -0.00000145       -0.00100016        0.00100016        0.00000000       -0.00000000        0.00000000
     4152.       -0.00000067       -0.00045623        0.00045623        0.00000000       -0.00000000        0.00000000
     4153.       -0.00000013       -0.00008620        0.00008620        0.00000000       -0.00000000        0.00000000
     4154.        0.00008467       -0.00000012        0.00008467       -0.00000000        0.00000000        0.00000000
     4155.        0.00043228       -0.00000045        0.00043228       -0.00000000        0.00000000        0.00000000
     4156.        0.00091382       -0.00000067        0.00091382       -0.00000000        0.00000000        0.00000000
     4157.        0.00148806       -0.00000015        0.00148806       -0.00000001        0.00000000        0.00000001
     4158.        0.00213176        0.00000159        0.00213176       -0.00000001       -0.00000000        0.00000001
     4159.        0.00283120        0.00000308        0.00283120       -0.00000001       -0.00000000        0.00000001
     4160.        0.00357739        0.00000575        0.00357740       -0.00000001       -0.00000000        0.00000001
     4161.        0.00436135        0.00001121        0.00436136       -0.00000001       -0.00000000        0.00000001
     4162.        0.00517477        0.00001929        0.00517480       -0.00000001       -0.00000000        0.00000001
     4163.        0.00601190        0.00002779        0.00601197       -0.00000001       -0.00000000        0.00000001
     4164.        0.00687055        0.00003555        0.00687064       -0.00000001       -0.00000000        0.00000001
     4165.        0.00774885        0.00004394        0.00774897       -0.00000002       -0.00000000        0.00000002
     4166.        0.00864362        0.00005490        0.00864379       -0.00000002       -0.00000000        0.00000002
     4167.        0.00955095        0.00006967        0.00955121       -0.00000002       -0.00000000        0.00000002
     4168.        0.01046687        0.00008845        0.01046725       -0.00000002       -0.00000000        0.00000002
     4169.        0.01138780        0.00011025        0.01138834       -0.00000002       -0.00000000        0.00000002
     4170.        0.01231153        0.00013322        0.01231225       -0.00000002       -0.00000000        0.00000002
     4171.        0.01323745        0.00015570        0.01323836       -0.00000002       -0.00000000        0.00000002
     4172.        0.01416601        0.00017712        0.01416712       -0.00000002       -0.00000000        0.00000002
     4173.        0.01509757        0.00019820        0.01509887       -0.00000002       -0.00000000        0.00000002
     4174.        0.01603181        0.00022031        0.01603332       -0.00000002       -0.00000000        0.00000002
     4175.        0.01696760        0.00024485        0.01696936       -0.00000002       -0.00000000        0.00000002
     4176.        0.01790346        0.00027287        0.01790554       -0.00000003       -0.00000000        0.00000003
     4177.        0.01883736        0.00030491        0.01883983       -0.00000003       -0.00000000        0.00000003
     4178.        0.01976759        0.00034097        0.01977053       -0.00000003       -0.00000000        0.00000003
     4179.        0.02069241        0.00038047        0.02069591       -0.00000003       -0.00000000        0.00000003
     4180.        0.02161052        0.00042240        0.02161465       -0.00000003       -0.00000000        0.00000003
     4181.        0.02252124        0.00046551        0.02252605       -0.00000003       -0.00000000        0.00000003
     4182.        0.02342464        0.00050860        0.02343016       -0.00000003       -0.00000000        0.00000003
     4183.        0.02432119        0.00055078        0.02432743       -0.00000003       -0.00000000        0.00000003
     4184.        0.02521173        0.00059168        0.02521867       -0.00000003       -0.00000000        0.00000003
     4185.        0.02609715        0.00063145        0.02610479       -0.00000003       -0.00000000        0.00000003
     4186.        0.02697797        0.00067066        0.02698631       -0.00000003       -0.00000000        0.00000003
     4187.        0.02785449        0.00071012        0.02786354       -0.00000003       -0.00000000        0.00000003
     4188.        0.02872679        0.00075072        0.02873660       -0.00000003       -0.00000000        0.00000003
     4189.        0.02959440        0.00079326        0.02960503       -0.00000003       -0.00000000        0.00000003
     4190.        0.03045688        0.00083838        0.03046842       -0.00000003       -0.00000000        0.00000003
     4191.        0.03131333        0.00088651        0.03132587       -0.00000003       -0.00000000        0.00000003
     4192.        0.03216303        0.00093782        0.03217670       -0.00000003       -0.00000000        0.00000004
     4193.        0.03300527        0.00099225        0.03302018       -0.00000004       -0.00000000        0.00000004
     4194.        0.03383925        0.00104950        0.03385552       -0.00000004       -0.00000000        0.00000004
     4195.        0.03466433        0.00110908        0.03468207       -0.00000004       -0.00000000        0.00000004
     4196.        0.03548029        0.00117037        0.03549959       -0.00000004       -0.00000000        0.00000004
     4197.        0.03628693        0.00123265        0.03630786       -0.00000004       -0.00000000        0.00000004
     4198.        0.03708435        0.00129523        0.03710696       -0.00000004       -0.00000000        0.00000004
     4199.        0.03787280        0.00135745        0.03789712       -0.00000004       -0.00000000        0.00000004
     4200.        0.03865277        0.00141880        0.03867880       -0.00000004       -0.00000000        0.00000004
     4201.        0.03942490        0.00147894        0.03945263       -0.00000004       -0.00000000        0.00000004
     4202.        0.04018976        0.00153772        0.04021917       -0.00000004       -0.00000000        0.00000004
     4203.        0.04094821        0.00159518        0.04097927       -0.00000004       -0.00000000        0.00000004
     4204.        0.04170069        0.00165154        0.04173339       -0.00000004       -0.00000000        0.00000004
     4205.        0.04244772        0.00170715        0.04248204       -0.00000004       -0.00000000        0.00000004
     4206.        0.04318983        0.00176243        0.04322577       -0.00000004       -0.00000000        0.00000004
     4207.        0.04392702        0.00181787        0.04396462       -0.00000004       -0.00000000        0.00000004
     4208.        0.04465945        0.00187394        0.04469875       -0.00000004       -0.00000000        0.00000004
     4209.        0.04538727        0.00193108        0.04542833       -0.00000004       -0.00000000        0.00000004
     4210.        0.04611019        0.00198968        0.04615309       -0.00000004       -0.00000000        0.00000004
     4211.        0.04682804        0.00205005        0.04687290       -0.00000004       -0.00000000        0.00000004
     4212.        0.04754055        0.00211241        0.04758746       -0.00000004       -0.00000000        0.00000004
     4213.        0.04824754        0.00217687        0.04829663       -0.00000004       -0.00000000        0.00000004
     4214.        0.04894850        0.00224349        0.04899988       -0.00000004       -0.00000000        0.00000004
     4215.        0.04964347        0.00231220        0.04969729       -0.00000004       -0.00000000        0.00000004
     4216.        0.05033195        0.00238284        0.05038832       -0.00000004       -0.00000000        0.00000004
     4217.        0.05101375        0.00245523        0.05107280       -0.00000004       -0.00000000        0.00000004
     4218.        0.05168894        0.00252907        0.05175077       -0.00000004       -0.00000000        0.00000004
     4219.        0.05235722        0.00260406        0.05242194       -0.00000004       -0.00000000        0.00000004
     4220.        0.05301868        0.00267985        0.05308636       -0.00000004       -0.00000000        0.00000004
     4221.        0.05367351        0.00275610        0.05374423       -0.00000004       -0.00000000        0.00000004
     4222.        0.05432170        0.00283244        0.05439549       -0.00000004       -0.00000000        0.00000004
     4223.        0.05496359        0.00290858        0.05504049       -0.00000004       -0.00000000        0.00000004
     4224.        0.05559941        0.00298423        0.05567944       -0.00000004       -0.00000000        0.00000004
     4225.        0.05622956        0.00305917        0.05631271       -0.00000004       -0.00000000        0.00000004
     4226.        0.05685454        0.00313323        0.05694081       -0.00000004       -0.00000000        0.00000004
     4227.        0.05747465        0.00320633        0.05756402       -0.00000004       -0.00000000        0.00000004
     4228.        0.05809031        0.00327843        0.05818275       -0.00000004       -0.00000000        0.00000004
     4229.        0.05870209        0.00334955        0.05879758       -0.00000005       -0.00000000        0.00000005
     4230.        0.05931018        0.00341984        0.05940870       -0.00000005       -0.00000000        0.00000005
     4231.        0.05991506        0.00348940        0.06001658       -0.00000005       -0.00000000        0.00000005
     4232.        0.06051719        0.00355846        0.06062172       -0.00000005       -0.00000000        0.00000005
     4233.        0.06111668        0.00362722        0.06122422       -0.00000005       -0.00000000        0.00000005
     4234.        0.06171375        0.00369596        0.06182433       -0.00000005       -0.00000000        0.00000005
     4235.        0.06230878        0.00376493        0.06242243       -0.00000005       -0.00000000        0.00000005
     4236.        0.06290175        0.00383438        0.06301851       -0.00000005       -0.00000000        0.00000005
     4237.        0.06349289        0.00390459        0.06361284       -0.00000005       -0.00000000        0.00000005
     4238.        0.06408220        0.00397580        0.06420541       -0.00000005       -0.00000000        0.00000005
     4239.        0.06466964        0.00404823        0.06479622       -0.00000005       -0.00000000        0.00000005
     4240.        0.06525548        0.00412208        0.06538555       -0.00000005       -0.00000000        0.00000005
     4241.        0.06583942        0.00419753        0.06597309       -0.00000005       -0.00000000        0.00000005
     4242.        0.06642144        0.00427473        0.06655886       -0.00000005       -0.00000000        0.00000005
     4243.        0.06700166        0.00435378        0.06714296       -0.00000005       -0.00000000        0.00000005
     4244.        0.06758005        0.00443477        0.06772541       -0.00000005       -0.00000000        0.00000005
     4245.        0.06815646        0.00451774        0.06830603       -0.00000005       -0.00000000        0.00000005
     4246.        0.06873086        0.00460272        0.06888480       -0.00000005       -0.00000000        0.00000005
     4247.        0.06930337        0.00468973        0.06946187       -0.00000005       -0.00000000        0.00000005
     4248.        0.06987383        0.00477870        0.07003705       -0.00000005       -0.00000000        0.00000005
     4249.        0.07044236        0.00486962        0.07061048       -0.00000005       -0.00000000        0.00000005
     4250.        0.07100909        0.00496239        0.07118227       -0.00000005       -0.00000000        0.00000005
     4251.        0.07157385        0.00505696        0.07175227       -0.00000005       -0.00000000        0.00000005
     4252.        0.07213706        0.00515324        0.07232089       -0.00000005       -0.00000000        0.00000005
     4253.        0.07269887        0.00525114        0.07288828       -0.00000005       -0.00000000        0.00000005
     4254.        0.07325927        0.00535059        0.07345440       -0.00000005       -0.00000000        0.00000005
     4255.        0.07381884        0.00545149        0.07401986       -0.00000005       -0.00000000        0.00000005
     4256.        0.07437759        0.00555380        0.07458465       -0.00000005       -0.00000000        0.00000005
     4257.        0.07493598        0.00565747        0.07514923       -0.00000005       -0.00000000        0.00000005
     4258.        0.07549462        0.00576247        0.07571422       -0.00000005       -0.00000000        0.00000005
     4259.        0.07605353        0.00586883        0.07627964       -0.00000005       -0.00000000        0.00000005
     4260.        0.07661366        0.00597655        0.07684642       -0.00000005       -0.00000000        0.00000005
     4261.        0.07717551        0.00608576        0.07741509       -0.00000005       -0.00000000        0.00000005
     4262.        0.07773958        0.00619655        0.07798615       -0.00000005       -0.00000000        0.00000005
     4263.        0.07830655        0.00630911        0.07856030       -0.00000005       -0.00000000        0.00000005
     4264.        0.07887758        0.00642362        0.07913871       -0.00000005       -0.00000000        0.00000005
     4265.        0.07945320        0.00654038        0.07972194       -0.00000005       -0.00000000        0.00000005
     4266.        0.08003463        0.00665969        0.08031123       -0.00000005       -0.00000000        0.00000005
     4267.        0.08062291        0.00678198        0.08090765       -0.00000005       -0.00000000        0.00000005
     4268.        0.08121959        0.00690767        0.08151281       -0.00000005       -0.00000000        0.00000005
     4269.        0.08182611        0.00703728        0.08212817       -0.00000005       -0.00000000        0.00000005
     4270.        0.08244440        0.00717144        0.08275572       -0.00000005       -0.00000000        0.00000005
     4271.        0.08307659        0.00731081        0.08339765       -0.00000005       -0.00000000        0.00000005
     4272.        0.08372552        0.00745612        0.08405686       -0.00000005       -0.00000000        0.00000005
     4273.        0.08439454        0.00760825        0.08473680       -0.00000005       -0.00000000        0.00000005
     4274.        0.08508794        0.00776809        0.08544180       -0.00000005       -0.00000000        0.00000005
     4275.        0.08581104        0.00793653        0.08617727       -0.00000005       -0.00000000        0.00000005
     4276.        0.08657128        0.00811446        0.08695074       -0.00000005       -0.00000000        0.00000005
     4277.        0.08737793        0.00830252        0.08777149       -0.00000005       -0.00000000        0.00000005
     4278.        0.08824412        0.00850082        0.08865262       -0.00000005       -0.00000001        0.00000005
     4279.        0.08918831        0.00870821        0.08961243       -0.00000005       -0.00000001        0.00000005
     4280.        0.09023646        0.00892084        0.09067635       -0.00000005       -0.00000001        0.00000005
     4281.        0.09142732        0.00912898        0.09188195       -0.00000005       -0.00000001        0.00000005
     4282.        0.09281892        0.00931003        0.09328466       -0.00000005       -0.00000001        0.00000005
     4283.        0.09450055        0.00941191        0.09496809       -0.00000005       -0.00000001        0.00000005
     4284.        0.09660700        0.00931207        0.09705476       -0.00000006       -0.00000001        0.00000006
     4285.        0.09931905        0.00871388        0.09970058       -0.00000006       -0.00000000        0.00000006
     4286.        0.10273506        0.00690178        0.10296664       -0.00000006       -0.00000000        0.00000006
     4287.        0.10610706        0.00244417        0.10613520       -0.00000006       -0.00000000        0.00000006
     4288.        0.10592797       -0.00523066        0.10605704       -0.00000006        0.00000000        0.00000006
     4289.        0.09934444       -0.01049655        0.09989742       -0.00000006        0.00000001        0.00000006
     4290.        0.09265867       -0.00920202        0.09311448       -0.00000005        0.00000001        0.00000005
     4291.        0.08967098       -0.00569535        0.08985166       -0.00000005        0.00000000        0.00000005
     4292.        0.08895936       -0.00268497        0.08899987       -0.00000005        0.00000000        0.00000005
     4293.        0.08919164       -0.00048074        0.08919294       -0.00000005        0.00000000        0.00000005
     4294.        0.08978519        0.00112457        0.08979223       -0.00000005       -0.00000000        0.00000005
     4295.        0.09051430        0.00233544        0.09054443       -0.00000005       -0.00000000        0.00000005
     4296.        0.09127190        0.00330874        0.09133185       -0.00000005       -0.00000000        0.00000005
     4297.        0.09199284        0.00410688        0.09208447       -0.00000005       -0.00000000        0.00000005
     4298.        0.09272323        0.00470603        0.09284258       -0.00000005       -0.00000000        0.00000005
     4299.        0.09342032        0.00527597        0.09356918       -0.00000005       -0.00000000        0.00000005
     4300.        0.09406794        0.00570146        0.09424057       -0.00000005       -0.00000000        0.00000005
     4301.        0.09477791        0.00606168        0.09497155       -0.00000005       -0.00000000        0.00000005
     4302.        0.09548312        0.00642854        0.09569928       -0.00000005       -0.00000000        0.00000005
     4303.        0.09614881        0.00677434        0.09638717       -0.00000005       -0.00000000        0.00000005
     4304.        0.09678866        0.00707001        0.09704653       -0.00000005       -0.00000000        0.00000005
     4305.        0.09743861        0.00731668        0.09771293       -0.00000005       -0.00000000        0.00000005
     4306.        0.09811467        0.00754490        0.09840433       -0.00000005       -0.00000000        0.00000005
     4307.        0.09880475        0.00777593        0.09911026       -0.00000005       -0.00000000        0.00000005
     4308.        0.09949524        0.00801212        0.09981732       -0.00000005       -0.00000000        0.00000005
     4309.        0.10017964        0.00824789        0.10051859       -0.00000005       -0.00000000        0.00000005
     4310.        0.10085842        0.00847653        0.10121400       -0.00000005       -0.00000000        0.00000005
     4311.        0.10153673        0.00869305        0.10190818       -0.00000005       -0.00000000        0.00000005
     4312.        0.10222287        0.00889622        0.10260924       -0.00000005       -0.00000000        0.00000005
     4313.        0.10292408        0.00908933        0.10332464       -0.00000005       -0.00000000        0.00000005
     4314.        0.10364557        0.00927837        0.10406004       -0.00000005       -0.00000000        0.00000005
     4315.        0.10438891        0.00946907        0.10481750       -0.00000005       -0.00000000        0.00000005
     4316.        0.10515429        0.00966531        0.10559756       -0.00000005       -0.00000000        0.00000005
     4317.        0.10594272        0.00986919        0.10640141       -0.00000005       -0.00000001        0.00000005
     4318.        0.10675696        0.01008176        0.10723195       -0.00000005       -0.00000001        0.00000005
     4319.        0.10760518        0.01030461        0.10809746       -0.00000005       -0.00000001        0.00000005
     4320.        0.10850957        0.01054605        0.10902085       -0.00000005       -0.00000001        0.00000005
     4321.        0.10947204        0.01086469        0.11000986       -0.00000005       -0.00000001        0.00000006
     4322.        0.11036126        0.01127798        0.11093602       -0.00000006       -0.00000001        0.00000006
     4323.        0.11136741        0.01168855        0.11197911       -0.00000006       -0.00000001        0.00000006
     4324.        0.11223478        0.01229487        0.11290620       -0.00000006       -0.00000001        0.00000006
     4325.        0.11301414        0.01271879        0.11372758       -0.00000006       -0.00000001        0.00000006
     4326.        0.11399083        0.01317344        0.11474951       -0.00000006       -0.00000001        0.00000006
     4327.        0.11497598        0.01384109        0.11580610       -0.00000006       -0.00000001        0.00000006
     4328.        0.11577970        0.01462474        0.11669971       -0.00000006       -0.00000001        0.00000006
     4329.        0.11642233        0.01530528        0.11742407       -0.00000006       -0.00000001        0.00000006
     4330.        0.11711482        0.01584004        0.11818117       -0.00000006       -0.00000001        0.00000006
     4331.        0.11795072        0.01638432        0.11908324       -0.00000006       -0.00000001        0.00000006
     4332.        0.11886256        0.01706061        0.12008069       -0.00000006       -0.00000001        0.00000006
     4333.        0.11974182        0.01789561        0.12107170       -0.00000006       -0.00000001        0.00000006
     4334.        0.12049733        0.01884262        0.12196168       -0.00000006       -0.00000001        0.00000006
     4335.        0.12109186        0.01980735        0.12270114       -0.00000006       -0.00000001        0.00000006
     4336.        0.12156387        0.02069550        0.12331293       -0.00000006       -0.00000001        0.00000006
     4337.        0.12200348        0.02146945        0.12387811       -0.00000006       -0.00000001        0.00000006
     4338.        0.12249353        0.02216323        0.12448242       -0.00000006       -0.00000001        0.00000006
     4339.        0.12306675        0.02284716        0.12516956       -0.00000006       -0.00000001        0.00000006
     4340.        0.12370676        0.02358567        0.12593509       -0.00000006       -0.00000001        0.00000006
     4341.        0.12437085        0.02441700        0.12674501       -0.00000006       -0.00000001        0.00000006
     4342.        0.12500769        0.02535002        0.12755213       -0.00000006       -0.00000001        0.00000006
     4343.        0.12557175        0.02636892        0.12831050       -0.00000006       -0.00000001        0.00000006
     4344.        0.12603070        0.02743906        0.12898309       -0.00000006       -0.00000001        0.00000006
     4345.        0.12637329        0.02851551        0.12955054       -0.00000006       -0.00000001        0.00000006
     4346.        0.12661102        0.02955409        0.13001459       -0.00000006       -0.00000001        0.00000006
     4347.        0.12677453        0.03052243        0.13039708       -0.00000006       -0.00000001        0.00000006
     4348.        0.12690436        0.03140817        0.13073328       -0.00000006       -0.00000001        0.00000006
     4349.        0.12703960        0.03221922        0.13106158       -0.00000006       -0.00000001        0.00000006
     4350.        0.12720754        0.03297954        0.13141313       -0.00000006       -0.00000002        0.00000006
     4351.        0.12742118        0.03371946        0.13180728       -0.00000006       -0.00000002        0.00000006
     4352.        0.12767762        0.03446922        0.13224864       -0.00000006       -0.00000002        0.00000006
     4353.        0.12796386        0.03525196        0.13273074       -0.00000006       -0.00000002        0.00000006
     4354.        0.12825965        0.03608267        0.13323850       -0.00000006       -0.00000002        0.00000006
     4355.        0.12854255        0.03696658        0.13375244       -0.00000006       -0.00000002        0.00000006
     4356.        0.12879075        0.03790056        0.13425167       -0.00000006       -0.00000002        0.00000006
     4357.        0.12898576        0.03887385        0.13471637       -0.00000006       -0.00000002        0.00000006
     4358.        0.12911488        0.03987091        0.13513083       -0.00000006       -0.00000002        0.00000006
     4359.        0.12917135        0.04087246        0.13548356       -0.00000006       -0.00000002        0.00000006
     4360.        0.12915526        0.04185897        0.13576913       -0.00000006       -0.00000002        0.00000006
     4361.        0.12907369        0.04281232        0.13598865       -0.00000006       -0.00000002        0.00000006
     4362.        0.12893898        0.04371799        0.13614890       -0.00000006       -0.00000002        0.00000006
     4363.        0.12876700        0.04456674        0.13626127       -0.00000006       -0.00000002        0.00000006
     4364.        0.12857491        0.04535557        0.13634015       -0.00000006       -0.00000002        0.00000006
     4365.        0.12837942        0.04608693        0.13640117       -0.00000006       -0.00000002        0.00000006
     4366.        0.12819441        0.04676830        0.13645908       -0.00000006       -0.00000002        0.00000006
     4367.        0.12803051        0.04741042        0.13652677       -0.00000006       -0.00000002        0.00000006
     4368.        0.12789296        0.04802533        0.13661274       -0.00000006       -0.00000002        0.00000006
     4369.        0.12778384        0.04862632        0.13672318       -0.00000006       -0.00000002        0.00000006
     4370.        0.12770065        0.04922455        0.13685946       -0.00000006       -0.00000002        0.00000006
     4371.        0.12763877        0.04982965        0.13702061       -0.00000006       -0.00000002        0.00000006
     4372.        0.12759053        0.05044906        0.13720223       -0.00000006       -0.00000002        0.00000006
     4373.        0.12754773        0.05108681        0.13739827       -0.00000005       -0.00000002        0.00000006
     4374.        0.12750182        0.05174535        0.13760195       -0.00000005       -0.00000002        0.00000006
     4375.        0.12744419        0.05242341        0.13780506       -0.00000005       -0.00000002        0.00000006
     4376.        0.12736753        0.05311832        0.13800016       -0.00000005       -0.00000002        0.00000006
     4377.        0.12726539        0.05382572        0.13817991       -0.00000005       -0.00000002        0.00000006
     4378.        0.12713338        0.05453936        0.13833813       -0.00000005       -0.00000002        0.00000006
     4379.        0.12696824        0.05525265        0.13846946       -0.00000005       -0.00000002        0.00000006
     4380.        0.12676952        0.05595848        0.13857079       -0.00000005       -0.00000002        0.00000006
     4381.        0.12653794        0.05664968        0.13863995       -0.00000005       -0.00000002        0.00000006
     4382.        0.12627589        0.05731995        0.13867651       -0.00000005       -0.00000002        0.00000006
     4383.        0.12598770        0.05796362        0.13868194       -0.00000005       -0.00000002        0.00000006
     4384.        0.12567821        0.05857645        0.13865862       -0.00000005       -0.00000002        0.00000006
     4385.        0.12535329        0.05915553        0.13861033       -0.00000005       -0.00000002        0.00000006
     4386.        0.12501955        0.05969941        0.13854208       -0.00000005       -0.00000002        0.00000006
     4387.        0.12468322        0.06020854        0.13845929       -0.00000005       -0.00000003        0.00000006
     4388.        0.12434985        0.06068385        0.13836696       -0.00000005       -0.00000003        0.00000006
     4389.        0.12402481        0.06112845        0.13827090       -0.00000005       -0.00000003        0.00000006
     4390.        0.12371279        0.06154575        0.13817645       -0.00000005       -0.00000003        0.00000006
     4391.        0.12341682        0.06194014        0.13808799       -0.00000005       -0.00000003        0.00000006
     4392.        0.12313900        0.06231606        0.13800908       -0.00000005       -0.00000003        0.00000006
     4393.        0.12288047        0.06267875        0.13794287       -0.00000005       -0.00000003        0.00000006
     4394.        0.12264164        0.06303273        0.13789161       -0.00000005       -0.00000003        0.00000006
     4395.        0.12242145        0.06338211        0.13785609       -0.00000005       -0.00000003        0.00000006
     4396.        0.12221810        0.06373125        0.13783663       -0.00000005       -0.00000003        0.00000006
     4397.        0.12202978        0.06408312        0.13783291       -0.00000005       -0.00000003        0.00000006
     4398.        0.12185340        0.06444067        0.13784357       -0.00000005       -0.00000003        0.00000006
     4399.        0.12168611        0.06480567        0.13786690       -0.00000005       -0.00000003        0.00000006
     4400.        0.12152502        0.06517941        0.13790100       -0.00000005       -0.00000003        0.00000006
     4401.        0.12136648        0.06556243        0.13794295       -0.00000005       -0.00000003        0.00000006
     4402.        0.12120755        0.06595506        0.13799036       -0.00000005       -0.00000003        0.00000006
     4403.        0.12104524        0.06635609        0.13804014       -0.00000005       -0.00000003        0.00000006
     4404.        0.12087731        0.06676508        0.13809019       -0.00000005       -0.00000003        0.00000006
     4405.        0.12070124        0.06718007        0.13813743       -0.00000005       -0.00000003        0.00000006
     4406.        0.12051498        0.06759933        0.13817934       -0.00000005       -0.00000003        0.00000006
     4407.        0.12031748        0.06802089        0.13821409       -0.00000005       -0.00000003        0.00000005
     4408.        0.12010767        0.06844246        0.13823973       -0.00000005       -0.00000003        0.00000005
     4409.        0.11988499        0.06886126        0.13825442       -0.00000005       -0.00000003        0.00000005
     4410.        0.11964938        0.06927550        0.13825726       -0.00000005       -0.00000003        0.00000005
     4411.        0.11940103        0.06968284        0.13824725       -0.00000005       -0.00000003        0.00000005
     4412.        0.11914089        0.07008094        0.13822405       -0.00000005       -0.00000003        0.00000005
     4413.        0.11887018        0.07046795        0.13818774       -0.00000005       -0.00000003        0.00000005
     4414.        0.11859013        0.07084226        0.13813850       -0.00000005       -0.00000003        0.00000005
     4415.        0.11830251        0.07120248        0.13807707       -0.00000005       -0.00000003        0.00000005
     4416.        0.11800909        0.07154775        0.13800444       -0.00000005       -0.00000003        0.00000005
     4417.        0.11771190        0.07187746        0.13792193       -0.00000005       -0.00000003        0.00000005
     4418.        0.11741301        0.07219072        0.13783075       -0.00000005       -0.00000003        0.00000005
     4419.        0.11711399        0.07248819        0.13773244       -0.00000005       -0.00000003        0.00000005
     4420.        0.11681719        0.07277004        0.13762898       -0.00000005       -0.00000003        0.00000005
     4421.        0.11652447        0.07303667        0.13752202       -0.00000004       -0.00000003        0.00000005
     4422.        0.11623718        0.07328928        0.13741325       -0.00000004       -0.00000003        0.00000005
     4423.        0.11595720        0.07352883        0.13730462       -0.00000004       -0.00000003        0.00000005
     4424.        0.11568512        0.07375679        0.13719734       -0.00000004       -0.00000003        0.00000005
     4425.        0.11542259        0.07397415        0.13709321       -0.00000004       -0.00000003        0.00000005
     4426.        0.11517021        0.07418319        0.13699388       -0.00000004       -0.00000003        0.00000005
     4427.        0.11492808        0.07438492        0.13689989       -0.00000004       -0.00000003        0.00000005
     4428.        0.11469680        0.07458113        0.13681265       -0.00000004       -0.00000003        0.00000005
     4429.        0.11447619        0.07477338        0.13673279       -0.00000004       -0.00000003        0.00000005
     4430.        0.11426635        0.07496349        0.13666135       -0.00000004       -0.00000003        0.00000005
     4431.        0.11406657        0.07515224        0.13659811       -0.00000004       -0.00000003        0.00000005
     4432.        0.11387639        0.07534176        0.13654382       -0.00000004       -0.00000003        0.00000005
     4433.        0.11369483        0.07553232        0.13649779       -0.00000004       -0.00000003        0.00000005
     4434.        0.11352116        0.07572579        0.13646043       -0.00000004       -0.00000003        0.00000005
     4435.        0.11335437        0.07592247        0.13643106       -0.00000004       -0.00000003        0.00000005
     4436.        0.11319372        0.07612316        0.13640951       -0.00000004       -0.00000003        0.00000005
     4437.        0.11303765        0.07632872        0.13639496       -0.00000004       -0.00000003        0.00000005
     4438.        0.11288513        0.07653916        0.13638657       -0.00000004       -0.00000003        0.00000005
     4439.        0.11273539        0.07675452        0.13638374       -0.00000004       -0.00000003        0.00000005
     4440.        0.11258683        0.07697536        0.13638549       -0.00000004       -0.00000003        0.00000005
     4441.        0.11243840        0.07720146        0.13639083       -0.00000004       -0.00000003        0.00000005
     4442.        0.11228956        0.07743203        0.13639892       -0.00000004       -0.00000003        0.00000005
     4443.        0.11213898        0.07766737        0.13640884       -0.00000004       -0.00000003        0.00000005
     4444.        0.11198583        0.07790668        0.13641949       -0.00000004       -0.00000003        0.00000005
     4445.        0.11182930        0.07814918        0.13642979       -0.00000004       -0.00000003        0.00000005
     4446.        0.11166884        0.07839461        0.13643916       -0.00000004       -0.00000003        0.00000005
     4447.        0.11150360        0.07864216        0.13644649       -0.00000004       -0.00000003        0.00000005
     4448.        0.11133359        0.07889075        0.13645116       -0.00000004       -0.00000003        0.00000005
     4449.        0.11115822        0.07913984        0.13645243       -0.00000004       -0.00000003        0.00000005
     4450.        0.11097722        0.07938831        0.13644943       -0.00000004       -0.00000003        0.00000005
     4451.        0.11079055        0.07963535        0.13644169       -0.00000004       -0.00000003        0.00000005
     4452.        0.11059849        0.07988037        0.13642910       -0.00000004       -0.00000003        0.00000005
     4453.        0.11040072        0.08012228        0.13641077       -0.00000004       -0.00000003        0.00000005
     4454.        0.11019779        0.08036020        0.13638664       -0.00000004       -0.00000003        0.00000005
     4455.        0.10998997        0.08059328        0.13635641       -0.00000004       -0.00000003        0.00000005
     4456.        0.10977779        0.08082122        0.13632033       -0.00000004       -0.00000003        0.00000005
     4457.        0.10956180        0.08104287        0.13627815       -0.00000004       -0.00000003        0.00000005
     4458.        0.10934256        0.08125762        0.13622993       -0.00000004       -0.00000003        0.00000005
     4459.        0.10912118        0.08146488        0.13617620       -0.00000004       -0.00000003        0.00000005
     4460.        0.10889878        0.08166404        0.13611745       -0.00000004       -0.00000003        0.00000005
     4461.        0.10867623        0.08185477        0.13605413       -0.00000004       -0.00000003        0.00000005
     4462.        0.10845721        0.08203618        0.13598861       -0.00000004       -0.00000003        0.00000005
     4463.        0.10824513        0.08221331        0.13592659       -0.00000004       -0.00000003        0.00000005
     4464.        0.10802901        0.08239321        0.13586357       -0.00000004       -0.00000003        0.00000005
     4465.        0.10782332        0.08256002        0.13580141       -0.00000004       -0.00000003        0.00000005
     4466.        0.10761134        0.08274037        0.13574302       -0.00000004       -0.00000003        0.00000005
     4467.        0.10738792        0.08289760        0.13566200       -0.00000004       -0.00000003        0.00000005
     4468.        0.10718385        0.08304358        0.13558987       -0.00000004       -0.00000003        0.00000005
     4469.        0.10698952        0.08319824        0.13553119       -0.00000004       -0.00000003        0.00000005
     4470.        0.10678637        0.08335965        0.13547014       -0.00000004       -0.00000003        0.00000005
     4471.        0.10657121        0.08350918        0.13539278       -0.00000004       -0.00000003        0.00000005
     4472.        0.10636038        0.08363843        0.13530675       -0.00000004       -0.00000003        0.00000005
     4473.        0.10616544        0.08375736        0.13522720       -0.00000004       -0.00000003        0.00000005
     4474.        0.10598475        0.08387689        0.13515954       -0.00000004       -0.00000003        0.00000005
     4475.        0.10581292        0.08400282        0.13510310       -0.00000004       -0.00000003        0.00000005
     4476.        0.10564189        0.08413518        0.13505161       -0.00000004       -0.00000003        0.00000005
     4477.        0.10546674        0.08426907        0.13499819       -0.00000004       -0.00000003        0.00000005
     4478.        0.10528689        0.08439811        0.13493839       -0.00000004       -0.00000003        0.00000005
     4479.        0.10510755        0.08451703        0.13487299       -0.00000004       -0.00000003        0.00000005
     4480.        0.10493487        0.08462635        0.13480707       -0.00000004       -0.00000003        0.00000005
     4481.        0.10477358        0.08472954        0.13474642       -0.00000004       -0.00000003        0.00000005
     4482.        0.10462433        0.08483155        0.13469463       -0.00000004       -0.00000003        0.00000005
     4483.        0.10448632        0.08493677        0.13465380       -0.00000004       -0.00000003        0.00000005
     4484.        0.10435669        0.08504816        0.13462358       -0.00000004       -0.00000003        0.00000005
     4485.        0.10423224        0.08516695        0.13460226       -0.00000004       -0.00000003        0.00000005
     4486.        0.10410977        0.08529316        0.13458739       -0.00000004       -0.00000003        0.00000005
     4487.        0.10398633        0.08542536        0.13457581       -0.00000004       -0.00000003        0.00000005
     4488.        0.10386047        0.08556093        0.13456474       -0.00000004       -0.00000003        0.00000005
     4489.        0.10373216        0.08569780        0.13455287       -0.00000003       -0.00000003        0.00000005
     4490.        0.10360201        0.08583331        0.13453897       -0.00000003       -0.00000003        0.00000005
     4491.        0.10347239        0.08596657        0.13452429       -0.00000003       -0.00000003        0.00000005
     4492.        0.10334510        0.08609755        0.13451021       -0.00000003       -0.00000003        0.00000005
     4493.        0.10322165        0.08622746        0.13449864       -0.00000003       -0.00000003        0.00000005
     4494.        0.10310298        0.08635717        0.13449084       -0.00000003       -0.00000003        0.00000004
     4495.        0.10298971        0.08648939        0.13448902       -0.00000003       -0.00000003        0.00000004
     4496.        0.10288099        0.08662504        0.13449311       -0.00000003       -0.00000003        0.00000004
     4497.        0.10277594        0.08676563        0.13450342       -0.00000003       -0.00000003        0.00000004
     4498.        0.10267338        0.08691241        0.13451985       -0.00000003       -0.00000003        0.00000004
     4499.        0.10257122        0.08706540        0.13454085       -0.00000003       -0.00000003        0.00000004
     4500.        0.10246857        0.08722525        0.13456616       -0.00000003       -0.00000003        0.00000004
     4501.        0.10236330        0.08739138        0.13459383       -0.00000003       -0.00000003        0.00000004
     4502.        0.10225450        0.08756262        0.13462242       -0.00000003       -0.00000003        0.00000004
     4503.        0.10214065        0.08773838        0.13465041       -0.00000003       -0.00000003        0.00000004
     4504.        0.10202110        0.08791716        0.13467640       -0.00000003       -0.00000003        0.00000004
     4505.        0.10189585        0.08809746        0.13469939       -0.00000003       -0.00000003        0.00000004
     4506.        0.10176456        0.08827806        0.13471838       -0.00000003       -0.00000003        0.00000004
     4507.        0.10162813        0.08845744        0.13473305       -0.00000003       -0.00000003        0.00000004
     4508.        0.10148684        0.08863497        0.13474323       -0.00000003       -0.00000003        0.00000004
     4509.        0.10134192        0.08881003        0.13474942       -0.00000003       -0.00000003        0.00000004
     4510.        0.10119426        0.08898200        0.13475190       -0.00000003       -0.00000003        0.00000004
     4511.        0.10104448        0.08915117        0.13475132       -0.00000003       -0.00000003        0.00000004
     4512.        0.10089351        0.08931752        0.13474836       -0.00000003       -0.00000003        0.00000004
     4513.        0.10074196        0.08948197        0.13474408       -0.00000003       -0.00000003        0.00000004
     4514.        0.10058984        0.08964420        0.13473826       -0.00000003       -0.00000003        0.00000004
     4515.        0.10043747        0.08980513        0.13473176       -0.00000003       -0.00000003        0.00000004
     4516.        0.10028484        0.08996507        0.13472477       -0.00000003       -0.00000003        0.00000004
     4517.        0.10013166        0.09012431        0.13471726       -0.00000003       -0.00000003        0.00000004
     4518.        0.09997793        0.09028350        0.13470967       -0.00000003       -0.00000003        0.00000004
     4519.        0.09982334        0.09044261        0.13470176       -0.00000003       -0.00000003        0.00000004
     4520.        0.09966696        0.09060166        0.13469285       -0.00000003       -0.00000003        0.00000004
     4521.        0.09950909        0.09076033        0.13468295       -0.00000003       -0.00000003        0.00000004
     4522.        0.09934881        0.09091894        0.13467160       -0.00000003       -0.00000003        0.00000004
     4523.        0.09918610        0.09107717        0.13465858       -0.00000003       -0.00000003        0.00000004
     4524.        0.09902064        0.09123407        0.13464302       -0.00000003       -0.00000003        0.00000004
     4525.        0.09885179        0.09138995        0.13462467       -0.00000003       -0.00000003        0.00000004
     4526.        0.09868019        0.09154387        0.13460335       -0.00000003       -0.00000003        0.00000004
     4527.        0.09850487        0.09169519        0.13457792       -0.00000003       -0.00000003        0.00000004
     4528.        0.09832678        0.09184356        0.13454885       -0.00000003       -0.00000003        0.00000004
     4529.        0.09814590        0.09198835        0.13451570       -0.00000003       -0.00000003        0.00000004
     4530.        0.09796223        0.09212921        0.13447822       -0.00000003       -0.00000003        0.00000004
     4531.        0.09777672        0.09226519        0.13443643       -0.00000003       -0.00000003        0.00000004
     4532.        0.09758938        0.09239625        0.13439030       -0.00000003       -0.00000003        0.00000004
     4533.        0.09740147        0.09252237        0.13434074       -0.00000003       -0.00000003        0.00000004
     4534.        0.09721332        0.09264289        0.13428750       -0.00000003       -0.00000003        0.00000004
     4535.        0.09702525        0.09275810        0.13423101       -0.00000003       -0.00000003        0.00000004
     4536.        0.09683857        0.09286798        0.13417217       -0.00000003       -0.00000003        0.00000004
     4537.        0.09665360        0.09297283        0.13411139       -0.00000003       -0.00000003        0.00000004
     4538.        0.09647068        0.09307295        0.13404912       -0.00000003       -0.00000003        0.00000004
     4539.        0.09629047        0.09316831        0.13398578       -0.00000003       -0.00000003        0.00000004
     4540.        0.09611332        0.09326020        0.13392250       -0.00000003       -0.00000003        0.00000004
     4541.        0.09593990        0.09334826        0.13385948       -0.00000003       -0.00000003        0.00000004
     4542.        0.09576990        0.09343345        0.13379717       -0.00000003       -0.00000003        0.00000004
     4543.        0.09560399        0.09351577        0.13373602       -0.00000003       -0.00000003        0.00000004
     4544.        0.09544189        0.09359651        0.13367670       -0.00000003       -0.00000003        0.00000004
     4545.        0.09528361        0.09367565        0.13361921       -0.00000003       -0.00000003        0.00000004
     4546.        0.09512950        0.09375352        0.13356400       -0.00000003       -0.00000003        0.00000004
     4547.        0.09497926        0.09383077        0.13351132       -0.00000003       -0.00000003        0.00000004
     4548.        0.09483226        0.09390805        0.13346115       -0.00000003       -0.00000003        0.00000004
     4549.        0.09468918        0.09398536        0.13341397       -0.00000003       -0.00000003        0.00000004
     4550.        0.09454905        0.09406336        0.13336956       -0.00000003       -0.00000003        0.00000004
     4551.        0.09441190        0.09414173        0.13332769       -0.00000003       -0.00000003        0.00000004
     4552.        0.09427742        0.09422113        0.13328861       -0.00000003       -0.00000003        0.00000004
     4553.        0.09414530        0.09430190        0.13325234       -0.00000003       -0.00000003        0.00000004
     4554.        0.09401554        0.09438371        0.13321865       -0.00000003       -0.00000003        0.00000004
     4555.        0.09388718        0.09446724        0.13318732       -0.00000003       -0.00000003        0.00000004
     4556.        0.09376056        0.09455182        0.13315814       -0.00000003       -0.00000003        0.00000004
     4557.        0.09363503        0.09463781        0.13313089       -0.00000003       -0.00000003        0.00000004
     4558.        0.09351026        0.09472553        0.13310558       -0.00000003       -0.00000003        0.00000004
     4559.        0.09338660        0.09481433        0.13308199       -0.00000003       -0.00000003        0.00000004
     4560.        0.09326306        0.09490423        0.13305943       -0.00000003       -0.00000003        0.00000004
     4561.        0.09313998        0.09499522        0.13303814       -0.00000003       -0.00000003        0.00000004
     4562.        0.09301736        0.09508731        0.13301814       -0.00000003       -0.00000003        0.00000004
     4563.        0.09289454        0.09518018        0.13299873       -0.00000003       -0.00000003        0.00000004
     4564.        0.09277153        0.09527349        0.13297968       -0.00000003       -0.00000003        0.00000004
     4565.        0.09264866        0.09536758        0.13296146       -0.00000003       -0.00000003        0.00000004
     4566.        0.09252561        0.09546179        0.13294338       -0.00000003       -0.00000003        0.00000004
     4567.        0.09240238        0.09555612        0.13292544       -0.00000003       -0.00000003        0.00000004
     4568.        0.09227931        0.09565091        0.13290812       -0.00000003       -0.00000003        0.00000004
     4569.        0.09215641        0.09574548        0.13289093       -0.00000003       -0.00000003        0.00000004
     4570.        0.09203333        0.09584018        0.13287390       -0.00000003       -0.00000003        0.00000004
     4571.        0.09191077        0.09593466        0.13285725       -0.00000003       -0.00000003        0.00000004
     4572.        0.09178806        0.09602927        0.13284076       -0.00000003       -0.00000003        0.00000004
     4573.        0.09166587        0.09612367        0.13282467       -0.00000003       -0.00000003        0.00000004
     4574.        0.09154422        0.09621820        0.13280921       -0.00000003       -0.00000003        0.00000004
     4575.        0.09142276        0.09631286        0.13279416       -0.00000003       -0.00000003        0.00000004
     4576.        0.09130219        0.09640732        0.13277975       -0.00000003       -0.00000003        0.00000004
     4577.        0.09118184        0.09650225        0.13276600       -0.00000003       -0.00000003        0.00000004
     4578.        0.09106238        0.09659732        0.13275315       -0.00000003       -0.00000003        0.00000004
     4579.        0.09094316        0.09669287        0.13274099       -0.00000003       -0.00000003        0.00000004
     4580.        0.09082450        0.09678891        0.13272974       -0.00000003       -0.00000003        0.00000004
     4581.        0.09070643        0.09688544        0.13271942       -0.00000003       -0.00000003        0.00000004
     4582.        0.09058894        0.09698281        0.13271029       -0.00000003       -0.00000003        0.00000004
     4583.        0.09047170        0.09708102        0.13270212       -0.00000003       -0.00000003        0.00000004
     4584.        0.09035438        0.09718007        0.13269469       -0.00000003       -0.00000003        0.00000004
     4585.        0.09023731        0.09728032        0.13268848       -0.00000003       -0.00000003        0.00000004
     4586.        0.09012051        0.09738144        0.13268327       -0.00000003       -0.00000003        0.00000004
     4587.        0.09000328        0.09748376        0.13267884       -0.00000003       -0.00000003        0.00000004
     4588.        0.08988563        0.09758730        0.13267519       -0.00000003       -0.00000003        0.00000004
     4589.        0.08976791        0.09769171        0.13267233       -0.00000003       -0.00000003        0.00000004
     4590.        0.08964908        0.09779770        0.13267007       -0.00000003       -0.00000003        0.00000004
     4591.        0.08952983        0.09790457        0.13266837       -0.00000003       -0.00000003        0.00000004
     4592.        0.08940947        0.09801234        0.13266677       -0.00000003       -0.00000003        0.00000004
     4593.        0.08928800        0.09812170        0.13266581       -0.00000003       -0.00000003        0.00000004
     4594.        0.08916507        0.09823162        0.13266447       -0.00000003       -0.00000003        0.00000004
     4595.        0.08904102        0.09834244        0.13266325       -0.00000003       -0.00000003        0.00000004
     4596.        0.08891515        0.09845418        0.13266171       -0.00000003       -0.00000003        0.00000004
     4597.        0.08878746        0.09856683        0.13265984       -0.00000003       -0.00000003        0.00000004
     4598.        0.08865794        0.09867970        0.13265713       -0.00000003       -0.00000003        0.00000004
     4599.        0.08852660        0.09879314        0.13265385       -0.00000003       -0.00000003        0.00000004
     4600.        0.08839272        0.09890645        0.13264900       -0.00000003       -0.00000003        0.00000004
     4601.        0.08825699        0.09902034        0.13264360       -0.00000002       -0.00000003        0.00000004
     4602.        0.08811908        0.09913374        0.13263661       -0.00000002       -0.00000003        0.00000004
     4603.        0.08797860        0.09924701        0.13262806       -0.00000002       -0.00000003        0.00000004
     4604.        0.08783592        0.09935945        0.13261768       -0.00000002       -0.00000003        0.00000004
     4605.        0.08769067        0.09947139        0.13260547       -0.00000002       -0.00000003        0.00000004
     4606.        0.08754284        0.09958250        0.13259119       -0.00000002       -0.00000003        0.00000004
     4607.        0.08739279        0.09969204        0.13257452       -0.00000002       -0.00000003        0.00000004
     4608.        0.08724050        0.09980038        0.13255573       -0.00000002       -0.00000003        0.00000004
     4609.        0.08708563        0.09990750        0.13253458       -0.00000002       -0.00000003        0.00000004
     4610.        0.08692851        0.10001234        0.13251050       -0.00000002       -0.00000003        0.00000004
     4611.        0.08676914        0.10011559        0.13248402       -0.00000002       -0.00000003        0.00000004
     4612.        0.08660788        0.10021618        0.13245455       -0.00000002       -0.00000003        0.00000004
     4613.        0.08644473        0.10031481        0.13242263       -0.00000002       -0.00000003        0.00000004
     4614.        0.08627967        0.10041076        0.13238770       -0.00000002       -0.00000003        0.00000004
     4615.        0.08611307        0.10050401        0.13234998       -0.00000002       -0.00000003        0.00000004
     4616.        0.08594492        0.10059421        0.13230920       -0.00000002       -0.00000003        0.00000004
     4617.        0.08577559        0.10068169        0.13226584       -0.00000002       -0.00000003        0.00000004
     4618.        0.08560507        0.10076608        0.13221963       -0.00000002       -0.00000003        0.00000004
     4619.        0.08543372        0.10084701        0.13217050       -0.00000002       -0.00000003        0.00000004
     4620.        0.08526155        0.10092520        0.13211899       -0.00000002       -0.00000003        0.00000004
     4621.        0.08508892        0.10099954        0.13206450       -0.00000002       -0.00000003        0.00000004
     4622.        0.08491620        0.10107074        0.13200779       -0.00000002       -0.00000003        0.00000004
     4623.        0.08474302        0.10113880        0.13194861       -0.00000002       -0.00000003        0.00000004
     4624.        0.08457048        0.10120334        0.13188739       -0.00000002       -0.00000003        0.00000004
     4625.        0.08439823        0.10126435        0.13182385       -0.00000002       -0.00000003        0.00000004
     4626.        0.08422626        0.10132217        0.13175828       -0.00000002       -0.00000003        0.00000004
     4627.        0.08405532        0.10137680        0.13169112       -0.00000002       -0.00000003        0.00000004
     4628.        0.08388541        0.10142823        0.13162237       -0.00000002       -0.00000003        0.00000004
     4629.        0.08371655        0.10147644        0.13155200       -0.00000002       -0.00000003        0.00000004
     4630.        0.08354910        0.10152143        0.13148024       -0.00000002       -0.00000003        0.00000004
     4631.        0.08338308        0.10156391        0.13140764       -0.00000002       -0.00000003        0.00000004
     4632.        0.08321850        0.10160315        0.13133362       -0.00000002       -0.00000003        0.00000004
     4633.        0.08305611        0.10163987        0.13125921       -0.00000002       -0.00000003        0.00000004
     4634.        0.08289554        0.10167406        0.13118417       -0.00000002       -0.00000003        0.00000004
     4635.        0.08273681        0.10170571        0.13110848       -0.00000002       -0.00000003        0.00000004
     4636.        0.08258031        0.10173519        0.13103266       -0.00000002       -0.00000003        0.00000004
     4637.        0.08242603        0.10176249        0.13095669       -0.00000002       -0.00000003        0.00000004
     4638.        0.08227437        0.10178798        0.13088111       -0.00000002       -0.00000003        0.00000004
     4639.        0.08212497        0.10181127        0.13080537       -0.00000002       -0.00000003        0.00000004
     4640.        0.08197784        0.10183310        0.13073006       -0.00000002       -0.00000003        0.00000004
     4641.        0.08183337        0.10185348        0.13065539       -0.00000002       -0.00000003        0.00000003
     4642.        0.08169119        0.10187239        0.13058115       -0.00000002       -0.00000003        0.00000003
     4643.        0.08155170        0.10188984        0.13050755       -0.00000002       -0.00000003        0.00000003
     4644.        0.08141490        0.10190657        0.13043517       -0.00000002       -0.00000003        0.00000003
     4645.        0.08128044        0.10192219        0.13036351       -0.00000002       -0.00000003        0.00000003
     4646.        0.08114870        0.10193672        0.13029277       -0.00000002       -0.00000003        0.00000003
     4647.        0.08101970        0.10195090        0.13022357       -0.00000002       -0.00000003        0.00000003
     4648.        0.08089307        0.10196473        0.13015565       -0.00000002       -0.00000003        0.00000003
     4649.        0.08076882        0.10197783        0.13008874       -0.00000002       -0.00000003        0.00000003
     4650.        0.08064735        0.10199096        0.13002366       -0.00000002       -0.00000003        0.00000003
     4651.        0.08052792        0.10200374        0.12995964       -0.00000002       -0.00000003        0.00000003
     4652.        0.08041090        0.10201656        0.12989723       -0.00000002       -0.00000003        0.00000003
     4653.        0.08029670        0.10202978        0.12983696       -0.00000002       -0.00000003        0.00000003
     4654.        0.08018419        0.10204304        0.12977783       -0.00000002       -0.00000003        0.00000003
     4655.        0.08007413        0.10205634        0.12972032       -0.00000002       -0.00000003        0.00000003
     4656.        0.07996616        0.10207005        0.12966450       -0.00000002       -0.00000003        0.00000003
     4657.        0.07986029        0.10208457        0.12961067       -0.00000002       -0.00000003        0.00000003
     4658.        0.07975615        0.10209952        0.12955831       -0.00000002       -0.00000003        0.00000003
     4659.        0.07965413        0.10211490        0.12950766       -0.00000002       -0.00000003        0.00000003
     4660.        0.07955386        0.10213109        0.12945878       -0.00000002       -0.00000003        0.00000003
     4661.        0.07945534        0.10214811        0.12941170       -0.00000002       -0.00000003        0.00000003
     4662.        0.07935859        0.10216595        0.12936641       -0.00000002       -0.00000003        0.00000003
     4663.        0.07926323        0.10218462        0.12932268       -0.00000002       -0.00000003        0.00000003
     4664.        0.07916927        0.10220413        0.12928054       -0.00000002       -0.00000003        0.00000003
     4665.        0.07907671        0.10222486        0.12924027       -0.00000002       -0.00000003        0.00000003
     4666.        0.07898557        0.10224605        0.12920130       -0.00000002       -0.00000003        0.00000003
     4667.        0.07889585        0.10226848        0.12916422       -0.00000002       -0.00000003        0.00000003
     4668.        0.07880678        0.10229215        0.12912859       -0.00000002       -0.00000003        0.00000003
     4669.        0.07871877        0.10231668        0.12909433       -0.00000002       -0.00000003        0.00000003
     4670.        0.07863181        0.10234207        0.12906146       -0.00000002       -0.00000003        0.00000003
     4671.        0.07854590        0.10236872        0.12903028       -0.00000002       -0.00000003        0.00000003
     4672.        0.07846068        0.10239625        0.12900027       -0.00000002       -0.00000003        0.00000003
     4673.        0.07837575        0.10242505        0.12897150       -0.00000002       -0.00000003        0.00000003
     4674.        0.07829189        0.10245473        0.12894414       -0.00000002       -0.00000003        0.00000003
     4675.        0.07820834        0.10248530        0.12891773       -0.00000002       -0.00000003        0.00000003
     4676.        0.07812549        0.10251677        0.12889251       -0.00000002       -0.00000003        0.00000003
     4677.        0.07804294        0.10254914        0.12886825       -0.00000002       -0.00000003        0.00000003
     4678.        0.07796070        0.10258280        0.12884526       -0.00000002       -0.00000003        0.00000003
     4679.        0.07787879        0.10261698        0.12882294       -0.00000002       -0.00000003        0.00000003
     4680.        0.07779719        0.10265207        0.12880159       -0.00000002       -0.00000003        0.00000003
     4681.        0.07771591        0.10268809        0.12878123       -0.00000002       -0.00000003        0.00000003
     4682.        0.07763457        0.10272463        0.12876131       -0.00000002       -0.00000003        0.00000003
     4683.        0.07755355        0.10276210        0.12874239       -0.00000002       -0.00000003        0.00000003
     4684.        0.07747247        0.10280010        0.12872391       -0.00000002       -0.00000003        0.00000003
     4685.        0.07739133        0.10283865        0.12870589       -0.00000002       -0.00000003        0.00000003
     4686.        0.07731013        0.10287774        0.12868833       -0.00000002       -0.00000003        0.00000003
     4687.        0.07722927        0.10291777        0.12867178       -0.00000002       -0.00000003        0.00000003
     4688.        0.07714836        0.10295796        0.12865539       -0.00000002       -0.00000003        0.00000003
     4689.        0.07706699        0.10299869        0.12863923       -0.00000002       -0.00000003        0.00000003
     4690.        0.07698597        0.10303999        0.12862379       -0.00000002       -0.00000003        0.00000003
     4691.        0.07690490        0.10308144        0.12860851       -0.00000002       -0.00000003        0.00000003
     4692.        0.07682378        0.10312346        0.12859371       -0.00000002       -0.00000003        0.00000003
     4693.        0.07674262        0.10316564        0.12857908       -0.00000002       -0.00000003        0.00000003
     4694.        0.07666141        0.10320799        0.12856462       -0.00000002       -0.00000003        0.00000003
     4695.        0.07658016        0.10325091        0.12855066       -0.00000002       -0.00000003        0.00000003
     4696.        0.07649886        0.10329360        0.12853655       -0.00000002       -0.00000003        0.00000003
     4697.        0.07641753        0.10333687        0.12852294       -0.00000002       -0.00000003        0.00000003
     4698.        0.07633616        0.10337990        0.12850920       -0.00000002       -0.00000003        0.00000003
     4699.        0.07625476        0.10342352        0.12849596       -0.00000002       -0.00000003        0.00000003
     4700.        0.07617332        0.10346691        0.12848259       -0.00000002       -0.00000003        0.00000003
     4701.        0.07609225        0.10351048        0.12846965       -0.00000002       -0.00000003        0.00000003
     4702.        0.07601075        0.10355383        0.12845634       -0.00000002       -0.00000003        0.00000003
     4703.        0.07592962        0.10359777        0.12844378       -0.00000002       -0.00000003        0.00000003
     4704.        0.07584887        0.10364148        0.12843134       -0.00000002       -0.00000003        0.00000003
     4705.        0.07576770        0.10368539        0.12841886       -0.00000002       -0.00000003        0.00000003
     4706.        0.07568690        0.10372907        0.12840649       -0.00000002       -0.00000003        0.00000003
     4707.        0.07560649        0.10377294        0.12839456       -0.00000002       -0.00000003        0.00000003
     4708.        0.07552606        0.10381700        0.12838285       -0.00000002       -0.00000003        0.00000003
     4709.        0.07544562        0.10386125        0.12837134       -0.00000002       -0.00000003        0.00000003
     4710.        0.07536557        0.10390528        0.12835995       -0.00000002       -0.00000003        0.00000003
     4711.        0.07528551        0.10394951        0.12834878       -0.00000002       -0.00000003        0.00000003
     4712.        0.07520584        0.10399353        0.12833773       -0.00000002       -0.00000003        0.00000003
     4713.        0.07512658        0.10403815        0.12832747       -0.00000002       -0.00000003        0.00000003
     4714.        0.07504731        0.10408256        0.12831710       -0.00000002       -0.00000003        0.00000003
     4715.        0.07496805        0.10412676        0.12830663       -0.00000002       -0.00000003        0.00000003
     4716.        0.07488959        0.10417157        0.12829718       -0.00000002       -0.00000003        0.00000003
     4717.        0.07481114        0.10421617        0.12828764       -0.00000002       -0.00000003        0.00000003
     4718.        0.07473270        0.10426139        0.12827865       -0.00000002       -0.00000003        0.00000003
     4719.        0.07465467        0.10430640        0.12826981       -0.00000002       -0.00000003        0.00000003
     4720.        0.07457706        0.10435161        0.12826144       -0.00000002       -0.00000003        0.00000003
     4721.        0.07449947        0.10439703        0.12825331       -0.00000002       -0.00000003        0.00000003
     4722.        0.07442230        0.10444308        0.12824599       -0.00000002       -0.00000003        0.00000003
     4723.        0.07434555        0.10448892        0.12823883       -0.00000002       -0.00000003        0.00000003
     4724.        0.07426883        0.10453498        0.12823190       -0.00000002       -0.00000003        0.00000003
     4725.        0.07419254        0.10458125        0.12822547       -0.00000002       -0.00000003        0.00000003
     4726.        0.07411627        0.10462815        0.12821962       -0.00000002       -0.00000003        0.00000003
     4727.        0.07404003        0.10467527        0.12821403       -0.00000002       -0.00000003        0.00000003
     4728.        0.07396422        0.10472262        0.12820894       -0.00000002       -0.00000003        0.00000003
     4729.        0.07388886        0.10477018        0.12820435       -0.00000002       -0.00000003        0.00000003
     4730.        0.07381312        0.10481796        0.12819977       -0.00000002       -0.00000003        0.00000003
     4731.        0.07373782        0.10486639        0.12819605       -0.00000002       -0.00000003        0.00000003
     4732.        0.07366298        0.10491505        0.12819283       -0.00000002       -0.00000003        0.00000003
     4733.        0.07358775        0.10496393        0.12818964       -0.00000002       -0.00000003        0.00000003
     4734.        0.07351298        0.10501347        0.12818731       -0.00000002       -0.00000003        0.00000003
     4735.        0.07343825        0.10506323        0.12818526       -0.00000002       -0.00000003        0.00000003
     4736.        0.07336356        0.10511324        0.12818348       -0.00000002       -0.00000003        0.00000003
     4737.        0.07328892        0.10516390        0.12818233       -0.00000002       -0.00000003        0.00000003
     4738.        0.07321432        0.10521480        0.12818147       -0.00000002       -0.00000003        0.00000003
     4739.        0.07313977        0.10526635        0.12818124       -0.00000002       -0.00000003        0.00000003
     4740.        0.07306526        0.10531816        0.12818130       -0.00000002       -0.00000003        0.00000003
     4741.        0.07299081        0.10537021        0.12818166       -0.00000002       -0.00000003        0.00000003
     4742.        0.07291640        0.10542292        0.12818266       -0.00000002       -0.00000002        0.00000003
     4743.        0.07284163        0.10547631        0.12818407       -0.00000002       -0.00000002        0.00000003
     4744.        0.07276691        0.10552995        0.12818578       -0.00000002       -0.00000002        0.00000003
     4745.        0.07269225        0.10558385        0.12818780       -0.00000002       -0.00000002        0.00000003
     4746.        0.07261722        0.10563842        0.12819024       -0.00000002       -0.00000002        0.00000003
     4747.        0.07254225        0.10569325        0.12819298       -0.00000002       -0.00000002        0.00000003
     4748.        0.07246692        0.10574876        0.12819616       -0.00000002       -0.00000002        0.00000003
     4749.        0.07239121        0.10580454        0.12819941       -0.00000002       -0.00000002        0.00000003
