     4151.        0.00685442        0.10363835        0.10386477       -0.00000045        0.00000003        0.00000045
     4152.        0.00549121        0.08086366        0.08104989       -0.00000045        0.00000003        0.00000045
     4153.        0.00328623        0.04754573        0.04765916       -0.00000046        0.00000003        0.00000046
     4154.        0.04906618       -0.00093455        0.04907508       -0.00000047        0.00000001        0.00000047
     4155.        0.08480725        0.00132828        0.08481766       -0.00000047       -0.00000001        0.00000047
     4156.        0.10561349        0.00165545        0.10562647       -0.00000046       -0.00000001        0.00000046
     4157.        0.12600481        0.00549243        0.12612446       -0.00000046       -0.00000002        0.00000046
     4158.        0.13748200        0.00997425        0.13784334       -0.00000044       -0.00000003        0.00000044
     4159.        0.14871781        0.00947018        0.14901903       -0.00000043       -0.00000003        0.00000043
     4160.        0.16173474        0.01073450        0.16209058       -0.00000043       -0.00000003        0.00000043
     4161.        0.17279557        0.01488757        0.17343572       -0.00000043       -0.00000004        0.00000043
     4162.        0.17997187        0.01931716        0.18100559       -0.00000042       -0.00000005        0.00000042
     4163.        0.18506271        0.02123947        0.18627754       -0.00000041       -0.00000005        0.00000041
     4164.        0.19087782        0.02126661        0.19205887       -0.00000040       -0.00000004        0.00000040
     4165.        0.19790630        0.02137759        0.19905754       -0.00000040       -0.00000004        0.00000040
     4166.        0.20527891        0.02259611        0.20651880       -0.00000040       -0.00000004        0.00000040
     4167.        0.21201865        0.02499240        0.21348660       -0.00000039       -0.00000005        0.00000040
     4168.        0.21745268        0.02804815        0.21925411       -0.00000039       -0.00000005        0.00000039
     4169.        0.22143063        0.03095181        0.22358340       -0.00000038       -0.00000005        0.00000039
     4170.        0.22438563        0.03302046        0.22680226       -0.00000038       -0.00000006        0.00000038
     4171.        0.22704463        0.03406353        0.22958569       -0.00000037       -0.00000006        0.00000037
     4172.        0.22998428        0.03437092        0.23253845       -0.00000036       -0.00000005        0.00000037
     4173.        0.23342511        0.03441865        0.23594899       -0.00000036       -0.00000005        0.00000036
     4174.        0.23729021        0.03461159        0.23980118       -0.00000036       -0.00000005        0.00000036
     4175.        0.24135570        0.03518808        0.24390731       -0.00000035       -0.00000005        0.00000036
     4176.        0.24536502        0.03622539        0.24802474       -0.00000035       -0.00000005        0.00000035
     4177.        0.24908924        0.03767486        0.25192230       -0.00000035       -0.00000005        0.00000035
     4178.        0.25236345        0.03939799        0.25542026       -0.00000035       -0.00000005        0.00000035
     4179.        0.25511170        0.04120471        0.25841790       -0.00000034       -0.00000006        0.00000035
     4180.        0.25735580        0.04289750        0.26090650       -0.00000034       -0.00000006        0.00000034
     4181.        0.25920054        0.04431672        0.26296177       -0.00000033       -0.00000006        0.00000034
     4182.        0.26080719        0.04537423        0.26472478       -0.00000033       -0.00000006        0.00000034
     4183.        0.26234519        0.04606390        0.26635856       -0.00000033       -0.00000006        0.00000033
     4184.        0.26395397        0.04644795        0.26800953       -0.00000032       -0.00000006        0.00000033
     4185.        0.26572505        0.04662914        0.26978525       -0.00000032       -0.00000006        0.00000033
     4186.        0.26769397        0.04672173        0.27174066       -0.00000032       -0.00000006        0.00000032
     4187.        0.26985010        0.04682916        0.27388328       -0.00000032       -0.00000005        0.00000032
     4188.        0.27215228        0.04703171        0.27618625       -0.00000031       -0.00000005        0.00000032
     4189.        0.27454104        0.04738214        0.27859980       -0.00000031       -0.00000005        0.00000032
     4190.        0.27695025        0.04790574        0.28106299       -0.00000031       -0.00000005        0.00000031
     4191.        0.27931631        0.04860338        0.28351348       -0.00000031       -0.00000005        0.00000031
     4192.        0.28158151        0.04945578        0.28589163       -0.00000031       -0.00000005        0.00000031
     4193.        0.28370417        0.05042796        0.28815107       -0.00000030       -0.00000005        0.00000031
     4194.        0.28565532        0.05147430        0.29025603       -0.00000030       -0.00000005        0.00000031
     4195.        0.28742255        0.05254443        0.29218597       -0.00000030       -0.00000006        0.00000031
     4196.        0.28901316        0.05358827        0.29393929       -0.00000030       -0.00000006        0.00000030
     4197.        0.29044655        0.05456159        0.29552693       -0.00000030       -0.00000006        0.00000030
     4198.        0.29175592        0.05543002        0.29697475       -0.00000029       -0.00000006        0.00000030
     4199.        0.29298097        0.05617210        0.29831720       -0.00000029       -0.00000006        0.00000030
     4200.        0.29416610        0.05678002        0.29959583       -0.00000029       -0.00000006        0.00000030
     4201.        0.29535137        0.05725896        0.30085049       -0.00000029       -0.00000006        0.00000029
     4202.        0.29657313        0.05762475        0.30211956       -0.00000029       -0.00000006        0.00000029
     4203.        0.29785744        0.05790109        0.30343301       -0.00000028       -0.00000006        0.00000029
     4204.        0.29922476        0.05811624        0.30481627       -0.00000028       -0.00000005        0.00000029
     4205.        0.30068214        0.05829983        0.30628193       -0.00000028       -0.00000005        0.00000029
     4206.        0.30223218        0.05848047        0.30783803       -0.00000028       -0.00000005        0.00000029
     4207.        0.30386963        0.05868397        0.30948434       -0.00000028       -0.00000005        0.00000028
     4208.        0.30558098        0.05893162        0.31121162       -0.00000028       -0.00000005        0.00000028
     4209.        0.30735303        0.05924032        0.31301006       -0.00000028       -0.00000005        0.00000028
     4210.        0.30916844        0.05962145        0.31486479       -0.00000028       -0.00000005        0.00000028
     4211.        0.31100787        0.06008172        0.31675813       -0.00000028       -0.00000005        0.00000028
     4212.        0.31285455        0.06062269        0.31867394       -0.00000027       -0.00000005        0.00000028
     4213.        0.31469094        0.06124183        0.32059468       -0.00000027       -0.00000005        0.00000028
     4214.        0.31650224        0.06193293        0.32250482       -0.00000027       -0.00000005        0.00000028
     4215.        0.31827544        0.06268651        0.32438997       -0.00000027       -0.00000005        0.00000028
     4216.        0.32000051        0.06349103        0.32623831       -0.00000027       -0.00000005        0.00000028
     4217.        0.32167185        0.06433294        0.32804192       -0.00000027       -0.00000005        0.00000028
     4218.        0.32328601        0.06519818        0.32979485       -0.00000027       -0.00000005        0.00000027
     4219.        0.32484306        0.06607256        0.33149449       -0.00000027       -0.00000005        0.00000027
     4220.        0.32634913        0.06694276        0.33314425       -0.00000027       -0.00000005        0.00000027
     4221.        0.32780809        0.06779662        0.33474546       -0.00000027       -0.00000006        0.00000027
     4222.        0.32923131        0.06862397        0.33630716       -0.00000027       -0.00000006        0.00000027
     4223.        0.33062801        0.06941733        0.33783672       -0.00000027       -0.00000006        0.00000027
     4224.        0.33201016        0.07017143        0.33934462       -0.00000026       -0.00000006        0.00000027
     4225.        0.33339256        0.07088389        0.34084472       -0.00000026       -0.00000006        0.00000027
     4226.        0.33478658        0.07155511        0.34234806       -0.00000026       -0.00000006        0.00000027
     4227.        0.33620517        0.07218785        0.34386771       -0.00000026       -0.00000006        0.00000027
     4228.        0.33765894        0.07278704        0.34541499       -0.00000026       -0.00000006        0.00000027
     4229.        0.33915877        0.07335961        0.34700188       -0.00000026       -0.00000006        0.00000027
     4230.        0.34071051        0.07391375        0.34863577       -0.00000026       -0.00000006        0.00000027
     4231.        0.34232272        0.07445841        0.35032685       -0.00000026       -0.00000006        0.00000027
     4232.        0.34399880        0.07500348        0.35208052       -0.00000026       -0.00000006        0.00000026
     4233.        0.34574213        0.07555881        0.35390219       -0.00000026       -0.00000006        0.00000026
     4234.        0.34755211        0.07613428        0.35579333       -0.00000026       -0.00000006        0.00000026
     4235.        0.34943069        0.07673902        0.35775786       -0.00000026       -0.00000006        0.00000026
     4236.        0.35137575        0.07738200        0.35979563       -0.00000026       -0.00000006        0.00000026
     4237.        0.35338365        0.07807116        0.36190484       -0.00000026       -0.00000006        0.00000026
     4238.        0.35545058        0.07881333        0.36408331       -0.00000026       -0.00000006        0.00000026
     4239.        0.35757397        0.07961455        0.36632993       -0.00000026       -0.00000006        0.00000026
     4240.        0.35974832        0.08047997        0.36864059       -0.00000026       -0.00000006        0.00000026
     4241.        0.36196797        0.08141328        0.37101069       -0.00000026       -0.00000006        0.00000026
     4242.        0.36422844        0.08241780        0.37343681       -0.00000026       -0.00000006        0.00000026
     4243.        0.36652516        0.08349517        0.37591506       -0.00000026       -0.00000006        0.00000026
     4244.        0.36885479        0.08464676        0.37844277       -0.00000026       -0.00000006        0.00000026
     4245.        0.37121103        0.08587290        0.38101415       -0.00000026       -0.00000006        0.00000026
     4246.        0.37359174        0.08717290        0.38362730       -0.00000026       -0.00000006        0.00000026
     4247.        0.37599470        0.08854615        0.38628025       -0.00000026       -0.00000006        0.00000027
     4248.        0.37841762        0.08999095        0.38897078       -0.00000026       -0.00000006        0.00000027
     4249.        0.38085813        0.09150586        0.39169661       -0.00000026       -0.00000006        0.00000027
     4250.        0.38331825        0.09308889        0.39445965       -0.00000026       -0.00000006        0.00000027
     4251.        0.38579851        0.09473829        0.39726041       -0.00000026       -0.00000006        0.00000027
     4252.        0.38830094        0.09645227        0.40010082       -0.00000026       -0.00000006        0.00000027
     4253.        0.39082913        0.09822954        0.40298443       -0.00000026       -0.00000007        0.00000027
     4254.        0.39338667        0.10006953        0.40591500       -0.00000026       -0.00000007        0.00000027
     4255.        0.39597727        0.10197194        0.40889641       -0.00000026       -0.00000007        0.00000027
     4256.        0.39861076        0.10393752        0.41193876       -0.00000026       -0.00000007        0.00000027
     4257.        0.40129104        0.10596808        0.41504666       -0.00000026       -0.00000007        0.00000027
     4258.        0.40402823        0.10806669        0.41823106       -0.00000026       -0.00000007        0.00000027
     4259.        0.40683109        0.11023738        0.42150186       -0.00000026       -0.00000007        0.00000027
     4260.        0.40970850        0.11248584        0.42486953       -0.00000026       -0.00000007        0.00000027
     4261.        0.41267109        0.11481921        0.42834668       -0.00000026       -0.00000007        0.00000027
     4262.        0.41572807        0.11724667        0.43194515       -0.00000026       -0.00000007        0.00000027
     4263.        0.41889355        0.11977852        0.43568187       -0.00000026       -0.00000008        0.00000027
     4264.        0.42217868        0.12242790        0.43957187       -0.00000027       -0.00000008        0.00000028
     4265.        0.42559479        0.12520916        0.44363077       -0.00000027       -0.00000008        0.00000028
     4266.        0.42915662        0.12813978        0.44787856       -0.00000027       -0.00000008        0.00000028
     4267.        0.43287586        0.13123897        0.45233304       -0.00000027       -0.00000008        0.00000028
     4268.        0.43676603        0.13452951        0.45701505       -0.00000027       -0.00000008        0.00000028
     4269.        0.44084409        0.13803653        0.46194977       -0.00000027       -0.00000008        0.00000028
     4270.        0.44512397        0.14178930        0.46716117       -0.00000027       -0.00000009        0.00000029
     4271.        0.44961983        0.14582071        0.47267501       -0.00000027       -0.00000009        0.00000029
     4272.        0.45435093        0.15016832        0.47852408       -0.00000027       -0.00000009        0.00000029
     4273.        0.45933354        0.15487540        0.48474084       -0.00000028       -0.00000009        0.00000029
     4274.        0.46458576        0.15999144        0.49136259       -0.00000028       -0.00000010        0.00000029
     4275.        0.47012935        0.16557391        0.49843387       -0.00000028       -0.00000010        0.00000030
     4276.        0.47598632        0.17168838        0.50600383       -0.00000028       -0.00000010        0.00000030
     4277.        0.48217732        0.17841619        0.51412772       -0.00000029       -0.00000011        0.00000030
     4278.        0.48872836        0.18584534        0.52287083       -0.00000029       -0.00000011        0.00000031
     4279.        0.49566410        0.19408633        0.53230856       -0.00000029       -0.00000011        0.00000031
     4280.        0.50300951        0.20327193        0.54252930       -0.00000029       -0.00000012        0.00000032
     4281.        0.51079334        0.21356097        0.55364079       -0.00000030       -0.00000012        0.00000032
     4282.        0.51903953        0.22514757        0.56576803       -0.00000030       -0.00000013        0.00000033
     4283.        0.52776885        0.23826864        0.57906123       -0.00000030       -0.00000014        0.00000033
     4284.        0.53699184        0.25322567        0.59370319       -0.00000031       -0.00000015        0.00000034
     4285.        0.54670513        0.27039289        0.60991705       -0.00000031       -0.00000015        0.00000035
     4286.        0.55687531        0.29025202        0.62797798       -0.00000032       -0.00000017        0.00000036
     4287.        0.56741722        0.31341897        0.64822353       -0.00000032       -0.00000018        0.00000037
     4288.        0.57815751        0.34070119        0.67107630       -0.00000033       -0.00000019        0.00000038
     4289.        0.58876892        0.37316173        0.69706422       -0.00000033       -0.00000021        0.00000039
     4290.        0.59864964        0.41221134        0.72684220       -0.00000034       -0.00000023        0.00000041
     4291.        0.60671553        0.45973142        0.76122054       -0.00000034       -0.00000026        0.00000043
     4292.        0.61100982        0.51822647        0.80118143       -0.00000034       -0.00000029        0.00000045
     4293.        0.60794646        0.59092584        0.84781616       -0.00000034       -0.00000033        0.00000047
     4294.        0.59086954        0.68169533        0.90212823       -0.00000033       -0.00000038        0.00000050
     4295.        0.54680882        0.79436068        0.96436962       -0.00000030       -0.00000044        0.00000053
     4296.        0.44510278        0.91525333        1.01774513       -0.00000024       -0.00000050        0.00000056
     4297.        0.27966439        1.01916284        1.05683730       -0.00000015       -0.00000056        0.00000058
     4298.        0.05836908        1.07449805        1.07608225       -0.00000003       -0.00000058        0.00000058
     4299.       -0.21539173        0.99289314        1.01598739        0.00000012       -0.00000054        0.00000055
     4300.       -0.39518660        0.80447535        0.89629963        0.00000021       -0.00000043        0.00000048
     4301.       -0.48905520        0.57834118        0.75739917        0.00000026       -0.00000031        0.00000041
     4302.       -0.47562294        0.35714809        0.59478730        0.00000025       -0.00000019        0.00000032
     4303.       -0.39613156        0.20106352        0.44423727        0.00000021       -0.00000011        0.00000024
     4304.       -0.30673690        0.10798081        0.32518823        0.00000016       -0.00000006        0.00000017
     4305.       -0.22919724        0.05032791        0.23465778        0.00000012       -0.00000003        0.00000012
     4306.       -0.16158405        0.01075049        0.16194128        0.00000009       -0.00000001        0.00000009
     4307.       -0.10062151       -0.01560724        0.10182473        0.00000005        0.00000001        0.00000005
     4308.       -0.04636621       -0.03114195        0.05585380        0.00000002        0.00000002        0.00000003
     4309.        0.00070392       -0.03866909        0.03867550       -0.00000000        0.00000002        0.00000002
     4310.        0.04074979       -0.04090967        0.05774207       -0.00000002        0.00000002        0.00000003
     4311.        0.07451483       -0.04013003        0.08463379       -0.00000004        0.00000002        0.00000004
     4312.        0.10317005       -0.03799746        0.10994484       -0.00000005        0.00000002        0.00000006
     4313.        0.12807463       -0.03546346        0.13289382       -0.00000007        0.00000002        0.00000007
     4314.        0.15044354       -0.03282027        0.15398191       -0.00000008        0.00000002        0.00000008
     4315.        0.17113731       -0.02996613        0.17374103       -0.00000009        0.00000002        0.00000009
     4316.        0.19069690       -0.02668478        0.19255489       -0.00000010        0.00000001        0.00000010
     4317.        0.20952313       -0.02277217        0.21075701       -0.00000011        0.00000001        0.00000011
     4318.        0.22811843       -0.01799920        0.22882743       -0.00000012        0.00000001        0.00000012
     4319.        0.24759841       -0.01180572        0.24787970       -0.00000012        0.00000001        0.00000013
     4320.        0.27313919        0.00250889        0.27315071       -0.00000014       -0.00000000        0.00000014
     4321.        0.27563828        0.02054088        0.27640259       -0.00000014       -0.00000001        0.00000014
     4322.        0.27236664        0.04003033        0.27529260       -0.00000014       -0.00000002        0.00000014
     4323.        0.27816856        0.03811680        0.28076795       -0.00000014       -0.00000002        0.00000014
     4324.        0.28422005        0.05104214        0.28876693       -0.00000014       -0.00000003        0.00000014
     4325.        0.27883545        0.05858414        0.28492334       -0.00000014       -0.00000003        0.00000014
     4326.        0.27834261        0.05662454        0.28404392       -0.00000014       -0.00000003        0.00000014
     4327.        0.28407832        0.05716362        0.28977262       -0.00000014       -0.00000003        0.00000014
     4328.        0.28932889        0.06194032        0.29588479       -0.00000014       -0.00000003        0.00000015
     4329.        0.29125077        0.06796220        0.29907503       -0.00000014       -0.00000003        0.00000015
     4330.        0.29035834        0.07208742        0.29917313       -0.00000014       -0.00000004        0.00000015
     4331.        0.28920561        0.07311787        0.29830539       -0.00000014       -0.00000004        0.00000014
     4332.        0.28985412        0.07232377        0.29874092       -0.00000014       -0.00000004        0.00000014
     4333.        0.29246171        0.07160869        0.30110074       -0.00000014       -0.00000003        0.00000015
     4334.        0.29606751        0.07199716        0.30469585       -0.00000014       -0.00000003        0.00000015
     4335.        0.29966103        0.07359033        0.30856486       -0.00000014       -0.00000004        0.00000015
     4336.        0.30258112        0.07600458        0.31198082       -0.00000014       -0.00000004        0.00000015
     4337.        0.30454878        0.07868909        0.31455036       -0.00000015       -0.00000004        0.00000015
     4338.        0.30561417        0.08111445        0.31619547       -0.00000015       -0.00000004        0.00000015
     4339.        0.30606878        0.08290505        0.31709832       -0.00000015       -0.00000004        0.00000015
     4340.        0.30632627        0.08392381        0.31761453       -0.00000014       -0.00000004        0.00000015
     4341.        0.30675646        0.08426838        0.31812056       -0.00000014       -0.00000004        0.00000015
     4342.        0.30758881        0.08418656        0.31890164       -0.00000014       -0.00000004        0.00000015
     4343.        0.30888246        0.08396031        0.32009015       -0.00000014       -0.00000004        0.00000015
     4344.        0.31056011        0.08381713        0.32167203       -0.00000014       -0.00000004        0.00000015
     4345.        0.31247692        0.08389442        0.32354304       -0.00000015       -0.00000004        0.00000015
     4346.        0.31447767        0.08424196        0.32556553       -0.00000015       -0.00000004        0.00000015
     4347.        0.31642480        0.08484181        0.32760156       -0.00000015       -0.00000004        0.00000015
     4348.        0.31821810        0.08563243        0.32953858       -0.00000015       -0.00000004        0.00000015
     4349.        0.31979321        0.08652877        0.33129281       -0.00000015       -0.00000004        0.00000015
     4350.        0.32113080        0.08743884        0.33282208       -0.00000015       -0.00000004        0.00000015
     4351.        0.32224630        0.08827730        0.33411908       -0.00000015       -0.00000004        0.00000015
     4352.        0.32317948        0.08897534        0.33520380       -0.00000015       -0.00000004        0.00000015
     4353.        0.32399694        0.08948800        0.33612813       -0.00000015       -0.00000004        0.00000015
     4354.        0.32476606        0.08979828        0.33695211       -0.00000015       -0.00000004        0.00000015
     4355.        0.32555276        0.08991532        0.33774156       -0.00000015       -0.00000004        0.00000015
     4356.        0.32641707        0.08987096        0.33856298       -0.00000015       -0.00000004        0.00000015
     4357.        0.32739299        0.08971078        0.33946162       -0.00000015       -0.00000004        0.00000015
     4358.        0.32849930        0.08948709        0.34046987       -0.00000015       -0.00000004        0.00000015
     4359.        0.32973710        0.08925015        0.34160232       -0.00000015       -0.00000004        0.00000015
     4360.        0.33108507        0.08904311        0.34284982       -0.00000015       -0.00000004        0.00000015
     4361.        0.33252164        0.08889861        0.34419995       -0.00000015       -0.00000004        0.00000015
     4362.        0.33401148        0.08883679        0.34562356       -0.00000015       -0.00000004        0.00000015
     4363.        0.33552341        0.08886624        0.34709245       -0.00000015       -0.00000004        0.00000015
     4364.        0.33702133        0.08898570        0.34857113       -0.00000015       -0.00000004        0.00000015
     4365.        0.33847789        0.08918454        0.35003023       -0.00000015       -0.00000004        0.00000015
     4366.        0.33987224        0.08944679        0.35144540       -0.00000015       -0.00000004        0.00000015
     4367.        0.34118790        0.08975195        0.35279540       -0.00000015       -0.00000004        0.00000015
     4368.        0.34241509        0.09007725        0.35406498       -0.00000015       -0.00000004        0.00000015
     4369.        0.34355082        0.09039990        0.35524542       -0.00000015       -0.00000004        0.00000015
     4370.        0.34459898        0.09069755        0.35633482       -0.00000015       -0.00000004        0.00000015
     4371.        0.34556581        0.09095065        0.35733422       -0.00000015       -0.00000004        0.00000015
     4372.        0.34646225        0.09114241        0.35824996       -0.00000015       -0.00000004        0.00000015
     4373.        0.34730634        0.09126053        0.35909634       -0.00000015       -0.00000004        0.00000015
     4374.        0.34811397        0.09129680        0.35988671       -0.00000015       -0.00000004        0.00000015
     4375.        0.34890119        0.09124685        0.36063559       -0.00000015       -0.00000004        0.00000015
     4376.        0.34968892        0.09111122        0.36136352       -0.00000015       -0.00000004        0.00000015
     4377.        0.35048888        0.09089441        0.36208321       -0.00000015       -0.00000004        0.00000015
     4378.        0.35131764        0.09060337        0.36281270       -0.00000015       -0.00000004        0.00000015
     4379.        0.35218487        0.09024837        0.36356423       -0.00000015       -0.00000004        0.00000015
     4380.        0.35310031        0.08984055        0.36435032       -0.00000015       -0.00000004        0.00000015
     4381.        0.35406909        0.08939255        0.36517934       -0.00000015       -0.00000004        0.00000015
     4382.        0.35509399        0.08891644        0.36605720       -0.00000015       -0.00000004        0.00000015
     4383.        0.35617069        0.08842418        0.36698283       -0.00000015       -0.00000004        0.00000015
     4384.        0.35730196        0.08792642        0.36796161       -0.00000015       -0.00000004        0.00000015
     4385.        0.35847628        0.08743224        0.36898461       -0.00000015       -0.00000004        0.00000015
     4386.        0.35969396        0.08694888        0.37005386       -0.00000015       -0.00000004        0.00000015
     4387.        0.36094333        0.08648248        0.37115940       -0.00000015       -0.00000004        0.00000015
     4388.        0.36221738        0.08603608        0.37229509       -0.00000015       -0.00000004        0.00000015
     4389.        0.36351147        0.08561203        0.37345684       -0.00000015       -0.00000004        0.00000015
     4390.        0.36481366        0.08521028        0.37463288       -0.00000015       -0.00000004        0.00000015
     4391.        0.36611914        0.08482983        0.37581821       -0.00000015       -0.00000003        0.00000015
     4392.        0.36742065        0.08446817        0.37700505       -0.00000015       -0.00000003        0.00000016
     4393.        0.36871329        0.08412158        0.37818769       -0.00000015       -0.00000003        0.00000016
     4394.        0.36999210        0.08378578        0.37936027       -0.00000015       -0.00000003        0.00000016
     4395.        0.37125209        0.08345576        0.38051673       -0.00000015       -0.00000003        0.00000016
     4396.        0.37249312        0.08312641        0.38165577       -0.00000015       -0.00000003        0.00000016
     4397.        0.37371260        0.08279187        0.38277357       -0.00000015       -0.00000003        0.00000016
     4398.        0.37490792        0.08244670        0.38386639       -0.00000015       -0.00000003        0.00000016
     4399.        0.37608384        0.08208566        0.38493781       -0.00000015       -0.00000003        0.00000016
     4400.        0.37723777        0.08170298        0.38598408       -0.00000015       -0.00000003        0.00000016
     4401.        0.37837450        0.08129479        0.38700918       -0.00000015       -0.00000003        0.00000016
     4402.        0.37949394        0.08085622        0.38801209       -0.00000015       -0.00000003        0.00000016
     4403.        0.38060345        0.08038385        0.38899942       -0.00000015       -0.00000003        0.00000016
     4404.        0.38170046        0.07987472        0.38996822       -0.00000015       -0.00000003        0.00000016
     4405.        0.38279492        0.07932660        0.39092795       -0.00000015       -0.00000003        0.00000016
     4406.        0.38388933        0.07873800        0.39188097       -0.00000015       -0.00000003        0.00000016
     4407.        0.38498622        0.07810768        0.39282973       -0.00000015       -0.00000003        0.00000016
     4408.        0.38609064        0.07743537        0.39377941       -0.00000015       -0.00000003        0.00000016
     4409.        0.38720520        0.07672159        0.39473291       -0.00000015       -0.00000003        0.00000016
     4410.        0.38833503        0.07596686        0.39569566       -0.00000015       -0.00000003        0.00000016
     4411.        0.38948277        0.07517296        0.39667090       -0.00000015       -0.00000003        0.00000016
     4412.        0.39065111        0.07434095        0.39766174       -0.00000015       -0.00000003        0.00000016
     4413.        0.39184272        0.07347316        0.39867157       -0.00000015       -0.00000003        0.00000016
     4414.        0.39306034        0.07257144        0.39970369       -0.00000015       -0.00000003        0.00000016
     4415.        0.39430156        0.07163816        0.40075647       -0.00000015       -0.00000003        0.00000016
     4416.        0.39557169        0.07067574        0.40183581       -0.00000015       -0.00000003        0.00000016
     4417.        0.39687091        0.06968634        0.40294255       -0.00000015       -0.00000003        0.00000016
     4418.        0.39819425        0.06867162        0.40407233       -0.00000015       -0.00000003        0.00000016
     4419.        0.39954704        0.06763431        0.40523109       -0.00000015       -0.00000003        0.00000016
     4420.        0.40092689        0.06657560        0.40641688       -0.00000015       -0.00000003        0.00000016
     4421.        0.40233135        0.06549696        0.40762773       -0.00000015       -0.00000003        0.00000016
     4422.        0.40376060        0.06439986        0.40886423       -0.00000016       -0.00000002        0.00000016
     4423.        0.40520956        0.06328475        0.41012162       -0.00000016       -0.00000002        0.00000016
     4424.        0.40668358        0.06215261        0.41140550       -0.00000016       -0.00000002        0.00000016
     4425.        0.40817497        0.06100310        0.41270835       -0.00000016       -0.00000002        0.00000016
     4426.        0.40968119        0.05983616        0.41402783       -0.00000016       -0.00000002        0.00000016
     4427.        0.41120497        0.05865147        0.41536674       -0.00000016       -0.00000002        0.00000016
     4428.        0.41274377        0.05744816        0.41672259       -0.00000016       -0.00000002        0.00000016
     4429.        0.41428976        0.05622459        0.41808756       -0.00000016       -0.00000002        0.00000016
     4430.        0.41584825        0.05497960        0.41946696       -0.00000016       -0.00000002        0.00000016
     4431.        0.41741137        0.05371125        0.42085289       -0.00000016       -0.00000002        0.00000016
     4432.        0.41898179        0.05241705        0.42224790       -0.00000016       -0.00000002        0.00000016
     4433.        0.42055422        0.05109475        0.42364670       -0.00000016       -0.00000002        0.00000016
     4434.        0.42213132        0.04974183        0.42505188       -0.00000016       -0.00000002        0.00000016
     4435.        0.42370777        0.04835493        0.42645806       -0.00000016       -0.00000002        0.00000016
     4436.        0.42528355        0.04693094        0.42786518       -0.00000016       -0.00000002        0.00000016
     4437.        0.42685596        0.04546591        0.42927050       -0.00000016       -0.00000002        0.00000016
     4438.        0.42842497        0.04395616        0.43067401       -0.00000016       -0.00000002        0.00000016
     4439.        0.42999055        0.04239767        0.43207573       -0.00000016       -0.00000002        0.00000016
     4440.        0.43154997        0.04078587        0.43347302       -0.00000016       -0.00000002        0.00000016
     4441.        0.43310317        0.03911617        0.43486599       -0.00000016       -0.00000001        0.00000016
     4442.        0.43464468        0.03738282        0.43624932       -0.00000016       -0.00000001        0.00000016
     4443.        0.43617986        0.03558089        0.43762869       -0.00000016       -0.00000001        0.00000016
     4444.        0.43770321        0.03370401        0.43899893       -0.00000016       -0.00000001        0.00000016
     4445.        0.43921465        0.03174579        0.44036043       -0.00000016       -0.00000001        0.00000016
     4446.        0.44071411        0.02969869        0.44171364       -0.00000016       -0.00000001        0.00000016
     4447.        0.44219602        0.02755482        0.44305370       -0.00000016       -0.00000001        0.00000016
     4448.        0.44366026        0.02530501        0.44438133       -0.00000016       -0.00000001        0.00000016
     4449.        0.44510398        0.02293899        0.44569468       -0.00000016       -0.00000001        0.00000016
     4450.        0.44652428        0.02044478        0.44699208       -0.00000016       -0.00000001        0.00000016
     4451.        0.44791274        0.01780835        0.44826661       -0.00000016       -0.00000001        0.00000016
     4452.        0.44926915        0.01501289        0.44951992       -0.00000016       -0.00000001        0.00000016
     4453.        0.45058224        0.01203785        0.45074302       -0.00000016       -0.00000000        0.00000016
     4454.        0.45184341        0.00885749        0.45193022       -0.00000016       -0.00000000        0.00000016
     4455.        0.45303565        0.00543849        0.45306829       -0.00000016       -0.00000000        0.00000016
     4456.        0.45414460        0.00173617        0.45414792       -0.00000016       -0.00000000        0.00000016
     4457.        0.45514182       -0.00231243        0.45514770       -0.00000016        0.00000000        0.00000016
     4458.        0.45598467       -0.00680198        0.45603540       -0.00000016        0.00000000        0.00000016
     4459.        0.45660210       -0.01188880        0.45675685       -0.00000016        0.00000000        0.00000016
     4460.        0.45686349       -0.01787273        0.45721296       -0.00000016        0.00000001        0.00000016
     4461.        0.45646824       -0.02552018        0.45718107       -0.00000016        0.00000001        0.00000016
     4462.        0.45548313       -0.04018215        0.45725211       -0.00000016        0.00000001        0.00000016
     4463.        0.46526900       -0.05044540        0.46799571       -0.00000016        0.00000002        0.00000017
     4464.        0.48231791       -0.05370231        0.48529837       -0.00000017        0.00000002        0.00000017
     4465.        0.48110290       -0.06201637        0.48508353       -0.00000017        0.00000002        0.00000017
     4466.        0.49740227       -0.07234585        0.50263600       -0.00000017        0.00000003        0.00000018
     4467.        0.50697525       -0.06631449        0.51129396       -0.00000018        0.00000002        0.00000018
     4468.        0.50604113       -0.06953919        0.51079675       -0.00000018        0.00000002        0.00000018
     4469.        0.51050712       -0.08026173        0.51677796       -0.00000018        0.00000003        0.00000018
     4470.        0.52287348       -0.08990843        0.53054707       -0.00000018        0.00000003        0.00000019
     4471.        0.53809487       -0.09164185        0.54584276       -0.00000019        0.00000003        0.00000019
     4472.        0.54720831       -0.08781832        0.55421024       -0.00000019        0.00000003        0.00000019
     4473.        0.54996614       -0.08673805        0.55676409       -0.00000019        0.00000003        0.00000019
     4474.        0.55174237       -0.09093211        0.55918538       -0.00000019        0.00000003        0.00000019
     4475.        0.55596428       -0.09873626        0.56466373       -0.00000019        0.00000003        0.00000020
     4476.        0.56392890       -0.10781487        0.57414271       -0.00000019        0.00000004        0.00000020
     4477.        0.57567424       -0.11579723        0.58720510       -0.00000020        0.00000004        0.00000020
     4478.        0.58987456       -0.12054497        0.60206569       -0.00000020        0.00000004        0.00000021
     4479.        0.60390366       -0.12118859        0.61594342       -0.00000021        0.00000004        0.00000021
     4480.        0.61518606       -0.11900195        0.62659026       -0.00000021        0.00000004        0.00000021
     4481.        0.62287901       -0.11657860        0.63369459       -0.00000021        0.00000004        0.00000022
     4482.        0.62801137       -0.11603513        0.63864108       -0.00000021        0.00000004        0.00000022
     4483.        0.63228872       -0.11818031        0.64323838       -0.00000022        0.00000004        0.00000022
     4484.        0.63717919       -0.12282442        0.64890921       -0.00000022        0.00000004        0.00000022
     4485.        0.64366088       -0.12931031        0.65652150       -0.00000022        0.00000004        0.00000022
     4486.        0.65230877       -0.13681578        0.66650228       -0.00000022        0.00000005        0.00000023
     4487.        0.66335901       -0.14445031        0.67890432       -0.00000022        0.00000005        0.00000023
     4488.        0.67675032       -0.15129443        0.69345584       -0.00000023        0.00000005        0.00000023
     4489.        0.69205598       -0.15647701        0.70952557       -0.00000023        0.00000005        0.00000024
     4490.        0.70846580       -0.15934329        0.72616395       -0.00000024        0.00000005        0.00000024
     4491.        0.72490475       -0.15966534        0.74228022       -0.00000024        0.00000005        0.00000025
     4492.        0.74027822       -0.15777906        0.75690560       -0.00000025        0.00000005        0.00000025
     4493.        0.75380950       -0.15452000        0.76948372       -0.00000025        0.00000005        0.00000026
     4494.        0.76524015       -0.15096098        0.77998828       -0.00000026        0.00000005        0.00000026
     4495.        0.77484964       -0.14808830        0.78887395       -0.00000026        0.00000005        0.00000026
     4496.        0.78325884       -0.14658437        0.79685719       -0.00000026        0.00000005        0.00000027
     4497.        0.79122240       -0.14676871        0.80471979       -0.00000026        0.00000005        0.00000027
     4498.        0.79946111       -0.14865531        0.81316447       -0.00000027        0.00000005        0.00000027
     4499.        0.80858005       -0.15204597        0.82275128       -0.00000027        0.00000005        0.00000027
     4500.        0.81905542       -0.15661189        0.83389392       -0.00000027        0.00000005        0.00000028
     4501.        0.83123341       -0.16194623        0.84686218       -0.00000027        0.00000005        0.00000028
     4502.        0.84534416       -0.16759069        0.86179660       -0.00000028        0.00000006        0.00000028
     4503.        0.86150687       -0.17304947        0.87871509       -0.00000028        0.00000006        0.00000029
     4504.        0.87972579       -0.17780019        0.89751343       -0.00000029        0.00000006        0.00000029
     4505.        0.89985866       -0.18131445        0.91794364       -0.00000030        0.00000006        0.00000030
     4506.        0.92161552       -0.18309328        0.93962669       -0.00000030        0.00000006        0.00000031
     4507.        0.94454828       -0.18272067        0.96205940       -0.00000031        0.00000006        0.00000031
     4508.        0.96806161       -0.17992867        0.98464085       -0.00000032        0.00000006        0.00000032
     4509.        0.99148239       -0.17465770        1.00674855       -0.00000032        0.00000006        0.00000033
     4510.        1.01413600       -0.16709240        1.02780917       -0.00000033        0.00000005        0.00000033
     4511.        1.03544188       -0.15765513        1.04737531       -0.00000034        0.00000005        0.00000034
     4512.        1.05502240       -0.14694622        1.06520677       -0.00000034        0.00000005        0.00000035
     4513.        1.07274479       -0.13565140        1.08128751       -0.00000035        0.00000004        0.00000035
     4514.        1.08872631       -0.12443445        1.09581427       -0.00000035        0.00000004        0.00000035
     4515.        1.10329297       -0.11384849        1.10915142       -0.00000036        0.00000004        0.00000036
     4516.        1.11691284       -0.10428317        1.12177060       -0.00000036        0.00000003        0.00000036
     4517.        1.13011320       -0.09594738        1.13417888       -0.00000036        0.00000003        0.00000036
     4518.        1.14343423       -0.08888081        1.14688344       -0.00000037        0.00000003        0.00000037
     4519.        1.15736662       -0.08298250        1.16033771       -0.00000037        0.00000003        0.00000037
     4520.        1.17234801       -0.07804100        1.17494266       -0.00000037        0.00000002        0.00000038
     4521.        1.18873430       -0.07376445        1.19102075       -0.00000038        0.00000002        0.00000038
     4522.        1.20681464       -0.06979907        1.20883145       -0.00000038        0.00000002        0.00000039
     4523.        1.22679203       -0.06574631        1.22855251       -0.00000039        0.00000002        0.00000039
     4524.        1.24881090       -0.06116939        1.25030811       -0.00000040        0.00000002        0.00000040
     4525.        1.27291879       -0.05560094        1.27413253       -0.00000040        0.00000002        0.00000040
     4526.        1.29909395       -0.04854780        1.30000077       -0.00000041        0.00000002        0.00000041
     4527.        1.32721321       -0.03950194        1.32780093       -0.00000042        0.00000001        0.00000042
     4528.        1.35703837       -0.02795317        1.35732624       -0.00000043        0.00000001        0.00000043
     4529.        1.38821855       -0.01341306        1.38828334       -0.00000044        0.00000000        0.00000044
     4530.        1.42027015        0.00455436        1.42027745       -0.00000045       -0.00000000        0.00000045
     4531.        1.45257266        0.02629237        1.45281060       -0.00000046       -0.00000001        0.00000046
     4532.        1.48440903        0.05200658        1.48531979       -0.00000047       -0.00000002        0.00000047
     4533.        1.51496814        0.08172132        1.51717067       -0.00000047       -0.00000003        0.00000047
     4534.        1.54342408        0.11524446        1.54772064       -0.00000048       -0.00000004        0.00000048
     4535.        1.56899379        0.15215625        1.57635435       -0.00000049       -0.00000005        0.00000049
     4536.        1.59102091        0.19182058        1.60254257       -0.00000050       -0.00000006        0.00000050
     4537.        1.60904759        0.23343386        1.62589223       -0.00000050       -0.00000007        0.00000051
     4538.        1.62285475        0.27609552        1.64617322       -0.00000050       -0.00000009        0.00000051
     4539.        1.63248978        0.31889626        1.66334533       -0.00000051       -0.00000010        0.00000052
     4540.        1.63825253        0.36100731        1.67755704       -0.00000051       -0.00000011        0.00000052
     4541.        1.64063260        0.40174155        1.68910378       -0.00000051       -0.00000012        0.00000052
     4542.        1.64025890        0.44061854        1.69840924       -0.00000051       -0.00000014        0.00000052
     4543.        1.63781638        0.47736264        1.70596530       -0.00000050       -0.00000015        0.00000053
     4544.        1.63399113        0.51189162        1.71229672       -0.00000050       -0.00000016        0.00000053
     4545.        1.62940522        0.54430517        1.71791428       -0.00000050       -0.00000017        0.00000053
     4546.        1.62459333        0.57484065        1.72329489       -0.00000050       -0.00000018        0.00000053
     4547.        1.61997593        0.60382518        1.72885131       -0.00000050       -0.00000018        0.00000053
     4548.        1.61585830        0.63165343        1.73493058       -0.00000049       -0.00000019        0.00000053
     4549.        1.61243297        0.65874549        1.74180530       -0.00000049       -0.00000020        0.00000053
     4550.        1.60978203        0.68553723        1.74967410       -0.00000049       -0.00000021        0.00000053
     4551.        1.60789276        0.71244097        1.75866178       -0.00000049       -0.00000022        0.00000054
     4552.        1.60666344        0.73985180        1.76882676       -0.00000049       -0.00000022        0.00000054
     4553.        1.60591259        0.76813102        1.78016306       -0.00000049       -0.00000023        0.00000054
     4554.        1.60539484        0.79757935        1.79260297       -0.00000049       -0.00000024        0.00000054
     4555.        1.60479715        0.82846301        1.80602460       -0.00000049       -0.00000025        0.00000055
     4556.        1.60375158        0.86097358        1.82024576       -0.00000048       -0.00000026        0.00000055
     4557.        1.60184814        0.89522750        1.83503399       -0.00000048       -0.00000027        0.00000055
     4558.        1.59863779        0.93126547        1.85010761       -0.00000048       -0.00000028        0.00000056
     4559.        1.59365882        0.96902521        1.86514297       -0.00000048       -0.00000029        0.00000056
     4560.        1.58643343        1.00835406        1.87977364       -0.00000048       -0.00000030        0.00000056
     4561.        1.57651102        1.04898824        1.89361119       -0.00000047       -0.00000031        0.00000057
     4562.        1.56347843        1.09054869        1.90624271       -0.00000047       -0.00000033        0.00000057
     4563.        1.54700046        1.13256699        1.91726848       -0.00000046       -0.00000034        0.00000057
     4564.        1.52683382        1.17447466        1.92629496       -0.00000046       -0.00000035        0.00000057
     4565.        1.50285142        1.21564607        1.93296605       -0.00000045       -0.00000036        0.00000058
     4566.        1.47508018        1.25541822        1.93699159       -0.00000044       -0.00000037        0.00000058
     4567.        1.44368535        1.29313764        1.93815179       -0.00000043       -0.00000038        0.00000058
     4568.        1.40898171        1.32817737        1.93630694       -0.00000042       -0.00000039        0.00000057
     4569.        1.37142112        1.36000809        1.93142898       -0.00000041       -0.00000040        0.00000057
     4570.        1.33155631        1.38819892        1.92357440       -0.00000039       -0.00000041        0.00000057
     4571.        1.29001454        1.41246896        1.91290514       -0.00000038       -0.00000042        0.00000056
     4572.        1.24745397        1.43266469        1.89964984       -0.00000037       -0.00000042        0.00000056
     4573.        1.20453672        1.44879149        1.88411929       -0.00000035       -0.00000043        0.00000055
     4574.        1.16187438        1.46098080        1.86665931       -0.00000034       -0.00000043        0.00000055
     4575.        1.12001742        1.46947060        1.84764252       -0.00000033       -0.00000043        0.00000054
     4576.        1.07942738        1.47459254        1.82745359       -0.00000032       -0.00000043        0.00000054
     4577.        1.04047277        1.47672476        1.80646052       -0.00000030       -0.00000043        0.00000053
     4578.        1.00342156        1.47628194        1.78501070       -0.00000029       -0.00000043        0.00000052
     4579.        0.96845408        1.47368812        1.76342280       -0.00000028       -0.00000043        0.00000051
     4580.        0.93566242        1.46935961        1.74197641       -0.00000027       -0.00000043        0.00000051
     4581.        0.90507382        1.46367737        1.72090385       -0.00000026       -0.00000043        0.00000050
     4582.        0.87665018        1.45700054        1.70040175       -0.00000025       -0.00000042        0.00000049
     4583.        0.85030832        1.44964557        1.68062385       -0.00000025       -0.00000042        0.00000049
     4584.        0.82593341        1.44188240        1.66168314       -0.00000024       -0.00000042        0.00000048
     4585.        0.80338570        1.43394801        1.64366526       -0.00000023       -0.00000041        0.00000048
     4586.        0.78251073        1.42603571        1.62662254       -0.00000023       -0.00000041        0.00000047
     4587.        0.76314268        1.41829834        1.61057658       -0.00000022       -0.00000041        0.00000046
     4588.        0.74511472        1.41086181        1.59553345       -0.00000021       -0.00000041        0.00000046
     4589.        0.72826253        1.40381450        1.58147446       -0.00000021       -0.00000040        0.00000045
     4590.        0.71242077        1.39722789        1.56837149       -0.00000020       -0.00000040        0.00000045
     4591.        0.69743708        1.39114245        1.55617988       -0.00000020       -0.00000040        0.00000045
     4592.        0.68316871        1.38557792        1.54484486       -0.00000020       -0.00000040        0.00000044
     4593.        0.66947202        1.38054363        1.53430554       -0.00000019       -0.00000039        0.00000044
     4594.        0.65622360        1.37602445        1.52449096       -0.00000019       -0.00000039        0.00000044
     4595.        0.64330979        1.37199461        1.51532726       -0.00000018       -0.00000039        0.00000043
     4596.        0.63062335        1.36842468        1.50674215       -0.00000018       -0.00000039        0.00000043
     4597.        0.61807046        1.36526393        1.49865163       -0.00000018       -0.00000039        0.00000043
     4598.        0.60557086        1.36246136        1.49097854       -0.00000017       -0.00000039        0.00000042
     4599.        0.59305090        1.35996210        1.48364628       -0.00000017       -0.00000039        0.00000042
     4600.        0.58045769        1.35769333        1.47657113       -0.00000016       -0.00000038        0.00000042
     4601.        0.56773805        1.35559242        1.46967932       -0.00000016       -0.00000038        0.00000042
     4602.        0.55486329        1.35358930        1.46290029       -0.00000016       -0.00000038        0.00000041
     4603.        0.54180104        1.35160995        1.45615858       -0.00000015       -0.00000038        0.00000041
     4604.        0.52854714        1.34957993        1.44938886       -0.00000015       -0.00000038        0.00000041
     4605.        0.51509742        1.34743507        1.44253479       -0.00000014       -0.00000038        0.00000041
     4606.        0.50145839        1.34510015        1.43553298       -0.00000014       -0.00000038        0.00000040
     4607.        0.48765083        1.34252094        1.42834373       -0.00000014       -0.00000038        0.00000040
     4608.        0.47370284        1.33963218        1.42091828       -0.00000013       -0.00000038        0.00000040
     4609.        0.45964977        1.33638618        1.41322536       -0.00000013       -0.00000037        0.00000040
     4610.        0.44553438        1.33273495        1.40523426       -0.00000012       -0.00000037        0.00000039
     4611.        0.43140323        1.32864462        1.39692708       -0.00000012       -0.00000037        0.00000039
     4612.        0.41731391        1.32408832        1.38829419       -0.00000012       -0.00000037        0.00000039
     4613.        0.40331713        1.31904263        1.37932526       -0.00000011       -0.00000037        0.00000038
     4614.        0.38947470        1.31349843        1.37002506       -0.00000011       -0.00000036        0.00000038
     4615.        0.37584152        1.30746098        1.36040842       -0.00000010       -0.00000036        0.00000038
     4616.        0.36247643        1.30092837        1.35048280       -0.00000010       -0.00000036        0.00000037
     4617.        0.34943097        1.29392399        1.34027658       -0.00000010       -0.00000036        0.00000037
     4618.        0.33675767        1.28647138        1.32981741       -0.00000009       -0.00000036        0.00000037
     4619.        0.32450174        1.27859422        1.31913022       -0.00000009       -0.00000035        0.00000036
     4620.        0.31270389        1.27033446        1.30825585       -0.00000009       -0.00000035        0.00000036
     4621.        0.30139958        1.26172704        1.29722660       -0.00000008       -0.00000035        0.00000036
     4622.        0.29061684        1.25281802        1.28608365       -0.00000008       -0.00000034        0.00000035
     4623.        0.28037831        1.24365735        1.27487082       -0.00000008       -0.00000034        0.00000035
     4624.        0.27070059        1.23428431        1.26362042       -0.00000007       -0.00000034        0.00000035
     4625.        0.26159264        1.22475301        1.25237800       -0.00000007       -0.00000034        0.00000034
     4626.        0.25305908        1.21511054        1.24118191       -0.00000007       -0.00000033        0.00000034
     4627.        0.24509757        1.20540059        1.23006642       -0.00000007       -0.00000033        0.00000034
     4628.        0.23770170        1.19567073        1.21906956       -0.00000006       -0.00000033        0.00000033
     4629.        0.23086060        1.18595779        1.20821873       -0.00000006       -0.00000032        0.00000033
     4630.        0.22455857        1.17630981        1.19755222       -0.00000006       -0.00000032        0.00000033
     4631.        0.21877719        1.16675667        1.18709081       -0.00000006       -0.00000032        0.00000032
     4632.        0.21349502        1.15733579        1.17686289       -0.00000006       -0.00000031        0.00000032
     4633.        0.20868787        1.14807369        1.16688638       -0.00000006       -0.00000031        0.00000032
     4634.        0.20433070        1.13900074        1.15718353       -0.00000006       -0.00000031        0.00000031
     4635.        0.20039608        1.13013635        1.14776598       -0.00000005       -0.00000031        0.00000031
     4636.        0.19685644        1.12150371        1.13864965       -0.00000005       -0.00000030        0.00000031
     4637.        0.19368368        1.11311874        1.12984366       -0.00000005       -0.00000030        0.00000030
     4638.        0.19084879        1.10498997        1.12135012       -0.00000005       -0.00000030        0.00000030
     4639.        0.18832409        1.09713715        1.11318277       -0.00000005       -0.00000029        0.00000030
     4640.        0.18608064        1.08956148        1.10533715       -0.00000005       -0.00000029        0.00000030
     4641.        0.18409158        1.08227536        1.09782041       -0.00000005       -0.00000029        0.00000029
     4642.        0.18233025        1.07527629        1.09062525       -0.00000005       -0.00000029        0.00000029
     4643.        0.18077027        1.06856551        1.08374819       -0.00000005       -0.00000029        0.00000029
     4644.        0.17938731        1.06214799        1.07718994       -0.00000005       -0.00000028        0.00000029
     4645.        0.17815695        1.05601746        1.07094014       -0.00000005       -0.00000028        0.00000029
     4646.        0.17705687        1.05017138        1.06499252       -0.00000005       -0.00000028        0.00000028
     4647.        0.17606540        1.04460718        1.05934092       -0.00000005       -0.00000028        0.00000028
     4648.        0.17516188        1.03931472        1.05397190       -0.00000005       -0.00000028        0.00000028
     4649.        0.17432703        1.03428761        1.04887596       -0.00000005       -0.00000027        0.00000028
     4650.        0.17354302        1.02951939        1.04404375       -0.00000005       -0.00000027        0.00000028
     4651.        0.17279265        1.02499979        1.03946230       -0.00000005       -0.00000027        0.00000027
     4652.        0.17206091        1.02072226        1.03512265       -0.00000005       -0.00000027        0.00000027
     4653.        0.17133234        1.01667265        1.03100826       -0.00000005       -0.00000027        0.00000027
     4654.        0.17059443        1.01284049        1.02710677       -0.00000004       -0.00000027        0.00000027
     4655.        0.16983386        1.00921148        1.02340185       -0.00000004       -0.00000027        0.00000027
     4656.        0.16904026        1.00578265        1.01988889       -0.00000004       -0.00000026        0.00000027
     4657.        0.16820362        1.00253576        1.01654828       -0.00000004       -0.00000026        0.00000027
     4658.        0.16731386        0.99946012        1.01336788       -0.00000004       -0.00000026        0.00000027
     4659.        0.16636391        0.99654497        1.01033600       -0.00000004       -0.00000026        0.00000026
     4660.        0.16534667        0.99377184        1.00743337       -0.00000004       -0.00000026        0.00000026
     4661.        0.16425538        0.99113366        1.00465206       -0.00000004       -0.00000026        0.00000026
     4662.        0.16308595        0.98861948        1.00198079       -0.00000004       -0.00000026        0.00000026
     4663.        0.16183386        0.98621061        0.99940060       -0.00000004       -0.00000026        0.00000026
     4664.        0.16049613        0.98389980        0.99690412       -0.00000004       -0.00000026        0.00000026
     4665.        0.15907014        0.98166822        0.99447262       -0.00000004       -0.00000025        0.00000026
     4666.        0.15755519        0.97951234        0.99210285       -0.00000004       -0.00000025        0.00000026
     4667.        0.15595019        0.97741321        0.98977626       -0.00000004       -0.00000025        0.00000026
     4668.        0.15425598        0.97536719        0.98748978       -0.00000004       -0.00000025        0.00000026
     4669.        0.15247341        0.97335133        0.98522127       -0.00000004       -0.00000025        0.00000025
     4670.        0.15060487        0.97136575        0.98297164       -0.00000004       -0.00000025        0.00000025
     4671.        0.14865240        0.96939123        0.98072264       -0.00000004       -0.00000025        0.00000025
     4672.        0.14662037        0.96742395        0.97847158       -0.00000004       -0.00000025        0.00000025
     4673.        0.14451200        0.96545232        0.97620791       -0.00000004       -0.00000025        0.00000025
     4674.        0.14233209        0.96346855        0.97392509       -0.00000004       -0.00000025        0.00000025
     4675.        0.14008624        0.96146096        0.97161275       -0.00000004       -0.00000025        0.00000025
     4676.        0.13778050        0.95942168        0.96926437       -0.00000004       -0.00000025        0.00000025
     4677.        0.13542090        0.95735063        0.96688109       -0.00000003       -0.00000024        0.00000025
     4678.        0.13301393        0.95523207        0.96444856       -0.00000003       -0.00000024        0.00000025
     4679.        0.13056689        0.95306587        0.96196792       -0.00000003       -0.00000024        0.00000025
     4680.        0.12808710        0.95084797        0.95943638       -0.00000003       -0.00000024        0.00000024
     4681.        0.12558232        0.94857036        0.95684724       -0.00000003       -0.00000024        0.00000024
     4682.        0.12305997        0.94623285        0.95420143       -0.00000003       -0.00000024        0.00000024
     4683.        0.12052867        0.94382739        0.95149215       -0.00000003       -0.00000024        0.00000024
     4684.        0.11799550        0.94135772        0.94872403       -0.00000003       -0.00000024        0.00000024
     4685.        0.11546917        0.93881968        0.94589403       -0.00000003       -0.00000024        0.00000024
     4686.        0.11295724        0.93621702        0.94300670       -0.00000003       -0.00000024        0.00000024
     4687.        0.11046730        0.93354162        0.94005478       -0.00000003       -0.00000024        0.00000024
     4688.        0.10800659        0.93080120        0.93704658       -0.00000003       -0.00000023        0.00000024
     4689.        0.10558318        0.92799554        0.93398262       -0.00000003       -0.00000023        0.00000024
     4690.        0.10320357        0.92512446        0.93086318       -0.00000003       -0.00000023        0.00000023
     4691.        0.10087472        0.92219174        0.92769246       -0.00000003       -0.00000023        0.00000023
     4692.        0.09860240        0.91920514        0.92447852       -0.00000002       -0.00000023        0.00000023
     4693.        0.09639322        0.91616054        0.92121756       -0.00000002       -0.00000023        0.00000023
     4694.        0.09425181        0.91306974        0.91792143       -0.00000002       -0.00000023        0.00000023
     4695.        0.09218324        0.90992862        0.91458616       -0.00000002       -0.00000023        0.00000023
     4696.        0.09019258        0.90674903        0.91122363       -0.00000002       -0.00000023        0.00000023
     4697.        0.08828296        0.90353490        0.90783765       -0.00000002       -0.00000023        0.00000023
     4698.        0.08645827        0.90029014        0.90443207       -0.00000002       -0.00000022        0.00000023
     4699.        0.08472126        0.89701870        0.90101068       -0.00000002       -0.00000022        0.00000022
     4700.        0.08307468        0.89372857        0.89758129       -0.00000002       -0.00000022        0.00000022
     4701.        0.08152005        0.89042376        0.89414763       -0.00000002       -0.00000022        0.00000022
     4702.        0.08005855        0.88711229        0.89071746       -0.00000002       -0.00000022        0.00000022
     4703.        0.07869131        0.88380227        0.88729859       -0.00000002       -0.00000022        0.00000022
     4704.        0.07741870        0.88048971        0.88388675       -0.00000002       -0.00000022        0.00000022
     4705.        0.07624066        0.87719080        0.88049777       -0.00000002       -0.00000022        0.00000022
     4706.        0.07515672        0.87390563        0.87713146       -0.00000002       -0.00000022        0.00000022
     4707.        0.07416602        0.87064242        0.87379564       -0.00000002       -0.00000021        0.00000022
     4708.        0.07326686        0.86740126        0.87049008       -0.00000002       -0.00000021        0.00000021
     4709.        0.07245796        0.86419041        0.86722271       -0.00000002       -0.00000021        0.00000021
     4710.        0.07173721        0.86101815        0.86400144       -0.00000002       -0.00000021        0.00000021
     4711.        0.07110208        0.85788465        0.86082610       -0.00000002       -0.00000021        0.00000021
     4712.        0.07055042        0.85479417        0.85770067       -0.00000002       -0.00000021        0.00000021
     4713.        0.07007886        0.85175098        0.85462903       -0.00000002       -0.00000021        0.00000021
     4714.        0.06968484        0.84875936        0.85161519       -0.00000002       -0.00000021        0.00000021
     4715.        0.06936494        0.84582364        0.84866314       -0.00000002       -0.00000021        0.00000021
     4716.        0.06911534        0.84294813        0.84577685       -0.00000002       -0.00000021        0.00000021
     4717.        0.06893301        0.84013309        0.84295633       -0.00000002       -0.00000020        0.00000021
     4718.        0.06881407        0.83738287        0.84020559       -0.00000002       -0.00000020        0.00000020
     4719.        0.06875465        0.83469772        0.83752462       -0.00000002       -0.00000020        0.00000020
     4720.        0.06875084        0.83208203        0.83491747       -0.00000002       -0.00000020        0.00000020
     4721.        0.06879871        0.82953606        0.83238413       -0.00000002       -0.00000020        0.00000020
     4722.        0.06889432        0.82706423        0.82992871       -0.00000002       -0.00000020        0.00000020
     4723.        0.06903371        0.82466269        0.82754710       -0.00000002       -0.00000020        0.00000020
     4724.        0.06921249        0.82233998        0.82524748       -0.00000002       -0.00000020        0.00000020
     4725.        0.06942747        0.82008813        0.82302169       -0.00000002       -0.00000020        0.00000020
     4726.        0.06967422        0.81791155        0.82087381       -0.00000002       -0.00000020        0.00000020
     4727.        0.06994830        0.81581469        0.81880790       -0.00000002       -0.00000020        0.00000020
     4728.        0.07024689        0.81378954        0.81681580       -0.00000002       -0.00000020        0.00000020
     4729.        0.07056550        0.81184054        0.81490156       -0.00000002       -0.00000020        0.00000020
     4730.        0.07090044        0.80997213        0.81306932       -0.00000002       -0.00000019        0.00000020
     4731.        0.07124804        0.80817212        0.81130664       -0.00000002       -0.00000019        0.00000019
     4732.        0.07160498        0.80644911        0.80962179       -0.00000002       -0.00000019        0.00000019
     4733.        0.07196754        0.80480338        0.80801474       -0.00000002       -0.00000019        0.00000019
     4734.        0.07233239        0.80322688        0.80647715       -0.00000002       -0.00000019        0.00000019
     4735.        0.07269578        0.80171984        0.80500893       -0.00000002       -0.00000019        0.00000019
     4736.        0.07305518        0.80028673        0.80361428       -0.00000002       -0.00000019        0.00000019
     4737.        0.07340721        0.79891943        0.80228478       -0.00000002       -0.00000019        0.00000019
     4738.        0.07374892        0.79762238        0.80102457       -0.00000002       -0.00000019        0.00000019
     4739.        0.07407774        0.79638743        0.79982526       -0.00000002       -0.00000019        0.00000019
     4740.        0.07439068        0.79521481        0.79868677       -0.00000002       -0.00000019        0.00000019
     4741.        0.07468474        0.79410897        0.79761323       -0.00000002       -0.00000019        0.00000019
     4742.        0.07495816        0.79305749        0.79659206       -0.00000002       -0.00000019        0.00000019
     4743.        0.07520791        0.79206480        0.79562735       -0.00000002       -0.00000019        0.00000019
     4744.        0.07543266        0.79112689        0.79471494       -0.00000002       -0.00000019        0.00000019
     4745.        0.07562933        0.79024396        0.79385472       -0.00000002       -0.00000019        0.00000019
     4746.        0.07579658        0.78941197        0.79304248       -0.00000002       -0.00000019        0.00000019
     4747.        0.07593261        0.78862263        0.79226978       -0.00000002       -0.00000019        0.00000019
     4748.        0.07603518        0.78788458        0.79154498       -0.00000002       -0.00000019        0.00000019
     4749.        0.07610333        0.78718951        0.79085969       -0.00000002       -0.00000019        0.00000019
