-0.875    51.5  6.6  
-0.825    35.4  3.9  
-0.775    37.9  3.9  
-0.725    34.7  3.5  
-0.675    43.3  3.9  
-0.625    42.6  4.1  
-0.575    45.3  4.1  
-0.525    42.1  3.8  
-0.475    45.8  4.1  
-0.425    45.5  3.9  
-0.375    47.3  4.3  
-0.325    49.6  4.6  
-0.275    45.1  4.4  
-0.225    36.7  3.6  
-0.175    40.4  4.6  
-0.125    31.2  3.3  
-0.075    36.9  3.7  
-0.025    33.4  3.5  
 0.025    38.7  3.9  
 0.075    35.7  3.7  
 0.125    29.2  3.3  
 0.175    22.5  2.7  
 0.225    26.3  3.0  
 0.275    29.3  3.5  
 0.325    22.8  3.2  
 0.375    28.2  3.5  
 0.425    20.6  3.0  
 0.475    18.7  2.8  
 0.525    18.9  3.0  
 0.575    20.0  2.9  
 0.625    19.2  3.5  
 0.675    19.9  3.0  
 0.725    30.3  4.6  
 0.775    33.9  4.2  
 0.825    44.8  5.5  
 0.875    50.4  5.1  
 0.925    89.7  7.6  
 0.975    97.3  7.4  