-0.775    38.1  4.8  
-0.725    34.8  4.0  
-0.675    38.9  4.2  
-0.625    39.9  4.4  
-0.575    36.7  3.9  
-0.525    48.9  4.7  
-0.475    44.4  4.1  
-0.425    36.3  3.5  
-0.375    47.6  4.6  
-0.325    39.9  4.4  
-0.275    48.0  4.8  
-0.225    52.2  4.8  
-0.175    45.5  4.5  
-0.125    38.5  3.8  
-0.075    35.7  3.6  
-0.025    32.9  3.3  
 0.025    28.9  3.1  
 0.075    29.7  3.2  
 0.125    21.6  2.6  
 0.175    23.3  2.9  
 0.225    15.4  2.2  
 0.275    11.6  1.8  
 0.325    15.7  2.4  
 0.375    15.6  2.7  
 0.425    10.0  1.8  
 0.475    15.6  2.7  
 0.525    15.0  2.6  
 0.575    11.6  2.1  
 0.625    13.6  2.2  
 0.675    21.9  3.4  
 0.725    17.7  2.8  
 0.775    22.2  3.5  
 0.825    33.7  5.0  
 0.875    37.2  4.3  
 0.925    34.1  4.1  
 0.975    38.4  4.6  