-0.925    37.6  8.7  
-0.875    21.6  3.6  
-0.825    28.4  4.9  
-0.775    20.9  3.7  
-0.725    17.1  3.9  
-0.675    13.8  2.8  
-0.625    18.0  3.1  
-0.575    12.9  2.5  
-0.525    17.8  3.1  
-0.475    20.4  4.0  
-0.425    18.8  3.8  
-0.375    21.4  4.1  
-0.325    14.5  2.7  
-0.275    17.5  3.5  
-0.225    11.7  2.4  
-0.175    14.8  2.8  
-0.125    15.4  2.8  
-0.075    11.3  2.1  
-0.025    16.9  2.6  
 0.025    16.7  2.7  
 0.075    21.4  3.3  
 0.125    20.0  3.0  
 0.175    26.5  3.3  
 0.225    20.1  3.0  
 0.275    23.4  3.2  
 0.325    22.2  3.3  
 0.375    27.3  3.7  
 0.425    25.4  3.3  
 0.475    23.1  3.5  
 0.525    26.1  3.9  
 0.575    17.8  2.8  
 0.625    14.4  2.5  
 0.675    19.6  3.3  
 0.725    25.4  4.4  
 0.775    20.3  3.1  
 0.825    26.6  3.8  
 0.875    38.8  5.1  
 0.925    62.2  6.2  
 0.975    82.9  7.6  