-0.875     68.4  14.9  
-0.825     53.3  10.5  
-0.775     43.4   6.3  
-0.725     36.2   5.4  
-0.675     50.0   6.9  
-0.625     54.1   7.9  
-0.575     63.2   7.8  
-0.525     63.8   8.0  
-0.475     61.4   7.5  
-0.425     63.1   8.8  
-0.375     54.7   6.6  
-0.325     49.6   6.6  
-0.275     54.0   7.5  
-0.225     47.1   8.1  
-0.175     56.6   8.4  
-0.125     35.6   5.1  
-0.075     37.5   5.3  
-0.025     45.0   6.3  
 0.025     44.9   6.3  
 0.075     32.1   4.9  
 0.125     36.1   5.3  
 0.175     31.1   4.7  
 0.225     38.0   5.7  
 0.275     30.4   4.9  
 0.325     23.5   4.2  
 0.375     22.3   4.3  
 0.425     21.5   4.5  
 0.475     22.7   5.5  
 0.525     18.1   4.2  
 0.575     20.3   5.0  
 0.625     18.1   3.8  
 0.675     15.8   3.4  
 0.725     30.0   6.3  
 0.775     37.8   7.5  
 0.825     59.3   9.1  
 0.875     58.4   8.2  
 0.925     86.7  10.7  
 0.975    123.8  13.0  