-0.925    30.0  9.2  
-0.875    17.0  2.9  
-0.825    14.0  2.4  
-0.775    16.4  3.2  
-0.725     8.8  2.0  
-0.675    12.8  2.6  
-0.625    13.1  2.7  
-0.575    10.3  2.0  
-0.525    13.8  2.8  
-0.475    12.8  2.5  
-0.425    15.2  2.9  
-0.375     5.6  1.5  
-0.325    10.0  2.0  
-0.275     7.4  1.7  
-0.225     7.5  1.7  
-0.175     8.6  1.8  
-0.125     9.1  1.8  
-0.075     9.3  1.7  
-0.025    10.1  2.1  
 0.025    10.9  2.0  
 0.075    11.1  1.8  
 0.125    12.6  2.0  
 0.175    14.8  2.3  
 0.225    10.1  1.7  
 0.275    20.5  2.8  
 0.325    20.7  2.6  
 0.375    25.9  3.1  
 0.425    18.0  2.4  
 0.475    21.9  2.6  
 0.525    23.1  2.8  
 0.575    16.4  2.2  
 0.625    15.3  2.3  
 0.675    15.5  2.4  
 0.725    15.6  2.5  
 0.775    14.5  2.3  
 0.825    18.6  2.6  
 0.875    29.4  3.5  
 0.925    52.5  4.3  
 0.975    97.4  7.1  