-0.925    29.4  5.8  
-0.875    24.2  2.9  
-0.825    20.5  2.7  
-0.775    21.3  2.8  
-0.725    22.4  2.7  
-0.675    15.3  2.1  
-0.625    15.4  2.0  
-0.575    17.8  2.4  
-0.525    19.1  2.5  
-0.475    17.3  2.4  
-0.425    19.5  2.6  
-0.375    21.0  2.9  
-0.325    16.4  2.3  
-0.275    17.3  2.7  
-0.225    16.2  2.5  
-0.175     9.9  1.7  
-0.125    14.1  1.9  
-0.075    15.7  2.0  
-0.025    15.1  1.9  
 0.025    20.7  2.4  
 0.075    21.5  2.4  
 0.125    21.1  2.3  
 0.175    23.7  2.4  
 0.225    22.6  2.4  
 0.275    27.4  2.7  
 0.325    30.6  3.0  
 0.375    24.7  2.5  
 0.425    29.0  2.9  
 0.475    26.8  2.6  
 0.525    22.5  2.5  
 0.575    18.4  2.2  
 0.625    16.9  2.2  
 0.675    16.2  2.2  
 0.725    17.9  2.3  
 0.775    16.6  2.1  
 0.825    33.5  3.3  
 0.875    41.1  3.5  
 0.925    60.0  4.4  
 0.975    86.1  5.5  
