-0.925     44.2  8.9  
-0.875     40.0  4.1  
-0.825     35.0  3.6  
-0.775     29.6  3.2  
-0.725     30.8  3.5  
-0.675     26.2  2.9  
-0.625     25.6  2.7  
-0.575     31.9  3.1  
-0.525     32.1  3.2  
-0.475     31.6  3.4  
-0.425     30.4  2.9  
-0.375     29.2  3.0  
-0.325     30.3  3.0  
-0.275     32.2  3.5  
-0.225     21.8  2.7  
-0.175     22.2  2.6  
-0.125     23.0  2.8  
-0.075     28.9  3.2  
-0.025     25.2  2.6  
 0.025     25.0  2.4  
 0.075     27.5  2.7  
 0.125     28.2  2.7  
 0.175     27.0  2.6  
 0.225     29.6  2.8  
 0.275     22.0  2.2  
 0.325     28.9  2.8  
 0.375     27.3  2.7  
 0.425     30.4  3.3  
 0.475     24.7  2.8  
 0.525     21.1  2.6  
 0.575     18.6  2.4  
 0.625     23.2  2.8  
 0.675     18.0  2.1  
 0.725     19.8  2.5  
 0.775     23.3  2.9  
 0.825     35.6  3.5  
 0.875     55.4  5.1  
 0.925     93.5  6.2  
 0.975    110.2  6.4  