-0.925    33.5  5.8  
-0.875    27.4  3.3  
-0.825    23.4  2.9  
-0.775    19.2  2.5  
-0.725    19.1  2.7  
-0.675    19.9  2.7  
-0.625    22.0  2.8  
-0.575    17.7  2.4  
-0.525    23.0  2.8  
-0.475    25.5  3.0  
-0.425    22.2  2.8  
-0.375    19.9  2.9  
-0.325    20.7  2.9  
-0.275    18.9  2.7  
-0.225    18.6  2.6  
-0.175    13.4  2.0  
-0.125    15.1  2.1  
-0.075    20.7  2.4  
-0.025    18.8  2.1  
 0.025    27.1  2.9  
 0.075    24.0  2.6  
 0.125    25.4  2.6  
 0.175    24.6  2.7  
 0.225    27.9  3.0  
 0.275    23.4  2.6  
 0.325    22.3  2.4  
 0.375    29.8  3.0  
 0.425    27.8  2.9  
 0.475    25.6  2.9  
 0.525    22.7  2.6  
 0.575    15.2  2.0  
 0.625    17.6  2.3  
 0.675    16.7  2.6  
 0.725    17.5  2.2  
 0.775    25.5  2.9  
 0.825    30.3  3.1  
 0.875    48.3  4.2  
 0.925    74.2  5.3  
 0.975    96.9  6.1  