-0.925    26.3  5.7  
-0.875    23.5  2.6  
-0.825    20.9  2.5  
-0.775    15.7  2.2  
-0.725    13.3  1.8  
-0.675    12.5  1.7  
-0.625    12.4  1.8  
-0.575    11.9  1.7  
-0.525     9.6  1.4  
-0.475    14.4  1.9  
-0.425    13.8  2.1  
-0.375    12.9  2.0  
-0.325    12.2  1.9  
-0.275     9.1  1.5  
-0.225     9.3  1.7  
-0.175     8.1  1.4  
-0.125     9.2  1.4  
-0.075     7.0  1.2  
-0.025    10.6  1.5  
 0.025    11.1  1.5  
 0.075    14.6  1.8  
 0.125    13.2  1.6  
 0.175    16.9  1.9  
 0.225    16.4  1.8  
 0.275    18.2  2.0  
 0.325    22.2  2.3  
 0.375    25.4  2.4  
 0.425    20.4  2.1  
 0.475    20.7  1.9  
 0.525    16.9  1.8  
 0.575    19.9  2.1  
 0.625    18.4  2.2  
 0.675    15.1  1.9  
 0.725    13.8  1.7  
 0.775    15.1  1.8  
 0.825    19.9  2.1  
 0.875    35.6  3.2  
 0.925    55.7  3.8  
 0.975    93.5  5.7  