-0.925    23.3  5.7  
-0.875    17.5  2.7  
-0.825    23.9  4.0  
-0.775    14.5  2.7  
-0.725    14.2  2.4  
-0.675    11.5  2.1  
-0.625    14.8  2.6  
-0.575    14.9  2.6  
-0.525    13.3  2.4  
-0.475    11.3  2.1  
-0.425    15.8  2.8  
-0.375    17.6  3.3  
-0.325    14.5  2.6  
-0.275    16.5  3.2  
-0.225    14.0  2.8  
-0.175    12.4  2.4  
-0.125    10.4  1.9  
-0.075    12.6  2.0  
-0.025    14.7  2.3  
 0.025    16.8  2.5  
 0.075    21.1  2.9  
 0.125    18.7  2.7  
 0.175    24.3  3.1  
 0.225    29.9  3.7  
 0.275    23.4  3.0  
 0.325    26.0  3.3  
 0.375    24.0  3.0  
 0.425    26.6  3.4  
 0.475    25.7  3.2  
 0.525    20.1  3.0  
 0.575    23.9  3.4  
 0.625    17.5  2.9  
 0.675    14.1  2.4  
 0.725    15.9  2.6  
 0.775    23.8  3.6  
 0.825    31.8  4.0  
 0.875    51.8  5.6  
 0.925    59.2  5.3  
 0.975    91.3  7.8  
 
