-0.925    24.3  6.0  
-0.875    29.0  4.7  
-0.825    18.2  2.9  
-0.775    18.7  3.1  
-0.725    15.9  2.7  
-0.675    12.7  2.6  
-0.625    13.5  2.6  
-0.575    16.0  3.1  
-0.525    23.6  4.5  
-0.475    15.4  2.8  
-0.425    11.6  2.3  
-0.375    15.3  2.8  
-0.325    11.7  2.4  
-0.275    11.3  2.2  
-0.225     8.0  2.1  
-0.175    10.6  2.2  
-0.125     4.1  1.3  
-0.075    11.1  1.9  
-0.025    11.8  2.2  
 0.025    14.5  2.4  
 0.075    16.6  2.6  
 0.125    15.9  2.4  
 0.175    17.5  2.7  
 0.225    22.8  3.0  
 0.275    22.4  3.1  
 0.325    26.4  3.5  
 0.375    29.1  3.7  
 0.425    26.7  3.4  
 0.475    19.8  2.8  
 0.525    21.3  2.9  
 0.575    23.1  3.5  
 0.625    12.7  2.2  
 0.675     9.7  1.9  
 0.725    15.2  2.7  
 0.775    19.3  3.2  
 0.825    25.4  3.6  
 0.875    26.5  3.5  
 0.925    58.0  5.5  
 0.975    85.4  7.6  