-0.925     24.3  5.2  
-0.875     20.6  2.5  
-0.825     15.6  1.8  
-0.775     13.9  1.9  
-0.725     12.4  2.0  
-0.675      9.5  1.4  
-0.625     10.3  1.6  
-0.575      7.5  1.2  
-0.525      9.1  1.4  
-0.475      8.0  1.3  
-0.425     11.3  1.6  
-0.375      9.3  1.4  
-0.325     10.7  1.7  
-0.275      9.9  1.7  
-0.225      9.1  1.6  
-0.175      8.9  1.4  
-0.125      7.3  1.1  
-0.075      7.6  1.1  
-0.025      8.1  1.2  
 0.025      7.3  1.1  
 0.075      9.4  1.3  
 0.125     13.6  1.7  
 0.175     14.2  1.7  
 0.225     17.9  2.0  
 0.275     16.6  1.7  
 0.325     17.0  1.8  
 0.375     17.6  2.0  
 0.425     23.2  2.2  
 0.475     19.6  1.9  
 0.525     19.5  1.9  
 0.575     18.2  1.8  
 0.625     15.6  1.7  
 0.675     18.9  2.0  
 0.725     14.4  1.7  
 0.775     19.1  2.0  
 0.825     15.1  1.7  
 0.875     29.0  2.5  
 0.925     50.9  3.4  
 0.975    101.5  5.6  