-0.875    72.7  16.1  
-0.825    42.0   5.0  
-0.775    40.3   4.2  
-0.725    49.2   4.7  
-0.675    48.4   4.7  
-0.625    51.4   4.8  
-0.575    53.4   4.7  
-0.525    63.6   5.7  
-0.475    57.6   5.0  
-0.425    58.8   5.5  
-0.375    47.5   4.3  
-0.325    52.1   4.6  
-0.275    51.7   4.8  
-0.225    44.6   4.3  
-0.175    50.2   5.0  
-0.125    52.5   4.9  
-0.075    46.8   4.6  
-0.025    47.4   5.0  
 0.025    39.6   3.9  
 0.075    43.0   4.5  
 0.125    30.4   3.5  
 0.175    29.1   3.3  
 0.225    23.3   2.9  
 0.275    26.5   3.8  
 0.325    25.1   3.2  
 0.375    22.7   3.4  
 0.425    25.4   3.6  
 0.475    19.8   3.1  
 0.525    27.2   3.9  
 0.575    16.3   3.0  
 0.625    19.5   3.2  
 0.675    21.0   3.2  
 0.725    23.8   3.4  
 0.775    40.0   5.6  
 0.825    48.8   5.8  
 0.875    68.5   7.5  
 0.925    87.3   7.9  
 0.975    93.9   7.8  