-0.925    49.2  12.4  
-0.875    28.8   4.4  
-0.825    15.4   2.6  
-0.775    18.0   2.7  
-0.725    13.5   2.6  
-0.675    16.9   3.2  
-0.625    17.3   3.4  
-0.575    11.7   2.4  
-0.525     8.4   1.7  
-0.475    16.4   3.2  
-0.425    16.1   2.8  
-0.375    18.0   3.1  
-0.325    14.1   2.8  
-0.275    17.9   3.5  
-0.225     9.1   2.1  
-0.175     9.6   2.1  
-0.125     8.0   1.6  
-0.075    12.4   2.2  
-0.025    10.6   1.8  
 0.025    11.3   2.1  
 0.075    17.6   2.9  
 0.125    16.2   2.6  
 0.175    18.5   2.9  
 0.225    17.3   2.5  
 0.275    23.0   3.2  
 0.325    24.9   3.4  
 0.375    29.6   3.8  
 0.425    27.9   3.6  
 0.475    27.4   3.7  
 0.525    21.5   3.1  
 0.575    15.2   2.4  
 0.625    20.0   2.8  
 0.675    14.5   2.6  
 0.725    14.6   2.5  
 0.775    19.5   3.1  
 0.825    23.5   3.4  
 0.875    37.4   4.5  
 0.925    56.7   5.4  
 0.975    82.7   7.0  