-0.875     42.6  4.6  
-0.825     28.6  3.2  
-0.775     32.5  3.4  
-0.725     31.1  3.2  
-0.675     33.7  3.4  
-0.625     34.0  3.2  
-0.575     40.9  3.6  
-0.525     39.2  3.5  
-0.475     41.4  3.7  
-0.425     45.4  4.0  
-0.375     39.1  3.7  
-0.325     36.3  3.4  
-0.275     34.8  3.5  
-0.225     25.5  2.8  
-0.175     29.8  3.3  
-0.125     28.1  3.1  
-0.075     28.0  2.9  
-0.025     27.7  2.7  
 0.025     26.5  2.6  
 0.075     32.4  3.2  
 0.125     29.6  2.8  
 0.175     33.6  3.1  
 0.225     28.6  3.1  
 0.275     24.7  2.7  
 0.325     28.8  3.1  
 0.375     31.2  3.5  
 0.425     24.2  2.7  
 0.475     31.2  3.7  
 0.525     18.7  2.4  
 0.575     18.6  2.5  
 0.625     21.5  2.8  
 0.675     18.5  2.5  
 0.725     18.6  2.4  
 0.775     28.5  3.6  
 0.825     34.1  3.8  
 0.875     51.2  4.5  
 0.925     87.4  6.4  
 0.975    114.6  7.3  