-0.875     42.0   6.3  
-0.825     32.1   5.0  
-0.775     45.3  10.9  
-0.725     25.3   3.7  
-0.675     27.7   4.0  
-0.625     33.8   5.2  
-0.575     36.3   5.4  
-0.525     32.6   4.2  
-0.475     40.2   4.9  
-0.425     42.9   5.3  
-0.375     39.1   5.0  
-0.325     33.1   4.5  
-0.275     36.8   5.0  
-0.225     37.2   4.7  
-0.175     26.0   3.6  
-0.125     29.1   4.0  
-0.075     18.9   2.8  
-0.025     23.8   3.2  
 0.025     32.7   4.1  
 0.075     38.6   4.6  
 0.125     32.6   4.1  
 0.175     31.3   3.8  
 0.225     25.5   3.6  
 0.275     20.3   2.9  
 0.325     35.7   4.5  
 0.375     26.0   4.0  
 0.425     32.1   4.6  
 0.475     21.9   3.3  
 0.525     19.3   3.2  
 0.575     24.5   4.0  
 0.625     17.3   3.2  
 0.675     19.1   3.6  
 0.725     17.8   3.8  
 0.775     22.6   3.6  
 0.825     29.0   4.5  
 0.875     60.4   6.8  
 0.925     89.0   8.4  
 0.975    128.8  10.4  