-0.925    31.4  5.9  
-0.875    24.1  2.7  
-0.825    18.8  2.2  
-0.775    19.6  2.3  
-0.725    17.6  2.2  
-0.675    13.6  2.0  
-0.625    14.3  2.1  
-0.575    10.5  1.6  
-0.525    12.9  1.8  
-0.475    13.5  1.8  
-0.425    10.9  1.6  
-0.375    11.4  1.7  
-0.325    15.8  2.4  
-0.275    11.2  1.7  
-0.225    11.3  1.8  
-0.175    11.2  1.8  
-0.125     7.2  1.1  
-0.075     7.9  1.1  
-0.025    10.6  1.4  
 0.025    10.6  1.4  
 0.075    14.4  1.7  
 0.125    15.5  1.8  
 0.175    16.1  1.7  
 0.225    18.1  1.9  
 0.275    23.9  2.3  
 0.325    20.1  2.0  
 0.375    23.8  2.2  
 0.425    22.9  2.2  
 0.475    23.5  2.2  
 0.525    21.9  2.1  
 0.575    22.5  2.2  
 0.625    17.0  2.1  
 0.675    14.4  1.8  
 0.725    14.4  1.8  
 0.775    19.3  2.3  
 0.825    28.5  2.8  
 0.875    31.9  2.7  
 0.925    61.7  4.0  
 0.975    74.6  4.7  