-0.925    18.0  5.2  
-0.875    18.0  3.2  
-0.825    17.4  3.3  
-0.775    18.0  3.2  
-0.725    21.5  3.9  
-0.675    17.8  3.7  
-0.625    11.5  2.4  
-0.575    11.3  2.4  
-0.525    13.4  2.7  
-0.475    14.3  2.8  
-0.425    13.6  2.8  
-0.375    17.2  3.6  
-0.325    12.2  2.6  
-0.275    11.2  2.5  
-0.225    11.8  2.5  
-0.175     5.6  1.6  
-0.125    10.0  2.1  
-0.075    10.6  2.3  
-0.025     8.2  1.7  
 0.025     9.9  2.1  
 0.075    11.5  2.2  
 0.125    12.3  2.4  
 0.175    15.2  2.5  
 0.225    16.1  2.6  
 0.275    16.3  2.6  
 0.325    25.1  3.5  
 0.375    25.8  3.7  
 0.425    25.9  3.4  
 0.475    20.5  3.2  
 0.525    34.5  4.3  
 0.575    25.5  3.5  
 0.625    14.9  2.5  
 0.675    12.6  2.3  
 0.725    11.3  2.1  
 0.775    17.1  3.0  
 0.825    27.8  3.9  
 0.875    41.0  5.3  
 0.925    51.6  5.3  
 0.975    92.6  8.3  