-0.925     62.3  14.3  
-0.875     27.7   4.2  
-0.825     28.2   4.8  
-0.775     24.8   3.7  
-0.725     22.3   3.9  
-0.675     23.7   4.1  
-0.625     24.3   3.6  
-0.575     28.4   3.9  
-0.525     27.1   3.6  
-0.475     26.3   3.6  
-0.425     22.1   3.4  
-0.375     24.4   3.3  
-0.325     21.0   3.4  
-0.275     30.0   4.3  
-0.225     19.6   3.1  
-0.175     16.9   3.3  
-0.125     21.9   3.6  
-0.075     20.0   2.9  
-0.025     25.7   3.6  
 0.025     32.9   4.5  
 0.075     29.4   3.7  
 0.125     23.9   3.2  
 0.175     21.8   3.0  
 0.225     29.3   3.6  
 0.275     27.4   3.7  
 0.325     22.5   3.3  
 0.375     27.0   3.7  
 0.425     28.9   3.9  
 0.475     21.8   3.0  
 0.525     30.0   5.1  
 0.575     19.9   3.0  
 0.625     23.3   3.9  
 0.675     20.0   3.7  
 0.725     21.1   3.2  
 0.775     28.1   4.1  
 0.825     30.3   3.9  
 0.875     54.8   5.9  
 0.925     88.6   7.6  
 0.975    114.4   8.6  