-0.825    42.9   7.9  
-0.775    43.0   6.1  
-0.725    36.8   5.9  
-0.675    47.4   7.0  
-0.625    66.5   9.1  
-0.575    71.1  12.6  
-0.525    47.9   6.4  
-0.475    67.5   9.1  
-0.425    49.1   6.7  
-0.375    58.0   7.1  
-0.325    50.8   7.4  
-0.275    56.9   8.6  
-0.225    59.3  10.8  
-0.175    45.3   6.5  
-0.125    46.7   7.1  
-0.075    48.6   6.5  
-0.025    50.6   6.6  
 0.025    41.8   6.0  
 0.075    45.9   7.2  
 0.125    49.5   7.9  
 0.175    34.9   5.8  
 0.225    23.7   4.6  
 0.275    27.6   6.0  
 0.325    19.1   4.6  
 0.375    28.8   5.8  
 0.425    16.5   4.2  
 0.475    27.4   6.5  
 0.525    14.2   4.3  
 0.575    17.6   5.0  
 0.625    20.5   5.2  
 0.675    13.1   3.2  
 0.725    24.1   5.1  
 0.775    27.9   5.3  
 0.825    52.3   9.3  
 0.875    84.2  16.3  
 0.925    81.2  13.6  
 0.975    74.8  10.3  