-0.825    34.7  6.7  
-0.775    41.0  5.3  
-0.725    46.2  5.7  
-0.675    61.5  7.0  
-0.625    46.4  5.2  
-0.575    74.6  9.5  
-0.525    46.7  4.8  
-0.475    55.0  5.4  
-0.425    49.3  5.2  
-0.375    48.1  5.3  
-0.325    51.7  5.3  
-0.275    51.8  5.5  
-0.225    53.1  6.0  
-0.175    48.3  5.1  
-0.125    50.2  5.4  
-0.075    42.6  4.8  
-0.025    39.0  4.3  
 0.025    35.3  4.2  
 0.075    30.0  3.8  
 0.125    26.7  3.6  
 0.175    32.0  4.4  
 0.225    24.6  4.0  
 0.275    17.7  2.9  
 0.325    18.1  3.0  
 0.375    17.7  3.1  
 0.425    15.4  3.0  
 0.475    22.2  4.4  
 0.525    17.2  3.4  
 0.575    21.7  4.4  
 0.625    16.2  3.1  
 0.675    16.1  2.9  
 0.725    23.3  3.6  
 0.775    30.3  5.0  
 0.825    34.9  5.8  
 0.875    60.6  8.3  
 0.925    62.8  6.9  
 0.975    75.8  8.1  