-0.925     34.7  8.5  
-0.875     26.8  4.1  
-0.825     34.8  5.3  
-0.775     20.6  3.6  
-0.725     15.9  2.9  
-0.675     20.4  3.5  
-0.625     21.1  3.4  
-0.575     28.2  4.5  
-0.525     31.9  4.8  
-0.475     33.1  5.2  
-0.425     23.5  3.6  
-0.375     27.0  4.3  
-0.325     24.8  3.9  
-0.275     36.9  7.4  
-0.225     16.0  3.0  
-0.175     21.6  3.8  
-0.125     21.2  3.4  
-0.075     18.3  3.2  
-0.025     19.7  3.1  
 0.025     23.2  3.9  
 0.075     21.5  3.2  
 0.125     27.0  4.0  
 0.175     20.6  3.0  
 0.225     33.4  5.1  
 0.275     20.5  2.9  
 0.325     31.7  4.7  
 0.375     27.8  4.5  
 0.425     27.9  4.4  
 0.475     30.7  4.9  
 0.525     21.1  3.5  
 0.575     17.0  2.9  
 0.625     20.9  3.6  
 0.675     17.9  3.1  
 0.725     20.7  3.8  
 0.775     25.7  4.2  
 0.825     31.9  4.4  
 0.875     49.6  5.6  
 0.925     65.8  6.4  
 0.975    102.6  8.7  