-0.925    18.9  5.4  
-0.875    16.3  2.8  
-0.825    19.3  3.1  
-0.775    15.1  2.8  
-0.725    12.3  2.3  
-0.675     8.6  2.4  
-0.625     8.6  1.9  
-0.575     8.8  1.7  
-0.525     8.8  1.9  
-0.475    16.7  3.7  
-0.425    12.3  2.6  
-0.375    12.9  2.7  
-0.325    13.1  2.9  
-0.275     8.0  1.9  
-0.225     8.8  1.9  
-0.175     6.0  1.4  
-0.125     8.7  1.7  
-0.075     5.6  1.3  
-0.025     7.3  1.6  
 0.025     9.1  1.9  
 0.075    14.6  2.5  
 0.125    12.0  2.1  
 0.175    16.3  2.5  
 0.225    14.3  2.2  
 0.275    18.4  2.5  
 0.325    19.2  2.8  
 0.375    22.6  3.0  
 0.425    24.2  3.1  
 0.475    19.4  2.5  
 0.525    25.5  3.4  
 0.575    17.2  2.5  
 0.625    15.9  2.2  
 0.675    18.1  2.6  
 0.725    14.7  2.4  
 0.775    13.0  2.2  
 0.825    19.2  3.0  
 0.875    23.4  3.1  
 0.925    63.1  5.5  
 0.975    85.6  7.0  