-0.875     44.4   7.8  
-0.825     38.5   6.6  
-0.775     44.6   6.7  
-0.725     37.1   4.9  
-0.675     34.8   4.8  
-0.625     50.6   6.9  
-0.575     39.9   5.3  
-0.525     50.3   6.1  
-0.475     47.4   5.9  
-0.425     48.9   6.2  
-0.375     43.9   5.8  
-0.325     47.5   6.5  
-0.275     51.5   7.4  
-0.225     35.0   5.3  
-0.175     42.9   5.9  
-0.125     30.9   4.9  
-0.075     35.1   4.9  
-0.025     30.1   4.4  
 0.025     29.9   4.0  
 0.075     29.6   4.3  
 0.125     32.7   4.7  
 0.175     24.4   3.9  
 0.225     24.7   3.7  
 0.275     27.9   4.6  
 0.325     31.0   5.1  
 0.375     24.0   4.4  
 0.425     32.8   5.5  
 0.475     43.0   7.4  
 0.525     22.0   4.5  
 0.575     24.0   5.2  
 0.625     17.7   3.7  
 0.675     15.8   3.6  
 0.725     23.8   4.7  
 0.775     25.6   4.9  
 0.825     46.2   7.6  
 0.875     61.7   9.8  
 0.925    115.0  11.4  
 0.975    117.7  11.1  