-0.825    31.5  12.1  
-0.775    40.0   5.1  
-0.725    38.5   5.0  
-0.675    37.0   4.5  
-0.625    47.3   5.4  
-0.575    46.8   4.8  
-0.525    43.1   5.0  
-0.475    55.6   5.8  
-0.425    46.1   5.2  
-0.375    41.7   4.5  
-0.325    47.9   5.8  
-0.275    37.6   4.4  
-0.225    43.0   4.9  
-0.175    40.7   4.9  
-0.125    60.7   6.2  
-0.075    42.3   4.9  
-0.025    42.2   4.8  
 0.025    36.0   4.4  
 0.075    26.9   3.6  
 0.125    30.9   3.9  
 0.175    22.9   3.4  
 0.225    24.5   3.5  
 0.275    26.6   4.3  
 0.325    22.3   4.0  
 0.375    21.9   4.1  
 0.425    20.2   4.6  
 0.475     9.5   2.2  
 0.525    15.9   3.3  
 0.575    11.3   2.4  
 0.625    20.1   4.2  
 0.675    18.5   3.3  
 0.725    20.0   3.8  
 0.775    31.6   7.5  
 0.825    22.2   3.9  
 0.875    44.0   6.7  
 0.925    56.6   7.3  
 0.975    48.0   6.1  