-0.925    16.5   7.0  
-0.875    41.4   8.2  
-0.825    28.0   5.8  
-0.775    12.4   3.5  
-0.725    17.9   4.3  
-0.675    19.5   4.5  
-0.625    28.7   5.9  
-0.575    29.5   6.2  
-0.525    21.4   4.8  
-0.475    18.5   4.3  
-0.425    21.7   5.5  
-0.375    23.3   5.4  
-0.325    21.6   4.7  
-0.275    20.7   5.7  
-0.225    19.3   5.1  
-0.175    10.5   3.2  
-0.125    12.6   3.6  
-0.075    38.9   8.0  
-0.025    11.9   3.5  
 0.025    25.0   5.5  
 0.075    22.4   5.2  
 0.125    27.9   5.5  
 0.175    18.8   4.2  
 0.225    27.6   5.3  
 0.275    25.7   5.6  
 0.325    15.8   3.8  
 0.375    24.5   5.1  
 0.425    20.9   4.7  
 0.475    24.5   5.3  
 0.525    22.7   5.2  
 0.575    19.7   4.7  
 0.625    10.1   3.3  
 0.675    19.0   4.5  
 0.725    25.1   5.5  
 0.775    31.8   7.1  
 0.825    39.0   6.8  
 0.875    44.3   8.1  
 0.925    71.4   9.2  
 0.975    80.0  10.3  