-0.95     0.541     0.705
-0.85    -0.184     0.204
-0.75    -0.388     0.215
-0.65     0.245     0.337
-0.55    -0.378     0.225
-0.45    -0.327     0.245
-0.35    -0.286     0.296
-0.25    -0.184     0.286
-0.15     0.072     0.306
-0.05     0.674     0.286
 0.05     0.756     0.204
 0.15     0.654     0.184
 0.25     0.358     0.174
 0.35     0.603     0.163
 0.45     0.429     0.163
 0.55     0.552     0.153
 0.65     0.592     0.184
 0.75     0.603     0.215
 0.85     0.133     0.174
 0.95    -0.235     0.112
 
