-0.95     0.143     0.388
-0.85    -0.235     0.143
-0.75    -0.245     0.163
-0.65    -0.327     0.215
-0.55    -0.306     0.174
-0.45    -0.603     0.174
-0.35    -0.051     0.184
-0.25     0.041     0.204
-0.15    -0.092     0.255
-0.05     0.562     0.194
 0.05     0.817     0.133
 0.15     0.613     0.133
 0.25     0.582     0.123
 0.35     0.572     0.133
 0.45     0.633     0.112
 0.55     0.603     0.123
 0.65     0.276     0.143
 0.75     0.317     0.143
 0.85     0.143     0.123
 0.95    -0.061     0.082
 
