-0.85    -0.501     0.235
-0.75    -0.255     0.194
-0.65    -0.664     0.133
-0.55    -0.695     0.143
-0.45    -0.347     0.174
-0.35    -0.439     0.163
-0.25    -0.572     0.174
-0.15     0.225     0.194
-0.05     0.163     0.194
 0.05     0.592     0.163
 0.15     0.490     0.174
 0.25     0.776     0.143
 0.35     0.684     0.245
 0.45     0.664     0.286
 0.55     0.838     0.235
 0.65     0.276     0.276
 0.75     0.031     0.255
 0.85    -0.010     0.225
 0.95    -0.194     0.153
