-0.85    -0.398     0.337
-0.75    -0.490     0.163
-0.65    -0.388     0.153
-0.55    -0.460     0.133
-0.45    -0.388     0.123
-0.35    -0.521     0.123
-0.25    -0.388     0.133
-0.15    -0.398     0.133
-0.05    -0.112     0.143
 0.05     0.041     0.153
 0.15    -0.204     0.184
 0.25     0.000     0.204
 0.35    -0.031     0.235
 0.45     0.102     0.245
 0.55    -0.449     0.296
 0.65     0.204     0.266
 0.75    -0.419     0.194
 0.85     0.102     0.235
 0.95    -0.092     0.143
