-0.85    -0.684     0.102
-0.75    -0.603     0.112
-0.65    -0.878     0.082
-0.55    -0.582     0.112
-0.45    -0.705     0.082
-0.35    -0.531     0.112
-0.25    -0.133     0.133
-0.15    -0.102     0.163
-0.05    -0.031     0.133
 0.05     0.429     0.133
 0.15     0.674     0.133
 0.25     0.940     0.092
 0.35     0.756     0.123
 0.45     0.797     0.133
 0.55     0.868     0.143
 0.65     0.664     0.194
 0.75     0.409     0.163
 0.85    -0.051     0.153
 0.95    -0.123     0.102
