-0.95    -0.061     0.470
-0.85     0.000     0.215
-0.75     0.419     0.204
-0.65    -0.388     0.225
-0.55     0.051     0.245
-0.45    -0.592     0.204
-0.35    -0.572     0.235
-0.25    -0.194     0.245
-0.15     0.072     0.337
-0.05     0.552     0.235
 0.05     0.735     0.174
 0.15     0.337     0.225
 0.25     0.787     0.184
 0.35     0.511     0.163
 0.45     0.460     0.153
 0.55     0.225     0.204
 0.65     0.654     0.215
 0.75     0.112     0.225
 0.85     0.041     0.174
 0.95    -0.429     0.112
 
