-0.95    -0.317     0.460
-0.85    -0.092     0.184
-0.75    -0.388     0.245
-0.65    -0.705     0.194
-0.55    -0.368     0.215
-0.45    -0.664     0.245
-0.35    -0.582     0.184
-0.25    -0.347     0.235
-0.15     0.215     0.204
-0.05     0.000     0.266
 0.05     0.633     0.184
 0.15     1.021     0.153
 0.25     1.001     0.153
 0.35     0.725     0.225
 0.45     0.827     0.184
 0.55     0.838     0.184
 0.65     0.797     0.163
 0.75    -0.592     0.163
 0.85    -0.123     0.163
 0.95    -0.235     0.112
 
