-0.95    -0.766     0.286
-0.85     0.010     0.194
-0.75     0.276     0.204
-0.65    -0.266     0.245
-0.55    -0.266     0.235
-0.45    -0.572     0.276
-0.35    -0.582     0.194
-0.25     0.204     0.286
-0.15     0.378     0.255
-0.05     1.001     0.163
 0.05     0.970     0.174
 0.15     0.715     0.194
 0.25     0.746     0.143
 0.35     0.827     0.112
 0.45     0.470     0.153
 0.55     0.541     0.184
 0.65     0.419     0.184
 0.75     0.072     0.204
 0.85    -0.337     0.215
 0.95    -0.266     0.123
 
