-0.85    -0.194     0.276
-0.75    -0.245     0.378
-0.65    -0.705     0.235
-0.55    -0.470     0.255
-0.45    -1.154     0.204
-0.35    -1.348     0.266
-0.25    -1.348     0.266
-0.15    -0.245     0.470
-0.05     0.684     0.255
 0.05     0.388     0.327
 0.15     0.756     0.296
 0.25     0.858     0.266
 0.35     0.429     0.317
 0.45     0.429     0.317
 0.55     0.868     0.296
 0.65     0.725     0.327
 0.75    -0.296     0.286
 0.85    -0.439     0.235
 0.95    -0.511     0.163
 
