-0.85    -0.521     0.133
-0.75    -0.766     0.102
-0.65    -0.838     0.092
-0.55    -0.817     0.082
-0.45    -0.807     0.082
-0.35    -0.531     0.112
-0.25    -0.327     0.133
-0.15    -0.153     0.133
-0.05     0.306     0.133
 0.05     0.725     0.102
 0.15     0.644     0.102
 0.25     0.654     0.133
 0.35     0.838     0.102
 0.45     0.633     0.174
 0.55     0.776     0.143
 0.65     0.531     0.153
 0.75     0.133     0.153
 0.85    -0.368     0.123
 0.95    -0.245     0.082
 
