-0.95     0.317     0.531
-0.85     0.112     0.531
-0.75     0.143     0.245
-0.65    -0.225     0.245
-0.55    -0.695     0.184
-0.45    -0.327     0.225
-0.35    -0.654     0.204
-0.25    -0.541     0.204
-0.15     0.235     0.255
-0.05     0.460     0.184
 0.05     0.674     0.163
 0.15     0.725     0.194
 0.25     0.388     0.153
 0.35     0.735     0.123
 0.45     0.531     0.143
 0.55     0.317     0.163
 0.65     0.541     0.174
 0.75     0.225     0.215
 0.85    -0.184     0.153
 0.95    -0.082     0.123
 
