-0.85    -0.327     0.215
-0.75    -0.378     0.184
-0.65    -0.644     0.153
-0.55    -0.705     0.133
-0.45    -0.439     0.153
-0.35    -0.684     0.133
-0.25    -0.102     0.204
-0.15    -0.204     0.184
-0.05     0.000     0.194
 0.05     0.552     0.163
 0.15     0.603     0.163
 0.25     0.623     0.215
 0.35     0.112     0.153
 0.45     0.797     0.194
 0.55     0.838     0.225
 0.65     0.623     0.235
 0.75     0.020     0.327
 0.85    -0.337     0.266
 0.95    -0.245     0.133
