-0.95     0.358     0.715
-0.85    -0.031     0.235
-0.75    -0.276     0.204
-0.65    -0.266     0.286
-0.55    -0.398     0.245
-0.45    -0.082     0.306
-0.35     0.317     0.235
-0.25    -0.174     0.276
-0.15     0.245     0.347
-0.05     0.715     0.266
 0.05     0.531     0.255
 0.15     0.705     0.184
 0.25     0.592     0.184
 0.35     0.613     0.143
 0.45     0.592     0.153
 0.55     0.592     0.133
 0.65     0.429     0.204
 0.75     0.592     0.215
 0.85     0.041     0.174
 0.95    -0.133     0.123
 
