-0.95     0.082     0.337
-0.85    -0.153     0.235
-0.75    -0.950     0.184
-0.65    -0.756     0.143
-0.55    -0.684     0.163
-0.45    -0.633     0.174
-0.35    -0.255     0.174
-0.25    -0.255     0.174
-0.15     0.317     0.276
-0.05     0.460     0.174
 0.05     0.766     0.143
 0.15     0.940     0.123
 0.25     0.940     0.112
 0.35     0.878     0.143
 0.45     0.644     0.153
 0.55     0.776     0.153
 0.65     0.562     0.194
 0.75     0.317     0.215
 0.85    -0.092     0.153
 0.95    -0.194     0.092
 
