-0.95    -0.296     0.296
-0.85    -0.327     0.153
-0.75    -0.644     0.153
-0.65    -0.766     0.112
-0.55    -0.592     0.133
-0.45    -0.613     0.133
-0.35    -0.511     0.163
-0.25    -0.378     0.163
-0.15     0.235     0.204
-0.05     0.715     0.123
 0.05     0.705     0.133
 0.15     0.919     0.082
 0.25     0.501     0.133
 0.35     0.746     0.102
 0.45     0.746     0.102
 0.55     0.684     0.123
 0.65     0.572     0.163
 0.75     0.398     0.143
 0.85    -0.041     0.123
 0.95    -0.123     0.092
 
