-0.95    -0.429     0.572
-0.85    -0.501     0.112
-0.75    -0.460     0.133
-0.65    -1.032     0.072
-0.55    -0.787     0.082
-0.45    -0.797     0.092
-0.35    -0.398     0.143
-0.25    -0.398     0.143
-0.15     0.010     0.143
-0.05     0.409     0.133
 0.05     0.439     0.123
 0.15     0.858     0.092
 0.25     0.582     0.123
 0.35     0.787     0.102
 0.45     0.899     0.112
 0.55     0.940     0.112
 0.65     0.347     0.143
 0.75     0.317     0.143
 0.85     0.031     0.123
 0.95    -0.153     0.072
 
