-0.95     0.031     0.398
-0.85    -0.123     0.225
-0.75    -0.674     0.204
-0.65    -0.613     0.204
-0.55    -0.715     0.225
-0.45    -0.572     0.266
-0.35    -0.133     0.235
-0.25    -0.337     0.286
-0.15    -0.092     0.255
-0.05     0.797     0.194
 0.05     1.062     0.133
 0.15     0.909     0.112
 0.25     0.807     0.133
 0.35     0.776     0.163
 0.45     0.746     0.133
 0.55     0.633     0.174
 0.65     0.460     0.215
 0.75     0.051     0.204
 0.85     0.112     0.194
 0.95    -0.194     0.123
 
