-0.85    -0.194     0.184
-0.75    -0.460     0.112
-0.65    -0.633     0.092
-0.55    -0.470     0.102
-0.45    -0.449     0.102
-0.35    -0.266     0.123
-0.25    -0.133     0.112
-0.15    -0.204     0.133
-0.05     0.184     0.123
 0.05     0.378     0.112
 0.15     0.174     0.153
 0.25     0.735     0.153
 0.35     0.501     0.174
 0.45     0.439     0.204
 0.55     0.633     0.184
 0.65     0.490     0.194
 0.75     0.143     0.184
 0.85     0.051     0.163
 0.95    -0.133     0.123
