-0.95    -0.051     0.358
-0.85    -0.010     0.133
-0.75    -0.153     0.143
-0.65    -0.061     0.184
-0.55    -0.286     0.184
-0.45    -0.194     0.174
-0.35    -0.470     0.163
-0.25    -0.204     0.194
-0.15     0.449     0.215
-0.05     0.705     0.123
 0.05     0.868     0.143
 0.15     0.541     0.123
 0.25     0.592     0.112
 0.35     0.439     0.123
 0.45     0.511     0.112
 0.55     0.480     0.112
 0.65     0.470     0.143
 0.75     0.654     0.123
 0.85     0.102     0.133
 0.95    -0.225     0.082
 
