-0.85    -0.470     0.163
-0.75    -0.644     0.204
-0.65    -0.776     0.153
-0.55    -0.756     0.143
-0.45    -0.633     0.163
-0.35    -0.592     0.163
-0.25    -0.296     0.163
-0.15    -0.082     0.174
-0.05     0.460     0.174
 0.05     0.715     0.133
 0.15     0.613     0.133
 0.25     0.878     0.133
 0.35     0.848     0.143
 0.45     1.052     0.123
 0.55     1.052     0.133
 0.65     0.633     0.215
 0.75    -0.072     0.235
 0.85    -0.153     0.184
 0.95    -0.163     0.123
 
