-0.95     0.204     0.388
-0.85    -0.184     0.143
-0.75    -0.470     0.143
-0.65    -0.378     0.174
-0.55    -0.439     0.174
-0.45    -0.358     0.153
-0.35    -0.388     0.163
-0.25    -0.174     0.215
-0.15     0.409     0.194
-0.05     0.409     0.163
 0.05     0.848     0.133
 0.15     0.766     0.112
 0.25     0.654     0.112
 0.35     0.725     0.102
 0.45     0.787     0.092
 0.55     0.449     0.123
 0.65     0.807     0.112
 0.75     0.552     0.133
 0.85    -0.092     0.123
 0.95    -0.143     0.082
 
