-0.95    -0.562     0.429
-0.85     0.000     0.204
-0.75    -0.082     0.306
-0.65    -0.490     0.215
-0.55     0.112     0.266
-0.45    -0.123     0.225
-0.35    -0.368     0.276
-0.25    -0.521     0.266
-0.15    -0.317     0.266
-0.05     0.194     0.245
 0.05     0.623     0.225
 0.15     0.480     0.194
 0.25     0.470     0.184
 0.35     0.674     0.112
 0.45     0.511     0.143
 0.55     0.572     0.153
 0.65     0.756     0.163
 0.75     0.756     0.133
 0.85     0.317     0.143
 0.95    -0.174     0.102