-0.95     0.562     0.449
-0.85    -0.174     0.163
-0.75    -0.266     0.163
-0.65     0.000     0.194
-0.55    -0.388     0.194
-0.45    -0.184     0.184
-0.35    -0.460     0.163
-0.25    -0.266     0.194
-0.15    -0.184     0.194
-0.05     0.501     0.194
 0.05     0.592     0.174
 0.15     0.644     0.112
 0.25     0.572     0.123
 0.35     0.398     0.133
 0.45     0.378     0.112
 0.55     0.695     0.102
 0.65     0.664     0.133
 0.75     0.603     0.133
 0.85     0.051     0.133
 0.95    -0.163     0.082