-0.85    -0.429     0.296
-0.75    -0.603     0.163
-0.65    -0.449     0.204
-0.55    -0.501     0.163
-0.45    -0.664     0.163
-0.35     0.082     0.163
-0.25    -0.143     0.235
-0.15    -0.215     0.225
-0.05    -0.286     0.153
 0.05     0.123     0.174
 0.15     0.562     0.184
 0.25     0.613     0.255
 0.35     0.235     0.286
 0.45     0.092     0.317
 0.55     0.970     0.306
 0.65     0.521     0.317
 0.75     0.235     0.317
 0.85     0.409     0.286
 0.95     0.276     0.204
