1.822    0.369    0.021    
1.845    0.412    0.024    
1.870    0.467    0.027    
1.891    0.523    0.031    
1.926    0.529    0.030    
1.939    0.545    0.032    
1.970    0.465    0.026    
1.985    0.494    0.029    
2.019    0.434    0.024    
2.031    0.436    0.025    
2.059    0.418    0.023    
2.074    0.393    0.023    
2.106    0.332    0.020    
2.118    0.370    0.021    
2.147    0.338    0.019    
2.158    0.298    0.017    
2.188    0.300    0.017    
2.202    0.280    0.016    
2.224    0.273    0.016    
2.243    0.260    0.015    
2.261    0.250    0.014    
2.282    0.250    0.015    
2.304    0.242    0.014    
2.318    0.220    0.013    
2.341    0.217    0.012    
2.355    0.234    0.014    