    1610.00        0.00000        0.00000        0.00000    
    1615.00        0.00000        0.00000        0.00000    
    1620.00        0.00000        0.00000        0.00000    
    1625.00        0.00000        0.00000        0.00000    
    1630.00        0.00000        0.00000        0.00000    
    1635.00        0.00000        0.00000        0.00000    
    1640.00        0.00000        0.00000        0.00000    
    1645.00        0.00000        0.00000        0.00000    
    1650.00        0.00000        0.00000        0.00000    
    1655.00        0.00000        0.00000        0.00000    
    1660.00        0.00000        0.00000        0.00000    
    1665.00        0.00000        0.00000        0.00000    
    1670.00        0.00000        0.00000        0.00000    
    1675.00        0.00000        0.00000        0.00000    
    1680.00        0.00000        0.00000        0.00000    
    1685.00        0.00000        0.00000        0.00000    
    1690.00        3.05064       -161756.        0.00000    
    1695.00        6.29718       -230325.        0.00000    
    1700.00        8.62613       -267051.        0.00000    
    1705.00        10.6762       -294335.        0.00000    
    1710.00        12.5728       -316840.        0.00000    
    1715.00        14.3023       -336416.        0.00000    
    1720.00        15.7564       -354003.        0.00000    
    1725.00        16.8168       -370146.        0.00000    
    1730.00        17.5279       -385192.        0.00000    
    1735.00        18.1354       -399377.        0.00000    
    1740.00        18.8732       -412868.        0.00000    
    1745.00        19.8207       -425790.        0.00000    
    1750.00        20.9527       -438235.        0.00000    
    1755.00        22.2197       -450278.        0.00000    
    1760.00        23.5810       -461975.        0.00000    
    1765.00        25.0102       -473374.        0.00000    
    1770.00        26.4913       -484514.        0.00000    
    1775.00        28.0156       -495425.        0.00000    
    1780.00        29.5784       -506135.        0.00000    
    1785.00        31.1775       -516667.        0.00000    
    1790.00        32.8122       -527040.        0.00000    
    1795.00        34.4824       -537270.        0.00000    
    1800.00        36.1888       -547372.        0.00000    
    1805.00        37.9323       -557358.        0.00000    
    1810.00        39.7137       -567241.        0.00000    
    1815.00        41.5341       -577029.        0.00000    
    1820.00        43.3944       -586732.        0.00000    
    1825.00        45.2958       -596357.        0.00000    
    1830.00        47.2414       -605910.        0.00000    
    1835.00        49.2366       -615399.        0.00000    
    1840.00        51.2829       -624829.        0.00000    
    1845.00        53.3769       -634205.        0.00000    
    1850.00        55.5183       -643532.        0.00000    
    1855.00        57.7090       -652814.        0.00000    
    1860.00        59.9508       -662054.        0.00000    
    1865.00        62.2456       -671256.        0.00000    
    1870.00        64.5950       -680424.        0.00000    
    1875.00        67.0004       -689561.        0.00000    
    1880.00        69.4635       -698669.        0.00000    
    1885.00        71.9857       -707750.        0.00000    
    1890.00        74.5686       -716807.        0.00000    
    1895.00        77.2135       -725843.        0.00000    
    1900.00        79.9222       -734859.        0.00000    
    1905.00        82.6960       -743857.        0.00000    
    1910.00        85.5365       -752838.        0.00000    
    1915.00        88.4454       -761805.        0.00000    
    1920.00        91.4242       -770760.        0.00000    
    1925.00        94.4745       -779702.        0.00000    
    1930.00        97.5979       -788634.        0.00000    
    1935.00        100.796       -797558.        0.00000    
    1940.00        104.071       -806473.        0.00000    
    1945.00        107.424       -815382.        0.00000    
    1950.00        110.857       -824285.        0.00000    
    1955.00        114.372       -833183.        0.00000    
    1960.00        117.971       -842077.        0.00000    
    1965.00        121.654       -850969.        0.00000    
    1970.00        125.426       -859858.        0.00000    
    1975.00        129.286       -868746.        0.00000    
    1980.00        133.237       -877633.        0.00000    
    1985.00        137.282       -886521.        0.00000    
    1990.00        141.422       -895409.        0.00000    
    1995.00        145.658       -904299.        0.00000    
    2000.00        149.994       -913191.        0.00000    
    2005.00        154.432       -922085.        0.00000    
    2010.00        158.973       -930983.        0.00000    
    2015.00        163.619       -939884.        0.00000    
    2020.00        168.374       -948789.        0.00000    
    2025.00        173.238       -957699.        0.00000    
    2030.00        178.216       -966614.        0.00000    
    2035.00        183.308       -975534.        0.00000    
    2040.00        188.518       -984460.        0.00000    
    2045.00        193.848       -993393.        0.00000    
    2050.00        199.300      -0.100233E+07    0.00000    
    2055.00        204.877      -0.101128E+07    0.00000    
    2060.00        210.582      -0.102023E+07    0.00000    
    2065.00        216.418      -0.102919E+07    0.00000    
    2070.00        222.387      -0.103816E+07    0.00000    
    2075.00        228.493      -0.104714E+07    0.00000    
    2080.00        234.738      -0.105613E+07    0.00000    
    2085.00        241.126      -0.106512E+07    0.00000    
    2090.00        247.659      -0.107413E+07    0.00000    
    2095.00        254.342      -0.108314E+07    0.00000    
    2100.00        261.177      -0.109216E+07    0.00000    
    2105.00        268.169      -0.110120E+07    0.00000    
    2110.00        275.321      -0.111024E+07    0.00000    
    2115.00        282.637      -0.111929E+07    0.00000    
    2120.00        290.122      -0.112836E+07    0.00000    
    2125.00        297.780      -0.113743E+07    0.00000    
    2130.00        305.616      -0.114652E+07    0.00000    
    2135.00        313.635      -0.115562E+07    0.00000    
    2140.00        321.843      -0.116473E+07    0.00000    
    2145.00        330.246      -0.117385E+07    0.00000    
    2150.00        338.851      -0.118298E+07    0.00000    
    2155.00        347.664      -0.119212E+07    0.00000    
    2160.00        356.694      -0.120128E+07    0.00000    
    2165.00        365.950      -0.121045E+07    0.00000    
    2170.00        375.441      -0.121963E+07    0.00000    
    2175.00        385.180      -0.122882E+07    0.00000    
    2180.00        395.178      -0.123803E+07    0.00000    
    2185.00        405.449      -0.124725E+07    0.00000    
    2190.00        416.012      -0.125648E+07    0.00000    
    2195.00        426.883      -0.126572E+07    0.00000    
    2200.00        438.085      -0.127498E+07    0.00000    
    2205.00        449.643      -0.128425E+07    0.00000    
    2210.00        461.585      -0.129353E+07    0.00000    
    2215.00        473.945      -0.130283E+07    0.00000    
    2220.00        486.761      -0.131214E+07    0.00000    
    2225.00        500.075      -0.132147E+07    0.00000    
    2230.00        513.937      -0.133081E+07    0.00000    
    2235.00        528.400      -0.134016E+07    0.00000    
    2240.00        543.523      -0.134953E+07    0.00000    
    2245.00        559.365      -0.135891E+07    0.00000    
    2250.00        575.985      -0.136831E+07    0.00000    
    2255.00        593.434      -0.137772E+07    0.00000    
    2260.00        611.747      -0.138714E+07    0.00000    
    2265.00        630.931      -0.139658E+07    0.00000    
    2270.00        650.949      -0.140603E+07    0.00000    
    2275.00        671.712      -0.141550E+07    0.00000    
    2280.00        693.060      -0.142499E+07    0.00000    
    2285.00        714.770      -0.143448E+07    0.00000    
    2290.00        736.561      -0.144400E+07    0.00000    
    2295.00        758.124      -0.145352E+07    0.00000    
    2300.00        779.166      -0.146307E+07    0.00000    
