  -0.998027                NaN
  -0.992115                NaN
  -0.982287                NaN
  -0.968583                NaN
  -0.951057                NaN
  -0.929776                NaN
  -0.904827                NaN
  -0.876307                NaN
  -0.844328                NaN
  -0.809017                NaN
  -0.770513                NaN
  -0.728969                NaN
  -0.684547                NaN
  -0.637424                NaN
  -0.587785                NaN
  -0.535827                NaN
  -0.481754                NaN
  -0.425779                NaN
  -0.368125                NaN
  -0.309017                NaN
  -0.248690                NaN
  -0.187381                NaN
  -0.125333                NaN
  -0.627905E-01            NaN
  -0.160812E-15            NaN
   0.627905E-01            NaN
   0.125333                NaN
   0.187381                NaN
   0.248690                NaN
   0.309017                NaN
   0.368125                NaN
   0.425779                NaN
   0.481754                NaN
   0.535827                NaN
   0.587785                NaN
   0.637424                NaN
   0.684547                NaN
   0.728969                NaN
   0.770513                NaN
   0.809017                NaN
   0.844328                NaN
   0.876307                NaN
   0.904827                NaN
   0.929776                NaN
   0.951057                NaN
   0.968583                NaN
   0.982287                NaN
   0.992115                NaN
   0.998027                NaN
    1.00000                NaN
