-0.85  0.05  19.    4.   
-0.75  0.05   9.    2.   
-0.65  0.05   5.6   1.2  
-0.55  0.05   2.1   0.7  
-0.45  0.05   1.1   0.5  
-0.35  0.05   2.5   0.9  
-0.25  0.05   4.8   1.2  
-0.15  0.05   3.7   0.9  
-0.05  0.05   8.    1.   
 0.05  0.05   8.    1.   
 0.15  0.05  11.    2.   
 0.25  0.05  10.    2.   
 0.35  0.05  14.    2.   
 0.45  0.05  13.    2.   
 0.55  0.05  15.    2.   
 0.65  0.05  19.    2.   
 0.75  0.05  20.    2.   
 0.85  0.05  26.    4.   
 0.95  0.05  45.   14.   