-0.95   0.05  39.   21.   
-0.85   0.05  16.    3.   
-0.75   0.05   6.2   1.2  
-0.65   0.05   3.6   0.7  
-0.55   0.05   4.4   1.0  
-0.45   0.05   2.0   0.7  
-0.35   0.05   2.2   0.7  
-0.25   0.05   0.9   0.4  
-0.15   0.05   1.6   0.5  
-0.05   0.05   1.0   0.3  
 0.05   0.05   1.4   0.4  
 0.15   0.05   3.9   0.6  
 0.25   0.05   4.8   0.8  
 0.35   0.05   4.9   0.7  
 0.45   0.05  10.    1.   
 0.55   0.05  13.    1.   
 0.65   0.05  10.    1.   
 0.75   0.05  17.    2.   
 0.85   0.05  25.    3.   
 0.95   0.05  83.   14.   