-0.95   0.05  26.   18.   
-0.85   0.05  23.    6.   
-0.75   0.05  10.    2.   
-0.65   0.05   8.    2.   
-0.55   0.05   2.0   0.7  
-0.45   0.05   0.8   0.4  
-0.35   0.05   1.5   0.7  
-0.25   0.05   3.4   1.1  
-0.15   0.05   5.8   1.7  
-0.05   0.05   4.8   1.5  
 0.05   0.05   2.3   1.1  
 0.15   0.05  13.    3.   
 0.25   0.05  10.    2.   
 0.35   0.05  11.    2.   
 0.45   0.05   9.    2.   
 0.55   0.05  14.    2.   
 0.65   0.05  12.    2.   
 0.75   0.05  20.    2.   
 0.85   0.05  20.    3.   
 0.95   0.05  34.   11.   