-0.95  0.05  22.    8.   
-0.85  0.05  25.    4.   
-0.75  0.05  10.    1.   
-0.65  0.05   7.0   1.1  
-0.55  0.05   5.6   1.0  
-0.45  0.05   5.1   1.0  
-0.35  0.05   8.    1.   
-0.25  0.05   8.    1.   
-0.15  0.05  10.    1.   
-0.05  0.05  13.    2.   
 0.05  0.05  18.    2.   
 0.15  0.05  19.    2.   
 0.25  0.05  28.    3.   
 0.35  0.05  22.    2.   
 0.45  0.05  29.    3.   
 0.55  0.05  32.    3.   
 0.65  0.05  36.    3.   
 0.75  0.05  44.    4.   
 0.85  0.05  54.    6.   
 0.95  0.05  41.   13.   