-0.95   0.05  20.   11.   
-0.85   0.05   24.    5.   
-0.75   0.05    9.    2.   
-0.65   0.05    2.7   0.8  
-0.55   0.05    0.9   0.4  
-0.45   0.05    0.8   0.4  
-0.35   0.05    2.0   0.6  
-0.25   0.05    1.9   0.6  
-0.15   0.05    2.3   0.6  
-0.05   0.05    3.1   0.6  
 0.05   0.05    6.4   1.0  
 0.15   0.05    6.2   0.9  
 0.25   0.05    6.9   1.0  
 0.35   0.05   11.    1.   
 0.45   0.05   11.    1.   
 0.55   0.05   12.    1.   
 0.65   0.05   16.    2.   
 0.75   0.05   20.    2.   
 0.85   0.05   29.    4.   
 0.95   0.05   61.   13.   