-0.95   0.05  35.   15.   
-0.85   0.05  15.    3.   
-0.75   0.05   5.8   1.1  
-0.65   0.05   2.5   0.6  
-0.55   0.05   1.2   0.4  
-0.45   0.05   0.5   0.3  
-0.35   0.05   1.1   0.5  
-0.25   0.05   3.4   0.9  
-0.15   0.05   4.0   1.1  
-0.05   0.05   3.9   0.8  
 0.05   0.05   5.3   1.0  
 0.15   0.05   8.    1.   
 0.25   0.05  12.    2.   
 0.35   0.05  12.    2.   
 0.45   0.05  13.    2.   
 0.55   0.05  13.    1.   
 0.65   0.05  16.    2.   
 0.75   0.05  15.    2.   
 0.85   0.05  23.    3.   
 0.95   0.05  32.    8.   