-0.85   0.05   25.    5.   
-0.75   0.05   11.    2.   
-0.65   0.05   6.3   1.2  
-0.55   0.05   5.0   1.2  
-0.45   0.05   3.3   1.0  
-0.35   0.05   1.8   0.6  
-0.25   0.05   1.3   0.5  
-0.15   0.05   1.2   0.4  
-0.05   0.05   1.5   0.4  
 0.05   0.05   2.8   0.6  
 0.15   0.05   3.2   0.6  
 0.25   0.05   6.9   0.9  
 0.35   0.05  10.    1.   
 0.45   0.05  11.    1.   
 0.55   0.05  13.    1.   
 0.65   0.05  12.    1.   
 0.75   0.05  16.    2.   
 0.85   0.05  27.    3.   
 0.95   0.05  93.   16.   