-0.95   0.05  38.   19.   
-0.85   0.05  16.    3.   
-0.75   0.05   8.    2.   
-0.65   0.05   5.8   1.3  
-0.55   0.05   5.2   1.2  
-0.45   0.05   4.0   1.1  
-0.35   0.05   2.8   0.8  
-0.25   0.05   5.4   1.3  
-0.15   0.05   8.    2.   
-0.05   0.05  10.    2.   
 0.05   0.05  14.    2.   
 0.15   0.05  16.    2.   
 0.25   0.05  17.    3.   
 0.35   0.05  19.    3.   
 0.45   0.05  20.    3.   
 0.55   0.05  20.    3.   
 0.65   0.05  30.    4.   
 0.75   0.05  32.    4.   
 0.85   0.05  42.    6.   
 0.95   0.05  86.   24.   