-0.95   0.05  26.   16.   
-0.85   0.05   8.    2.   
-0.75   0.05   5.8   0.9  
-0.65   0.05   2.9   0.6  
-0.55   0.05   1.3   0.4  
-0.45   0.05   2.5   0.6  
-0.35   0.05   2.1   0.5  
-0.25   0.05   1.1   0.3  
-0.15   0.05   0.9   0.2  
-0.05   0.05   1.2   0.3  
 0.05   0.05   1.3   0.2  
 0.15   0.05   1.4   0.3  
 0.25   0.05   4.1   0.5  
 0.35   0.05   6.2   0.6  
 0.45   0.05   9.    1.   
 0.55   0.05  10.    1.   
 0.65   0.05  10.    1.   
 0.75   0.05  11.    1.   
 0.85   0.05  25.    2.   
 0.95   0.05  72.   10.   