-0.95  0.05  33.   15.   
-0.85  0.05  28.    5.   
-0.75  0.05  11.    2.   
-0.65  0.05   5.5   1.4  
-0.55  0.05   1.6   0.7  
-0.45  0.05   1.2   0.5  
-0.35  0.05   2.7   0.8  
-0.25  0.05   2.3   0.9  
-0.15  0.05   6.3   1.5  
-0.05  0.05   8.    2.   
 0.05  0.05  11.    2.   
 0.15  0.05  11.    2.   
 0.25  0.05  11.    2.   
 0.35  0.05  14.    2.   
 0.45  0.05  17.    3.   
 0.55  0.05  21.    3.   
 0.65  0.05  21.    3.   
 0.75  0.05  30.    4.   
 0.85  0.05  48.    7.   
 0.95  0.05  38.   16.   