-0.95   0.05    2.   10.   
-0.85   0.05  11.    3.   
-0.75   0.05  10.    2.   
-0.65   0.05   5.8   1.2  
-0.55   0.05   5.8   1.5  
-0.45   0.05   2.8   1.0  
-0.35   0.05   1.8   0.6  
-0.25   0.05   1.2   0.5  
-0.15   0.05   3.1   0.8  
-0.05   0.05   2.5   0.7  
 0.05   0.05   2.9   0.6  
 0.15   0.05   4.0   0.7  
 0.25   0.05   7.5   1.0  
 0.35   0.05   9.    1.   
 0.45   0.05   9.    1.   
 0.55   0.05  12.    1.   
 0.65   0.05  15.    2.   
 0.75   0.05  13.    2.   
 0.85   0.05  26.    3.   
 0.95   0.05  65.   15.   