-0.95   0.05  31.   18.   
-0.85   0.05  10.    3.   
-0.75   0.05   9.    2.   
-0.65   0.05   6.3   1.6  
-0.55   0.05   4.9   1.3  
-0.45   0.05   5.0   1.4  
-0.35   0.05   8.    2.   
-0.25   0.05   9.    2.   
-0.15   0.05  10.    2.   
-0.05   0.05  12.    2.   
 0.05   0.05  20.    4.   
 0.15   0.05  20.    3.   
 0.25   0.05  23.    4.   
 0.35   0.05  27.    4.   
 0.45   0.05  24.    4.   
 0.55   0.05  41.    6.   
 0.65   0.05  37.    5.   
 0.75   0.05  36.    5.   
 0.85   0.05  40.    7.   
 0.95   0.05  59.   24.   