-0.95   0.05  11.   13.   
-0.85   0.05  17.    5.   
-0.75   0.05   8.    2.   
-0.65   0.05   8.    2.   
-0.55   0.05   4.1   1.3  
-0.45   0.05   3.0   1.2  
-0.35   0.05   0.4   0.4  
-0.25   0.05   1.7   0.7  
-0.15   0.05   1.2   0.5  
-0.05   0.05   2.2   0.7  
 0.05   0.05   2.0   0.6  
 0.15   0.05   5.8   1.3  
 0.25   0.05   4.9   1.0  
 0.35   0.05   7.5   1.3  
 0.45   0.05  10.    2.   
 0.55   0.05  11.    2.   
 0.65   0.05  11.    2.   
 0.75   0.05   9.    2.   
 0.85   0.05  23.    4.   
 0.95   0.05  39.   12.   