-0.95   0.05   1.4   0.7   
-0.85   0.05   0.42  0.53  
-0.75   0.05   0.61  0.47  
-0.65   0.05  -0.40  0.52  
-0.55   0.05   0.15  0.57  
-0.45   0.05   0.06  0.64  
-0.35   0.05   1.0   0.9   
-0.25   0.05  -0.39  0.49  
-0.15   0.05   0.30  0.44  
-0.05   0.05  -0.58  0.40  
 0.05   0.05   0.25  0.32  
 0.15   0.05   0.53  0.30  
 0.25   0.05   0.08  0.31  
 0.35   0.05   0.98  0.23  
 0.45   0.05   0.93  0.22  
 0.55   0.05   1.4   0.2   
 0.65   0.05   1.3   0.2   
 0.75   0.05   0.97  0.22  
 0.85   0.05   1.0   0.2   
 0.95   0.05   0.55  0.25  