-0.95   0.05  -2.0   0.8   
-0.85   0.05  -0.05  0.43  
-0.75   0.05   0.07  0.42  
-0.65   0.05  -0.62  0.58  
-0.55   0.05   0.22  0.79  
-0.45   0.05  -1.1   1.0   
-0.35   0.05   0.94  0.64  
-0.25   0.05   0.06  0.90  
-0.15   0.05  -0.60  0.50  
-0.05   0.05  -0.19  0.51  
 0.05   0.05  -0.37  0.47  
 0.15   0.05  -0.83  0.33  
 0.25   0.05   0.36  0.35  
 0.35   0.05   0.53  0.33  
 0.45   0.05   1.2   0.2   
 0.55   0.05   1.1   0.2   
 0.65   0.05   1.2   0.2   
 0.75   0.05   1.2   0.2   
 0.85   0.05   1.2   0.2   
 0.95   0.05   0.90  0.25  