-0.95   0.05  -0.47  0.85  
-0.85   0.05  -0.31  0.35  
-0.75   0.05   0.17  0.46  
-0.65   0.05   1.5   0.2   
-0.55   0.05  -0.12  0.83  
-0.45   0.05  -0.73  0.97  
-0.25   0.05  -1.7   1.4   
-0.15   0.05  -1.4   0.7   
-0.05   0.05  -0.18  0.65  
 0.05   0.05  -1.9   0.6   
 0.15   0.05  -0.92  0.34  
 0.25   0.05  -0.20  0.43  
 0.35   0.05   0.07  0.34  
 0.45   0.05   0.18  0.38  
 0.55   0.05   0.66  0.28  
 0.65   0.05   0.80  0.25  
 0.75   0.05   1.1   0.2   
 0.85   0.05   0.93  0.22  
 0.95   0.05   0.57  0.26  