-0.95   0.05   0.77  0.75  
-0.85   0.05   0.82  0.37  
-0.75   0.05   0.42  0.39  
-0.65   0.05  -0.57  0.40  
-0.55   0.05   0.24  0.59  
-0.45   0.05  -1.7   0.9   
-0.35   0.05  -0.76  0.86  
-0.25   0.05  -0.95  0.91  
-0.15   0.05  -1.1   0.6   
-0.05   0.05  -0.93  0.54  
 0.05   0.05  -0.74  0.49  
 0.25   0.05  -0.58  0.31  
 0.35   0.05  -0.93  0.21  
 0.45   0.05  -0.71  0.21  
 0.55   0.05  -0.31  0.24  
 0.65   0.05  -0.65  0.25  
 0.75   0.05  -0.07  0.24  
 0.85   0.05   0.76  0.22  
 0.95   0.05   0.30  0.17  