-0.95   0.05   0.97  0.88  
-0.75   0.05  -0.05  0.34  
-0.65   0.05  -0.15  0.38  
-0.55   0.05  -1.7   0.6   
-0.45   0.05  -0.89  0.61  
-0.35   0.05  -0.74  0.48  
-0.25   0.05  -0.58  0.50  
-0.15   0.05  -1.0   0.4   
-0.05   0.05  -0.48  0.46  
 0.05   0.05  -0.65  0.45  
 0.15   0.05  -1.4   0.3   
 0.25   0.05  -1.1   0.2   
 0.35   0.05  -1.1   0.2   
 0.45   0.05  -1.1   0.2   
 0.55   0.05  -1.2   0.1   
 0.65   0.05  -0.71  0.21  
 0.75   0.05   0.29  0.21  
 0.85   0.05   0.72  0.17  
 0.95   0.05   0.58  0.13  