-0.95   0.05   0.33  0.67  
-0.85   0.05  -0.28  0.35  
-0.75   0.05   0.44  0.31  
-0.65   0.05   1.1   0.3   
-0.55   0.05   0.58  0.40  
-0.45   0.05   0.17  0.45  
-0.35   0.05   0.02  0.35  
-0.25   0.05   0.19  0.34  
-0.15   0.05  -0.03  0.32  
-0.05   0.05   0.08  0.29  
 0.05   0.05   0.07  0.25  
 0.15   0.05   0.19  0.20  
 0.25   0.05   0.50  0.18  
 0.35   0.05   0.72  0.19  
 0.45   0.05   0.76  0.16  
 0.55   0.05   1.0   0.2   
 0.65   0.05   1.0   0.1   
 0.75   0.05   1.3   0.1   
 0.85   0.05   1.1   0.1   
 0.95   0.05   0.73  0.20  