-0.95   0.05   0.5   1.1   
-0.85   0.05  -0.04  0.60  
-0.75   0.05   0.68  0.49  
-0.65   0.05   1.4   0.5   
-0.55   0.05   0.64  0.64  
-0.45   0.05   0.23  0.72  
-0.35   0.05   0.91  0.50  
-0.25   0.05  -0.16  0.52  
-0.15   0.05   0.41  0.45  
-0.05   0.05   0.71  0.37  
 0.05   0.05   0.60  0.33  
 0.15   0.05   0.47  0.33  
 0.25   0.05   0.31  0.32  
 0.35   0.05   0.41  0.26  
 0.45   0.05   0.66  0.26  
 0.55   0.05   1.1   0.2   
 0.65   0.05   0.79  0.23  
 0.75   0.05   1.5   0.2   
 0.85   0.05   1.3   0.2   
 0.95   0.05   0.89  0.30  