-0.95   0.05   1.4   0.7   
-0.85   0.05  -0.13  0.34  
-0.75   0.05  -0.44  0.38  
-0.65   0.05  -0.10  0.51  
-0.55   0.05   1.5   0.5   
-0.45   0.05   0.0   1.0   
-0.25   0.05  -0.93  0.64  
-0.05   0.05  -1.3   0.3   
 0.05   0.05  -0.73  0.38  
 0.15   0.05  -0.59  0.31  
 0.25   0.05  -0.59  0.28  
 0.35   0.05  -0.19  0.28  
 0.45   0.05   0.59  0.24  
 0.55   0.05   0.91  0.20  
 0.65   0.05   0.84  0.19  
 0.75   0.05   0.83  0.19  
 0.85   0.05   0.97  0.18  
 0.95   0.05   0.62  0.18  