    1077.00       -0.00000        0.00000        0.00000       -0.00000       -0.00000        0.00000       -0.00000        0.00000        0.00000        0.00000        0.00000        0.00000       -0.00000        0.00000        0.00000        0.00000        0.00000        0.00000        0.00000       -0.00000        0.00000        0.00000    
    4155.00      -0.587688E-04  -0.915707E-06    0.00000        0.00000        0.00000        0.00000        0.00000        0.00000        0.00000       -0.00000       -0.00000        0.00000       -0.00000        0.00000       -0.00000        0.00000        0.00000        0.00000        0.00000        0.00000       -0.00000        0.00000    
    4160.00      -0.119289E-02  -0.146404E-03    0.00000       -0.00000        0.00000        0.00000       -0.00000        0.00000        0.00000       -0.00000       -0.00000        0.00000       -0.00000        0.00000       -0.00000        0.00000        0.00000        0.00000        0.00000        0.00000       -0.00000        0.00000    
    4165.00      -0.293571E-02  -0.440836E-03    0.00000       -0.00000        0.00000        0.00000       -0.00000        0.00000        0.00000       -0.00000        0.00000       -0.00000       -0.00000        0.00000       -0.00000        0.00000        0.00000        0.00000        0.00000        0.00000        0.00000        0.00000    
    4170.00      -0.438065E-02  -0.620807E-03    0.00000       -0.00000        0.00000        0.00000       -0.00000        0.00000        0.00000        0.00000        0.00000       -0.00000        0.00000       -0.00000       -0.00000        0.00000        0.00000        0.00000        0.00000        0.00000        0.00000        0.00000    
    4175.00      -0.510008E-02  -0.820942E-03    0.00000       -0.00000        0.00000        0.00000       -0.00000        0.00000        0.00000        0.00000        0.00000        0.00000        0.00000       -0.00000       -0.00000        0.00000        0.00000        0.00000        0.00000        0.00000        0.00000        0.00000    
    4180.00      -0.518607E-02  -0.132166E-02    0.00000       -0.00000        0.00000        0.00000        0.00000       -0.00000        0.00000        0.00000        0.00000        0.00000        0.00000       -0.00000        0.00000       -0.00000        0.00000        0.00000        0.00000        0.00000        0.00000        0.00000    
    4185.00      -0.502564E-02  -0.220780E-02    0.00000       -0.00000        0.00000        0.00000        0.00000       -0.00000       -0.00000        0.00000        0.00000        0.00000        0.00000       -0.00000        0.00000       -0.00000        0.00000        0.00000        0.00000        0.00000        0.00000        0.00000    
    4190.00      -0.488790E-02  -0.328595E-02    0.00000       -0.00000        0.00000        0.00000        0.00000       -0.00000       -0.00000        0.00000       -0.00000        0.00000        0.00000       -0.00000        0.00000       -0.00000        0.00000        0.00000        0.00000        0.00000        0.00000        0.00000    
    4195.00      -0.479426E-02  -0.440769E-02    0.00000       -0.00000        0.00000        0.00000        0.00000        0.00000       -0.00000        0.00000       -0.00000        0.00000        0.00000       -0.00000        0.00000       -0.00000        0.00000        0.00000       -0.00000        0.00000        0.00000        0.00000    
    4200.00      -0.477766E-02  -0.561508E-02    0.00000        0.00000        0.00000        0.00000        0.00000        0.00000        0.00000       -0.00000       -0.00000        0.00000        0.00000       -0.00000        0.00000       -0.00000        0.00000        0.00000       -0.00000        0.00000        0.00000        0.00000    
    4205.00      -0.502199E-02  -0.689108E-02    0.00000        0.00000        0.00000       -0.00000        0.00000        0.00000        0.00000       -0.00000        0.00000       -0.00000        0.00000       -0.00000        0.00000        0.00000       -0.00000        0.00000       -0.00000        0.00000        0.00000        0.00000    
    4210.00      -0.565224E-02  -0.801391E-02   -0.00000        0.00000        0.00000        0.00000        0.00000        0.00000        0.00000       -0.00000        0.00000       -0.00000        0.00000       -0.00000        0.00000        0.00000       -0.00000        0.00000       -0.00000        0.00000        0.00000        0.00000    
    4215.00      -0.654485E-02  -0.874343E-02   -0.00000        0.00000        0.00000        0.00000        0.00000        0.00000        0.00000        0.00000        0.00000        0.00000        0.00000       -0.00000        0.00000        0.00000        0.00000       -0.00000        0.00000        0.00000        0.00000        0.00000    
    4220.00      -0.743144E-02  -0.905321E-02   -0.00000        0.00000        0.00000        0.00000        0.00000        0.00000       -0.00000        0.00000        0.00000        0.00000        0.00000       -0.00000       -0.00000        0.00000        0.00000        0.00000        0.00000        0.00000        0.00000        0.00000    
    4225.00      -0.814160E-02  -0.913258E-02   -0.00000        0.00000        0.00000        0.00000        0.00000        0.00000       -0.00000        0.00000       -0.00000        0.00000        0.00000       -0.00000        0.00000       -0.00000        0.00000        0.00000        0.00000        0.00000        0.00000        0.00000    
    4230.00      -0.871474E-02  -0.919749E-02    0.00000       -0.00000        0.00000        0.00000        0.00000        0.00000        0.00000       -0.00000       -0.00000        0.00000        0.00000       -0.00000        0.00000       -0.00000        0.00000        0.00000        0.00000        0.00000        0.00000        0.00000    
    4235.00      -0.930983E-02  -0.932344E-02    0.00000       -0.00000        0.00000        0.00000        0.00000        0.00000        0.00000       -0.00000        0.00000       -0.00000        0.00000       -0.00000        0.00000       -0.00000        0.00000        0.00000       -0.00000        0.00000        0.00000        0.00000    
    4240.00      -0.100395E-01  -0.943320E-02    0.00000       -0.00000        0.00000        0.00000        0.00000        0.00000        0.00000        0.00000        0.00000        0.00000        0.00000       -0.00000        0.00000        0.00000       -0.00000        0.00000       -0.00000        0.00000        0.00000        0.00000    
    4245.00      -0.108759E-01  -0.940923E-02    0.00000        0.00000        0.00000       -0.00000        0.00000        0.00000       -0.00000        0.00000       -0.00000        0.00000        0.00000       -0.00000        0.00000        0.00000        0.00000       -0.00000        0.00000       -0.00000        0.00000        0.00000    
    4250.00      -0.116799E-01  -0.922291E-02    0.00000        0.00000        0.00000        0.00000        0.00000        0.00000       -0.00000        0.00000       -0.00000        0.00000        0.00000       -0.00000        0.00000        0.00000        0.00000       -0.00000        0.00000       -0.00000        0.00000        0.00000    
    4255.00      -0.123133E-01  -0.899345E-02    0.00000        0.00000        0.00000        0.00000       -0.00000        0.00000        0.00000       -0.00000        0.00000       -0.00000        0.00000       -0.00000       -0.00000        0.00000        0.00000        0.00000        0.00000        0.00000       -0.00000        0.00000    
    4260.00      -0.127604E-01  -0.894608E-02    0.00000        0.00000        0.00000        0.00000        0.00000       -0.00000        0.00000        0.00000        0.00000        0.00000        0.00000       -0.00000        0.00000       -0.00000        0.00000        0.00000        0.00000        0.00000       -0.00000        0.00000    
    4265.00      -0.131879E-01  -0.929399E-02    0.00000        0.00000        0.00000       -0.00000        0.00000       -0.00000       -0.00000        0.00000       -0.00000        0.00000        0.00000       -0.00000        0.00000        0.00000       -0.00000        0.00000       -0.00000        0.00000       -0.00000        0.00000    
    4270.00      -0.139106E-01  -0.101037E-01    0.00000        0.00000        0.00000        0.00000        0.00000        0.00000        0.00000        0.00000        0.00000        0.00000        0.00000        0.00000        0.00000        0.00000        0.00000        0.00000        0.00000       -0.00000       -0.00000        0.00000    
    4275.00      -0.152751E-01  -0.112048E-01    0.00000       -0.00000        0.00000        0.00000        0.00000        0.00000       -0.00000        0.00000       -0.00000        0.00000        0.00000        0.00000        0.00000       -0.00000        0.00000        0.00000        0.00000        0.00000       -0.00000        0.00000    
    4280.00      -0.175002E-01  -0.121788E-01    0.00000       -0.00000        0.00000        0.00000        0.00000        0.00000       -0.00000        0.00000       -0.00000        0.00000        0.00000        0.00000       -0.00000        0.00000        0.00000        0.00000       -0.00000        0.00000       -0.00000        0.00000    
    4285.00      -0.205087E-01  -0.124379E-01    0.00000       -0.00000        0.00000       -0.00000       -0.00000        0.00000       -0.00000        0.00000       -0.00000        0.00000        0.00000        0.00000        0.00000        0.00000        0.00000       -0.00000       -0.00000        0.00000        0.00000       -0.00000    
    4290.00      -0.237832E-01  -0.114169E-01    0.00000       -0.00000        0.00000        0.00000       -0.00000        0.00000       -0.00000        0.00000       -0.00000        0.00000        0.00000        0.00000        0.00000        0.00000        0.00000        0.00000        0.00000        0.00000        0.00000       -0.00000    
    4295.00      -0.263983E-01  -0.888121E-02    0.00000        0.00000        0.00000        0.00000       -0.00000        0.00000        0.00000        0.00000        0.00000        0.00000        0.00000        0.00000        0.00000        0.00000        0.00000        0.00000        0.00000        0.00000        0.00000       -0.00000    
    4300.00      -0.271289E-01  -0.596646E-02    0.00000        0.00000        0.00000        0.00000       0.822908E-02   0.819959E-02    1.06733        1.91756      -0.221565        3.01150        0.00000        0.00000        0.00000        0.00000       -0.00000        0.00000        0.00000        0.00000        0.00000        0.00000    
    4305.00      -0.261402E-01  -0.469796E-02    0.00000        0.00000        0.00000       -0.00000       0.303206E-01   0.472514E-01  -0.785878        4.59201      -0.146144       -13.2037        0.00000        0.00000        0.00000        0.00000        0.00000        0.00000        0.00000        0.00000        0.00000        0.00000    
    4310.00      -0.244616E-01  -0.553533E-02    0.00000       -0.00000       -0.00000        0.00000       0.506637E-01   0.122068        8.93086        8.21893       -3.51976        9.84728        0.00000        0.00000        0.00000       -0.00000        0.00000        0.00000        0.00000        0.00000        0.00000        0.00000    
    4315.00      -0.233953E-01  -0.569084E-02   -0.00000        0.00000        0.00000       -0.00000       0.154799      -0.253213E-01    4.93405       -5.58935        8.85987       -5.31628        0.00000        0.00000        0.00000       -0.00000        0.00000        0.00000        0.00000       -0.00000        0.00000        0.00000    
    4320.00      -0.195782E-01  -0.386020E-02    0.00000        0.00000       -0.00000        0.00000      -0.840857E-01  -0.387865       -6.14657       -13.0764       -15.0511       -2.61457        0.00000        0.00000       -0.00000        0.00000        0.00000        0.00000       -0.00000        0.00000       -0.00000        0.00000    
    4325.00      -0.192700E-01  -0.107445E-01   0.417193E-01   0.123809       -3.52581       0.229872      -0.643360       0.126028       -12.5346        26.8297        6.79664        14.4454        0.00000        0.00000        0.00000        0.00000        0.00000        0.00000       -0.00000        0.00000       -0.00000        0.00000    
    4330.00      -0.511635E-01  -0.339448E-01  -0.122574      -0.927653E-01   -2.89889       -1.12006       0.918726      -0.460364        5.41227       -63.0293        17.6004       -12.1680        0.00000        0.00000        0.00000       -0.00000       -0.00000        0.00000        0.00000        0.00000        0.00000        0.00000    
    4335.00      -0.467569E-01  -0.165586E-01  -0.145398      -0.412744E-01  -0.372911E-01   0.263241E-02  -0.197094      -0.600044       -40.8845      -0.559254       -16.7046       -19.0141        0.00000       -0.00000       -0.00000        0.00000        0.00000        0.00000        0.00000        0.00000        0.00000        0.00000    
    4340.00      -0.444124E-01  -0.104053E-01   0.105657E-01  -0.382184E-01   0.406032      -0.368607      -0.481698      -0.185257       0.752256E-01    37.0684       -19.9215        18.3131        0.00000       -0.00000       -0.00000        0.00000        0.00000        0.00000        0.00000        0.00000        0.00000        0.00000    
    4345.00      -0.432834E-01  -0.766713E-02   0.626509E-03  -0.566292E-01  -0.463325      -0.355744      -0.388575       0.187583        42.1873        10.7750        17.2841        22.0542        0.00000       -0.00000       -0.00000        0.00000        0.00000        0.00000        0.00000        0.00000        0.00000        0.00000    
    4350.00      -0.424458E-01  -0.676646E-02  -0.373676E-01  -0.392424E-01   0.231241      -0.176652      -0.144291       0.334998        28.7817       -35.4329        28.8992       -14.8461        0.00000        0.00000       -0.00000        0.00000        0.00000       -0.00000        0.00000        0.00000       -0.00000        0.00000    
    4355.00      -0.421325E-01  -0.706043E-02  -0.635458E-01  -0.269458E-01  -0.329146      -0.103079       0.887548E-01   0.267024       -20.5011       -39.2901       -5.40205       -37.1682        0.00000        0.00000       -0.00000        0.00000        0.00000       -0.00000        0.00000        0.00000        0.00000       -0.00000    
    4360.00      -0.426922E-01  -0.832385E-02  -0.713876E-01  -0.247003E-01  -0.171598      -0.290586       0.202728       0.651304E-01   -46.9005        4.35186       -38.8195       -10.4115        0.00000        0.00000       -0.00000        0.00000        0.00000       -0.00000        0.00000        0.00000        0.00000       -0.00000    
    4365.00      -0.441710E-01  -0.104947E-01  -0.817667E-01  -0.221514E-01  -0.504762      -0.276007       0.169656      -0.150907       -22.8835        49.0258       -26.8386        31.8377        0.00000        0.00000       -0.00000        0.00000        0.00000       -0.00000        0.00000        0.00000        0.00000       -0.00000    
    4370.00      -0.462899E-01  -0.132804E-01  -0.989769E-01  -0.372250E-01  -0.234931      -0.956142       0.252673E-01  -0.279461        26.9185        51.9947        16.1848        41.0984        0.00000        0.00000        0.00000        0.00000       -0.00000        0.00000        0.00000        0.00000        0.00000       -0.00000    
    4375.00      -0.487998E-01  -0.161458E-01  -0.103300      -0.599624E-01   0.799982      -0.813813      -0.162643      -0.284363        57.8625        12.6371        46.0242        9.91826        0.00000        0.00000        0.00000        0.00000       -0.00000        0.00000        0.00000        0.00000        0.00000        0.00000    
    4380.00      -0.516172E-01  -0.186132E-01  -0.975485E-01  -0.817371E-01    1.34532       0.858059      -0.313449      -0.182697        46.3895       -35.1700        38.0626       -31.7850        0.00000        0.00000        0.00000        0.00000       -0.00000        0.00000        0.00000        0.00000        0.00000        0.00000    
    4385.00      -0.545380E-01  -0.204056E-01  -0.800946E-01  -0.905174E-01  -0.712937        1.99185      -0.370867      -0.217141E-01    4.00260       -56.1545       0.456916       -51.0494        0.00000        0.00000       -0.00000        0.00000       -0.00000        0.00000        0.00000        0.00000       -0.00000        0.00000    
    4390.00      -0.573857E-01  -0.210820E-01  -0.755426E-01  -0.888760E-01   -2.12372        1.14670      -0.320558       0.137576       -38.2490       -38.6798       -38.3956       -34.1150        0.00000        0.00000       -0.00000        0.00000        0.00000       -0.00000        0.00000        0.00000       -0.00000        0.00000    
    4395.00      -0.603276E-01  -0.204410E-01  -0.874435E-01  -0.100257       -3.38636       0.675342      -0.187309       0.243302       -53.9738        3.09547       -51.1133        6.17458        0.00000        0.00000       -0.00000        0.00000        0.00000       -0.00000        0.00000        0.00000        0.00000       -0.00000    
    4400.00      -0.633588E-01  -0.186315E-01  -0.127726      -0.152115       -8.53511       0.166303      -0.178207E-01   0.265972       -36.0313        42.9753       -30.4534        42.3604        0.00000        0.00000       -0.00000        0.00000        0.00000       -0.00000        0.00000        0.00000        0.00000       -0.00000    
    4405.00      -0.661525E-01  -0.156587E-01  -0.283787      -0.646290       -98.8109       -76.2183       0.138377       0.203430        3.42752        59.6251        9.07649        52.6706        0.00000        0.00000       -0.00000        0.00000        0.00000       -0.00000        0.00000        0.00000        0.00000        0.00000    
    4410.00      -0.681034E-01  -0.110252E-01   0.274710       0.137159       -23.8852        16.2316       0.243263       0.762393E-01    43.2469        46.6056        43.8950        33.0815       -0.00000        0.00000       -0.00000        0.00000        0.00000        0.00000        0.00000        0.00000       -0.00000        0.00000    
    4415.00      -0.682453E-01  -0.375733E-02   0.113565       0.588296E-01   -5.79638        2.71791       0.278889      -0.809330E-01    65.2233        12.2692        56.2912       -3.93410        0.00000        0.00000        0.00000        0.00000        0.00000       -0.00000        0.00000        0.00000       -0.00000        0.00000    
    4420.00      -0.617855E-01   0.581495E-02   0.862908E-01   0.356250E-01   -3.07378        1.86678       0.245695      -0.233605        61.2486       -27.6494        42.1908       -39.4282        0.00000       -0.00000       -0.00000        0.00000        0.00000        0.00000       -0.00000        0.00000        0.00000       -0.00000    
    4425.00      -0.419948E-01   0.113830E-01   0.990788E-01   0.349507E-01   -2.19896        2.23460       0.136580      -0.340573        35.2723       -57.8303        9.63313       -58.2035        0.00000        0.00000        0.00000       -0.00000        0.00000        0.00000       -0.00000        0.00000        0.00000        0.00000    
    4430.00      -0.217387E-01  -0.370013E-02   0.147982       0.817200E-03   -1.49918        3.10654      -0.137635E-01  -0.372880       -2.18343       -67.7822       -27.2879       -53.6496       -0.00000        0.00000        0.00000        0.00000        0.00000        0.00000       -0.00000        0.00000       -0.00000        0.00000    
    4435.00      -0.529995E-01  -0.231258E-01   0.146843      -0.319389E-01  -0.321209E-03    4.81861      -0.623860E-01  -0.234067       -39.4761       -56.5417       -54.3864       -28.3545        0.00000        0.00000        0.00000        0.00000        0.00000       -0.00000        0.00000        0.00000        0.00000        0.00000    
    4440.00      -0.700857E-01  -0.280547E-01   0.371142E-01  -0.740075E-01    3.61691        5.98077      -0.191818      -0.783762E-01   -64.2919       -28.3922       -62.2255        7.29229       -0.00000        0.00000       -0.00000        0.00000        0.00000        0.00000        0.00000        0.00000        0.00000       -0.00000    
    4445.00      -0.640423E-01  -0.386198E-01  -0.115585      -0.521915E-01    8.30184        1.81319      -0.277231       0.119208       -71.3782        7.02020       -49.0595        40.9630        0.00000        0.00000        0.00000       -0.00000        0.00000        0.00000        0.00000       -0.00000       -0.00000        0.00000    
    4450.00      -0.783544E-01  -0.336708E-01  -0.215616       0.131011        6.14205       -3.56694      -0.294976       0.359256       -61.3126        40.1353       -20.1041        61.6991        0.00000        0.00000        0.00000       -0.00000        0.00000        0.00000        0.00000        0.00000        0.00000        0.00000    
    4455.00      -0.806947E-01  -0.436351E-01  -0.168985       0.256065        2.34920       -3.67579      -0.139589       0.523205       -38.7973        64.5935        15.1000        64.1056        0.00000       -0.00000       -0.00000        0.00000        0.00000       -0.00000        0.00000        0.00000       -0.00000        0.00000    
    4460.00      -0.853525E-01  -0.481556E-01  -0.850490E-01   0.364719       0.994896       -2.83669      -0.381848E-03   0.830507       -7.11711        77.1770        45.8442        48.1513        0.00000       -0.00000        0.00000       -0.00000        0.00000        0.00000        0.00000       -0.00000        0.00000       -0.00000    
    4465.00      -0.834409E-01  -0.551989E-01  -0.498852E-01   0.478151       0.701694       -2.79579       0.552121E-01    1.14173        20.0338        81.2904        63.9910        19.7689       0.399507E-01   0.518205       -89.1769       -10.3010        34.2647       -12.4734        65.4532       -43.9106        14738.1        15454.2    
    4470.00      -0.101396      -0.574375E-01  -0.150076E-02   0.456417        1.02303       -2.41991       0.306489        1.17027        41.7921        68.1674        65.4965       -13.4145      -0.465432E-01   -7.05194        73.8705       -109.831       -10.5658        13.6966       -30.3780       -1.68177       -482.710       -962.851    
    4475.00      -0.101837      -0.649915E-01   0.234010E-01   0.481711        1.00697       -2.55875       0.380215        1.21937        54.0410        51.6668        51.3351       -42.7206       -19.7257       -3.15372       -513.639       -124.606        112.193        12.0551        61.7576        44.9794       -66904.3        8863.03    
    4480.00      -0.105646      -0.707716E-01   0.897637E-01   0.502097       0.511013       -2.62762       0.559884        1.23074        60.3974        32.0030        26.3135       -62.0662      -0.244590       -2.21870       -154.080       -213.634        45.9549        58.3750       -57.8474        2.05258       -387.696       -567.270    
    4485.00      -0.117687      -0.723770E-01   0.189536       0.501391      -0.371042E-01   -3.07499       0.864373        1.07905        67.7681        13.4044       -3.18668       -67.7508       -1.01944       -4.92210       -170.456       -380.763        38.9889        97.9283        25.0129        12.5124       -1378.76       -1248.10    
    4490.00      -0.129144      -0.891132E-01   0.191368       0.521773      -0.650100E-02   -3.11220       0.910224        1.20735        52.5041        10.2754       -32.3709       -58.8229        3.50637       -6.19933        2.38300       -372.160        4.31983        101.043        62.5467       -27.7287       -1369.78       -1928.27    
    4495.00      -0.129043      -0.827369E-01   0.302429       0.276088       -1.76422       -2.77734        1.08540       0.349004        33.8236       -23.2181       -56.0656       -40.9331        5.94581       -4.48763        110.112       -390.314       -19.8413        113.253        1.22958       -29.9909        517.609       -1464.24    
    4500.00      -0.136953      -0.864885E-01   0.405324       0.239536       -3.47461       -2.42937        1.30658       0.329752        27.1672       -29.0957       -68.2275       -14.3165        10.0772        1.05153        603.276       -298.814       -148.367        71.8754       -89.5039       -6.69059        1547.95        114.192    
    4505.00      -0.139866      -0.962881E-01   0.414268       0.179325       -4.63241       -1.12217        1.44945       0.623955        41.9589       -15.4600       -67.0798        15.7493        11.8350        2.13269        802.085       -232.492       -188.797        46.8200       -121.633        11.5175       -996.616        4628.23    
    4510.00      -0.136235      -0.979240E-01   0.309610       0.757464E-01   -4.27272       0.508670        1.06747       0.727382        29.6716        9.84249       -56.0684        43.2111        12.7126        6.38645        885.494       -34.1960       -205.784        6.72344       -46.5078        24.1675       -9954.30        7259.06    
    4515.00      -0.140497      -0.873421E-01   0.198489      -0.804735E-01   -2.94798        2.23873       0.673506       0.162335      -0.747372        4.88008       -36.2556        62.5235        11.5639        17.2785        1113.26        408.571       -267.046       -65.1393        79.2656       -56.6296       -23326.5       -1917.92    
    4520.00      -0.150633      -0.919015E-01   0.152288      -0.115146       -2.00405        3.02097       0.919686       0.903255E-01    13.6403       -1.72663       -9.00567        71.9675       -6.08354        18.4832        462.290        993.013       -188.000       -191.183        271.845       -187.889       -10261.6       -17921.9    
    4525.00      -0.149061      -0.923828E-01   0.323276E-01  -0.107858      -0.783583        2.94000       0.576295       0.181475        10.5515        11.5482        19.1004        71.2222       -8.66993        10.4917        153.874        817.569       -152.504       -198.572        404.464       -245.069       -1349.74       -7880.40    
    4530.00      -0.148331      -0.861024E-01  -0.820235E-01  -0.112678       0.276501        2.65214       0.163338      -0.313180E-02   0.364762        10.3217        44.1519        59.5828       -7.29557        9.42192        192.641        727.156       -179.522       -203.204        439.212       -245.252       -1903.65       -1019.91    
    4535.00      -0.152760      -0.796641E-01  -0.159557      -0.111762        1.01532        2.26432       0.246672E-01  -0.195431        4.40993        1.95693        63.2105        39.6800       -7.92861        9.84926        258.723        649.061       -263.244       -204.236        549.358       -162.375       -912.105        6545.11    
    4540.00      -0.155425      -0.756555E-01  -0.225612      -0.905931E-01    1.54641        1.77219      -0.171784      -0.160783        7.51116        5.03488        73.3980        15.3463       -11.6397        10.3735        301.571        576.568       -509.306       -253.448        1273.43        82.2428        9136.65        32852.1    
    4545.00      -0.158355      -0.689625E-01  -0.276221      -0.782821E-01    1.89686        1.34164      -0.450133      -0.257627       -2.46496        2.93589        73.7503       -10.0684       -9.44899       -65.6484       -48.2388       -1612.32       -317.581       -3718.60        3624.64        14633.3      -0.182822E+07   -242172.    
    4550.00      -0.164219      -0.646453E-01  -0.291016      -0.521657E-01    1.93979       0.864249      -0.485838      -0.387172       -9.00166       -10.6358        65.7849       -33.3884        7.49869        14.1737        968.282        403.285        440.966       -150.133       -2821.63        1249.28        25560.0       -23624.1    
    4555.00      -0.167659      -0.621130E-01  -0.304251      -0.631437E-02    1.84830       0.226139      -0.494555      -0.349866       -11.5513       -17.9771        52.0950       -51.9956        3.70656        14.7731        843.778        261.424        236.575       -103.324       -1775.54        1298.75        3279.26       -12131.7    
    4560.00      -0.170237      -0.570368E-01  -0.320478       0.379617E-01    1.60482      -0.459506      -0.619520      -0.312659       -18.4941       -16.9881        34.9875       -65.3507        4.36875        16.7280        882.010        96.3278        198.233       -113.511       -1247.68        1620.24        125.342       -8889.06    
    4565.00      -0.174992      -0.515014E-01  -0.319492       0.857720E-01    1.03151       -1.04033      -0.725896      -0.333315       -26.6157       -14.8229        15.7526       -74.2701        5.74877        19.8297        964.005       -61.1554        188.827       -180.170       -773.446        2037.24        836.895       -9845.96    
    4570.00      -0.179723      -0.489226E-01  -0.299225       0.150375       0.122969       -1.39497      -0.725414      -0.288760       -29.6793       -14.6298       -5.22152       -79.5929        10.6720        22.7180        1028.90       -399.060        168.953       -294.706       -150.509        2617.50       -524.212       -16370.7    
    4575.00      -0.182612      -0.470198E-01  -0.271617       0.225765      -0.988074       -1.36574      -0.726721      -0.141143       -27.2872       -13.9606       -28.7704       -82.4987        24.5801        22.9325        841.827       -1153.40        107.739       -460.481        1097.12        3343.88       -20223.4       -24894.8    
    4580.00      -0.185894      -0.438228E-01  -0.244325       0.307318       -2.16277      -0.774639      -0.828358       0.493819E-01   -19.0812       -11.3278       -60.7124       -83.1700        49.8017        8.55839       -457.454       -2179.58       -60.2721       -692.785        3665.22        3226.66       -61087.6        24451.5    
    4585.00      -0.193749      -0.425662E-01  -0.230145       0.379055       -3.28327       0.299838       -1.07012       0.286931E-01   -10.1223        1.64400       -110.987       -63.2124        63.1844       -24.7250       -2980.42       -1940.94       -345.535       -721.632        5708.44        215.821        43163.0        128877.    
    4590.00      -0.198477      -0.468863E-01  -0.182184       0.397151       -4.19995        1.83323       -1.07311      -0.212511       -19.8143        20.7901       -131.485        4.12632        43.2087       -37.5991       -3635.96       -246.724       -281.074       -636.519        4625.72       -2671.09        165308.        42743.9    
    4595.00      -0.200311      -0.478473E-01  -0.156285       0.432459       -4.90839        4.76401       -1.07290      -0.158796       -15.7070        26.9745       -103.466        56.7617        28.1613       -36.9712       -3373.95        1200.00       -622.664       -973.952        3133.78       -4169.21        162259.       -60959.3    
    4600.00      -0.201595      -0.582608E-01  -0.356347       0.292129       -12.9112        9.85841       -1.43994      -0.558078        36.3216        39.0296       -96.1427        63.1910        36.2626       -6.49527       -4879.49        1507.25       -627.768       -2386.12        1361.19       -3732.99        223776.       -73425.4    
    4605.00      -0.180244      -0.490042E-01   0.276080       0.209912       0.147373       0.772770       0.392617      -0.267804       -98.2575        64.0204       -60.1241        46.5291       -48.9868       -8.80381        2046.45        830.737        966.410       -94.0192       -1981.52       -3868.93       -88198.0       -31941.4    
    4610.00      -0.193348      -0.504531E-01   0.827706E-01   0.218025       -3.22100        5.18008      -0.606318      -0.290867       -3.52452        54.5580       -41.7623        64.1213       -15.3496       -4.01295       -289.843        1886.61        281.777       -58.0143       -3100.08       -3336.56       -25682.6       -72728.4    
    4615.00      -0.194889      -0.552627E-01   0.548561E-01   0.161356       -3.21666        6.51219      -0.825159      -0.408500        16.4316        48.4620       -24.2033        72.1986       -4.91614        9.54049       -15.0944        2288.61        310.882       -22.3788       -4445.32       -2278.60       -26188.9       -88978.7    
    4620.00      -0.196765      -0.529425E-01   0.130498       0.139593       -1.62493        6.36102      -0.739700      -0.308269        17.0307        48.4111       -4.58995        76.4001       -8.84958        15.6366        1192.02        1854.05        226.159       -144.538       -5421.67       -707.883       -82826.2       -52357.7    
    4625.00      -0.197667      -0.526457E-01   0.190025       0.103882      -0.395987        6.57008      -0.640583      -0.293326        17.7377        48.7499        15.1069        75.6055       -8.97308        26.9206        2345.34        1012.33        158.187       -282.444       -5869.49        1444.79       -130958.        11033.3    
    4630.00      -0.198857      -0.529293E-01   0.224544       0.652507E-01   0.506885        6.21801      -0.554308      -0.250807        17.9453        39.5574        34.2109        69.5701       -2.02102        37.5680        3160.61       -70.3610       -6.13505       -375.338       -5489.11        3909.42       -129598.        104640.    
    4635.00      -0.202338      -0.523289E-01   0.236695       0.153221E-01    1.32337        5.57623      -0.615621      -0.213914        26.1330        36.0900        51.5090        60.4943        16.6423        39.6673        2931.09       -1587.21       -139.249       -217.122       -4053.03        6506.23       -37265.7        181374.    
    4640.00      -0.207000      -0.493625E-01   0.217221      -0.509642E-01    2.12104        4.79887      -0.782711      -0.202339        36.3038        40.2662        63.3689        38.4713        40.9181        23.9568        1429.60       -2887.94        50.2392       -19.8369       -1110.01        7970.17        101136.        149931.    
    4645.00      -0.215604      -0.493120E-01   0.221134      -0.128306        2.99246        4.08131       -1.03210      -0.401113        39.8988        51.8010        69.4077        27.5208        67.8394       0.541161       -934.470       -3975.14        323.910        131.887        1885.93        8448.48        229467.        26278.3    
