    1077.00       -0.00000        0.00000       -0.00000        0.00000       -0.00000        0.00000        0.00000       -0.00000       -0.00000        0.00000       -0.00000        0.00000        0.00000        0.00000        0.00000        0.00000        0.00000       -0.00000        0.00000        0.00000        0.00000       -0.00000    
    4155.00      -0.698676E-05   0.751452E-05    0.00000        0.00000        0.00000        0.00000        0.00000       -0.00000        0.00000        0.00000        0.00000        0.00000        0.00000        0.00000       -0.00000        0.00000        0.00000        0.00000        0.00000        0.00000        0.00000       -0.00000    
    4160.00      -0.798559E-04   0.143594E-03    0.00000        0.00000        0.00000        0.00000        0.00000       -0.00000        0.00000        0.00000        0.00000        0.00000        0.00000        0.00000       -0.00000        0.00000        0.00000        0.00000        0.00000        0.00000        0.00000       -0.00000    
    4165.00      -0.850049E-04   0.250148E-03    0.00000        0.00000        0.00000        0.00000        0.00000       -0.00000        0.00000        0.00000        0.00000        0.00000        0.00000        0.00000       -0.00000        0.00000        0.00000        0.00000        0.00000        0.00000        0.00000        0.00000    
    4170.00      -0.118557E-03   0.140682E-03    0.00000        0.00000        0.00000        0.00000        0.00000       -0.00000        0.00000        0.00000        0.00000        0.00000        0.00000        0.00000       -0.00000        0.00000        0.00000        0.00000        0.00000        0.00000        0.00000        0.00000    
    4175.00      -0.368032E-03  -0.201535E-03    0.00000        0.00000        0.00000        0.00000        0.00000        0.00000        0.00000        0.00000       -0.00000        0.00000        0.00000        0.00000       -0.00000        0.00000        0.00000        0.00000        0.00000        0.00000        0.00000        0.00000    
    4180.00      -0.956303E-03  -0.718243E-03    0.00000        0.00000        0.00000        0.00000        0.00000        0.00000       -0.00000        0.00000        0.00000       -0.00000        0.00000        0.00000        0.00000       -0.00000       -0.00000        0.00000        0.00000        0.00000        0.00000        0.00000    
    4185.00      -0.197822E-02  -0.134506E-02    0.00000        0.00000        0.00000        0.00000        0.00000        0.00000        0.00000       -0.00000        0.00000       -0.00000        0.00000        0.00000        0.00000       -0.00000       -0.00000        0.00000        0.00000        0.00000        0.00000        0.00000    
    4190.00      -0.347688E-02  -0.192610E-02    0.00000        0.00000        0.00000        0.00000        0.00000        0.00000        0.00000       -0.00000        0.00000       -0.00000        0.00000        0.00000        0.00000       -0.00000       -0.00000        0.00000       -0.00000        0.00000        0.00000        0.00000    
    4195.00      -0.528090E-02  -0.232923E-02    0.00000        0.00000        0.00000        0.00000        0.00000        0.00000        0.00000       -0.00000        0.00000        0.00000        0.00000        0.00000        0.00000        0.00000       -0.00000        0.00000       -0.00000        0.00000        0.00000        0.00000    
    4200.00      -0.716430E-02  -0.271033E-02   -0.00000        0.00000        0.00000        0.00000        0.00000        0.00000        0.00000       -0.00000        0.00000        0.00000        0.00000        0.00000        0.00000        0.00000        0.00000       -0.00000       -0.00000        0.00000        0.00000        0.00000    
    4205.00      -0.919395E-02  -0.338477E-02    0.00000        0.00000        0.00000        0.00000        0.00000        0.00000        0.00000        0.00000        0.00000        0.00000        0.00000        0.00000        0.00000        0.00000        0.00000       -0.00000       -0.00000        0.00000        0.00000        0.00000    
    4210.00      -0.116995E-01  -0.442404E-02    0.00000        0.00000        0.00000        0.00000        0.00000        0.00000        0.00000        0.00000        0.00000        0.00000        0.00000        0.00000        0.00000        0.00000        0.00000        0.00000        0.00000       -0.00000        0.00000        0.00000    
    4215.00      -0.148900E-01  -0.555474E-02    0.00000        0.00000        0.00000        0.00000        0.00000        0.00000       -0.00000        0.00000       -0.00000        0.00000        0.00000        0.00000       -0.00000        0.00000        0.00000        0.00000        0.00000        0.00000        0.00000        0.00000    
    4220.00      -0.186208E-01  -0.647325E-02    0.00000        0.00000        0.00000        0.00000        0.00000        0.00000        0.00000       -0.00000        0.00000       -0.00000        0.00000        0.00000        0.00000       -0.00000       -0.00000        0.00000        0.00000        0.00000        0.00000        0.00000    
    4225.00      -0.225626E-01  -0.717488E-02    0.00000        0.00000        0.00000        0.00000        0.00000        0.00000        0.00000       -0.00000        0.00000       -0.00000        0.00000        0.00000        0.00000       -0.00000        0.00000       -0.00000        0.00000        0.00000        0.00000        0.00000    
    4230.00      -0.265477E-01  -0.794933E-02    0.00000        0.00000        0.00000        0.00000        0.00000        0.00000        0.00000       -0.00000        0.00000        0.00000        0.00000        0.00000        0.00000       -0.00000        0.00000       -0.00000       -0.00000        0.00000        0.00000        0.00000    
    4235.00      -0.307371E-01  -0.908811E-02    0.00000        0.00000        0.00000        0.00000        0.00000        0.00000        0.00000        0.00000        0.00000        0.00000        0.00000       -0.00000        0.00000        0.00000        0.00000       -0.00000       -0.00000        0.00000        0.00000        0.00000    
    4240.00      -0.354841E-01  -0.106061E-01    0.00000        0.00000        0.00000        0.00000        0.00000        0.00000        0.00000        0.00000       -0.00000        0.00000        0.00000       -0.00000        0.00000        0.00000        0.00000        0.00000        0.00000       -0.00000        0.00000        0.00000    
    4245.00      -0.410481E-01  -0.122008E-01    0.00000       -0.00000        0.00000        0.00000       -0.00000        0.00000        0.00000       -0.00000        0.00000       -0.00000        0.00000       -0.00000        0.00000        0.00000        0.00000        0.00000        0.00000        0.00000        0.00000        0.00000    
    4250.00      -0.473850E-01  -0.134442E-01    0.00000       -0.00000        0.00000        0.00000       -0.00000        0.00000        0.00000       -0.00000        0.00000        0.00000        0.00000       -0.00000       -0.00000        0.00000       -0.00000        0.00000        0.00000        0.00000        0.00000       -0.00000    
    4255.00      -0.541404E-01  -0.140574E-01   -0.00000        0.00000        0.00000        0.00000       -0.00000        0.00000        0.00000        0.00000        0.00000        0.00000        0.00000       -0.00000       -0.00000        0.00000       -0.00000        0.00000       -0.00000        0.00000        0.00000       -0.00000    
    4260.00      -0.608338E-01  -0.141003E-01   -0.00000        0.00000        0.00000        0.00000        0.00000       -0.00000       -0.00000        0.00000       -0.00000        0.00000        0.00000       -0.00000        0.00000       -0.00000        0.00000       -0.00000        0.00000       -0.00000        0.00000       -0.00000    
    4265.00      -0.671284E-01  -0.139718E-01    0.00000       -0.00000        0.00000        0.00000       -0.00000        0.00000        0.00000       -0.00000        0.00000       -0.00000        0.00000       -0.00000       -0.00000        0.00000        0.00000        0.00000        0.00000        0.00000        0.00000       -0.00000    
    4270.00      -0.730423E-01  -0.142163E-01    0.00000       -0.00000        0.00000        0.00000        0.00000        0.00000        0.00000        0.00000        0.00000        0.00000        0.00000       -0.00000        0.00000        0.00000        0.00000        0.00000        0.00000        0.00000        0.00000       -0.00000    
    4275.00      -0.789814E-01  -0.152236E-01    0.00000        0.00000        0.00000        0.00000        0.00000        0.00000        0.00000       -0.00000        0.00000       -0.00000        0.00000       -0.00000        0.00000        0.00000        0.00000       -0.00000       -0.00000        0.00000        0.00000       -0.00000    
    4280.00      -0.855470E-01  -0.169750E-01    0.00000        0.00000        0.00000        0.00000       -0.00000        0.00000        0.00000       -0.00000        0.00000       -0.00000        0.00000       -0.00000        0.00000       -0.00000        0.00000        0.00000        0.00000        0.00000        0.00000        0.00000    
    4285.00      -0.931723E-01  -0.190027E-01    0.00000        0.00000        0.00000        0.00000       -0.00000        0.00000       -0.00000        0.00000       -0.00000        0.00000       -0.00000        0.00000       -0.00000        0.00000        0.00000        0.00000        0.00000        0.00000        0.00000        0.00000    
    4290.00      -0.101766      -0.206930E-01    0.00000        0.00000        0.00000        0.00000       -0.00000        0.00000       -0.00000        0.00000       -0.00000        0.00000        0.00000        0.00000        0.00000        0.00000        0.00000        0.00000        0.00000        0.00000        0.00000        0.00000    
    4295.00      -0.110319      -0.220795E-01   -0.00000        0.00000        0.00000        0.00000        0.00000        0.00000        0.00000        0.00000        0.00000        0.00000       -0.00000        0.00000        0.00000        0.00000        0.00000        0.00000        0.00000        0.00000        0.00000        0.00000    
    4300.00      -0.117400      -0.204786E-01   -0.00000        0.00000        0.00000        0.00000       0.633425E-01  -0.482922E-01  -0.303209        2.04474        1.26770        1.06057       -0.00000        0.00000       -0.00000        0.00000       -0.00000        0.00000        0.00000        0.00000       -0.00000        0.00000    
    4305.00      -0.128622      -0.175011E-01    0.00000        0.00000        0.00000        0.00000      -0.149584E-01  -0.109258        3.38581        1.80051       -1.49027        4.97449       -0.00000        0.00000        0.00000        0.00000       -0.00000        0.00000        0.00000        0.00000       -0.00000        0.00000    
    4310.00      -0.137806      -0.188190E-01    0.00000        0.00000       -0.00000        0.00000      -0.101488       0.817065E-01   -4.49521       -8.43575        13.5660       -9.02192        0.00000       -0.00000        0.00000        0.00000        0.00000        0.00000        0.00000        0.00000        0.00000       -0.00000    
    4315.00      -0.151649      -0.180179E-01    0.00000        0.00000        0.00000        0.00000      -0.120553       0.364180        6.25484       -5.87996       -10.8627       -42.7240        0.00000       -0.00000        0.00000        0.00000        0.00000        0.00000        0.00000        0.00000        0.00000       -0.00000    
    4320.00      -0.159297      -0.155607E-01    0.00000       -0.00000        0.00000       -0.00000       0.262853       0.546194E-02  -0.937916       -36.4815       -21.9125        8.92362        0.00000       -0.00000       -0.00000        0.00000        0.00000        0.00000        0.00000       -0.00000        0.00000       -0.00000    
    4325.00      -0.164820      -0.137482E-01  -0.626056E-01   0.188955E-01    3.52377        1.55925       0.171508      -0.845941E-01    17.9732        130.947        23.2356        27.0411       -0.00000        0.00000        0.00000        0.00000        0.00000       -0.00000       -0.00000        0.00000        0.00000       -0.00000    
    4330.00      -0.175249      -0.118997E-01   0.150815      -0.107517       -1.84678        8.64327      -0.390948      -0.251374E-02    82.4395       -130.412        35.0922       -49.2229       -0.00000        0.00000        0.00000       -0.00000       -0.00000        0.00000        0.00000        0.00000        0.00000       -0.00000    
    4335.00      -0.182435      -0.132440E-01  -0.187632E-01   0.146916E-01    1.73799      -0.179216      -0.341714       0.276042       -106.628       -66.1963       -48.1676       -37.3907       -0.00000        0.00000       -0.00000        0.00000       -0.00000        0.00000        0.00000        0.00000        0.00000       -0.00000    
    4340.00      -0.192830      -0.142546E-01   0.804500E-02  -0.146277E-01  -0.374678      -0.497949      -0.120806       0.467328       -74.7502        75.4190       -39.1821        48.5065       -0.00000        0.00000        0.00000        0.00000        0.00000        0.00000        0.00000        0.00000        0.00000       -0.00000    
    4345.00      -0.204111      -0.133444E-01  -0.500977E-02   0.138171E-01  -0.415944       0.210342E-01   0.183173       0.428374        62.8271        94.7736        45.0466        54.8770       -0.00000        0.00000        0.00000        0.00000        0.00000        0.00000        0.00000       -0.00000        0.00000       -0.00000    
    4350.00      -0.215512      -0.108327E-01  -0.106868E-01  -0.888136E-03  -0.229138       0.293916       0.361365       0.214556        126.979       -17.7350        77.4516       -24.1063       -0.00000        0.00000       -0.00000        0.00000        0.00000        0.00000        0.00000        0.00000        0.00000        0.00000    
    4355.00      -0.226577      -0.723710E-02   0.528181E-02  -0.211664E-01  -0.374112       0.408691E-01   0.331318      -0.414009E-01    54.0619       -120.986        22.2522       -83.1745        0.00000       -0.00000        0.00000        0.00000       -0.00000        0.00000        0.00000        0.00000       -0.00000        0.00000    
    4360.00      -0.237196      -0.325305E-02   0.149380E-01  -0.312281E-01  -0.307832       0.329887       0.132121      -0.222912       -68.8652       -104.400       -50.3332       -58.1443        0.00000       -0.00000        0.00000        0.00000        0.00000        0.00000        0.00000        0.00000       -0.00000        0.00000    
    4365.00      -0.247084       0.577853E-03   0.260576E-01  -0.269435E-01  -0.821941       0.636057E-01  -0.113878      -0.256125       -117.634        9.13089       -64.5748        13.1547        0.00000       -0.00000        0.00000        0.00000        0.00000        0.00000        0.00000        0.00000       -0.00000        0.00000    
    4370.00      -0.256190       0.421336E-02   0.156552E-01  -0.737473E-02  -0.140941      -0.862145      -0.291254      -0.136358       -50.2882        109.692       -17.0402        57.4680        0.00000       -0.00000        0.00000        0.00000        0.00000        0.00000        0.00000        0.00000       -0.00000        0.00000    
    4375.00      -0.264858       0.771962E-02  -0.830394E-02  -0.665633E-02    1.04895       0.333167E-01  -0.333032       0.644676E-01    69.7503        110.127        39.7778        42.1419       -0.00000        0.00000        0.00000        0.00000        0.00000        0.00000        0.00000       -0.00000       -0.00000        0.00000    
    4380.00      -0.273508       0.110357E-01  -0.226588E-01  -0.212547E-01  -0.129009        1.81604      -0.234440       0.244603        141.888        12.1805        57.5131       -10.2547       -0.00000        0.00000        0.00000        0.00000        0.00000        0.00000        0.00000       -0.00000       -0.00000        0.00000    
    4385.00      -0.282405       0.141051E-01  -0.251204E-01  -0.329408E-01   -2.08150       0.303070      -0.442058E-01   0.323886        109.731       -108.411        26.5210       -54.2169       -0.00000        0.00000        0.00000        0.00000        0.00000        0.00000        0.00000       -0.00000        0.00000       -0.00000    
    4390.00      -0.291676       0.169651E-01  -0.328823E-01  -0.360724E-01   -1.47354       -1.13779       0.158771       0.269399       -5.74690       -165.270       -26.9353       -57.1532        0.00000        0.00000        0.00000       -0.00000       -0.00000        0.00000        0.00000        0.00000       -0.00000        0.00000    
    4395.00      -0.301356       0.197255E-01  -0.513879E-01  -0.389257E-01   -1.06673       -1.87390       0.295039       0.996330E-01   -130.145       -118.873       -64.4805       -18.1362        0.00000        0.00000        0.00000        0.00000       -0.00000        0.00000        0.00000        0.00000       -0.00000        0.00000    
    4400.00      -0.311409       0.225284E-01  -0.899403E-01  -0.441965E-01   -1.16290       -4.49487       0.312828      -0.128738       -187.742        5.28914       -62.1062        37.1770        0.00000       -0.00000        0.00000        0.00000       -0.00000        0.00000        0.00000        0.00000        0.00000        0.00000    
    4405.00      -0.321739       0.255021E-01  -0.292171      -0.136317        28.5223       -56.2470       0.206030      -0.346661       -145.768        139.664       -22.3445        76.8850        0.00000       -0.00000        0.00000        0.00000       -0.00000        0.00000        0.00000       -0.00000        0.00000        0.00000    
    4410.00      -0.332180       0.287686E-01   0.881344E-01  -0.895981E-01   -9.92173       -9.88894       0.203121E-01  -0.489367       -28.3311        215.652        30.4463        80.7570        0.00000       -0.00000        0.00000        0.00000        0.00000       -0.00000        0.00000       -0.00000        0.00000       -0.00000    
    4415.00      -0.342616       0.324611E-01   0.129835E-01  -0.636828E-01   -1.77636       -2.34256      -0.195429      -0.496394        107.911        195.089        70.4142        45.6364        0.00000       -0.00000        0.00000        0.00000        0.00000        0.00000        0.00000       -0.00000        0.00000       -0.00000    
    4420.00      -0.352926       0.366707E-01  -0.134623E-01  -0.596171E-01   -1.05401       -1.10994      -0.407745      -0.384081        206.324        93.4933        83.0999       -8.22869        0.00000        0.00000        0.00000        0.00000        0.00000       -0.00000        0.00000        0.00000        0.00000        0.00000    
    4425.00      -0.363144       0.413601E-01  -0.324189E-01  -0.601739E-01  -0.955228      -0.651870      -0.552745      -0.207268        225.949       -39.6207        62.5496       -55.2751        0.00000        0.00000       -0.00000        0.00000        0.00000        0.00000        0.00000        0.00000        0.00000        0.00000    
    4430.00      -0.373152       0.464221E-01  -0.503743E-01  -0.625239E-01   -1.03043      -0.304676      -0.584916      -0.104561E-03    162.918       -150.618        17.9762       -77.4204        0.00000        0.00000        0.00000       -0.00000        0.00000        0.00000        0.00000        0.00000        0.00000       -0.00000    
    4435.00      -0.383362       0.513148E-01  -0.724512E-01  -0.643754E-01   -1.12889       0.235074      -0.513855       0.181215        50.5228       -199.961       -30.6389       -67.0684        0.00000        0.00000       -0.00000        0.00000        0.00000        0.00000       -0.00000        0.00000        0.00000        0.00000    
    4440.00      -0.394415       0.566517E-01  -0.101955      -0.566611E-01  -0.719987        1.18777      -0.353671       0.319537       -62.1765       -177.243       -61.6291       -30.5399        0.00000       -0.00000        0.00000        0.00000       -0.00000        0.00000        0.00000        0.00000        0.00000       -0.00000    
    4445.00      -0.401100       0.624904E-01  -0.125844      -0.235217E-01    1.03744        1.31224      -0.203264       0.317642       -136.967       -101.434       -65.3023        14.3305        0.00000       -0.00000        0.00000        0.00000       -0.00000        0.00000        0.00000        0.00000        0.00000        0.00000    
    4450.00      -0.423437       0.711431E-01  -0.148017      -0.140192E-01    1.49993      -0.714799       0.330099       0.192271       -148.499       -15.5747       -35.4214        45.6150        0.00000        0.00000        0.00000        0.00000        0.00000       -0.00000       -0.00000        0.00000        0.00000       -0.00000    
    4455.00      -0.417681       0.734110E-01  -0.941738E-01   0.100728E-01   0.396259       -1.29626       0.230457       0.291828       -125.926        76.7469       -6.94965        69.0765       -0.00000        0.00000        0.00000        0.00000        0.00000       -0.00000        0.00000        0.00000       -0.00000        0.00000    
    4460.00      -0.425691       0.829055E-01  -0.857610E-01   0.512920E-02  -0.275811       -1.04039       0.341909       0.261650       -71.1253        124.905        25.9004        60.7945        0.00000        0.00000        0.00000       -0.00000        0.00000        0.00000       -0.00000        0.00000        0.00000       -0.00000    
    4465.00      -0.443341       0.888008E-01  -0.719918E-01  -0.170128E-01  -0.500173      -0.684814       0.346482       0.499563       -19.9374        137.741        39.1742        39.8668       -3.71630       -1.53309       -139.390       -212.324        167.284        239.579        230.524        120.484        37059.6        49245.9    
    4470.00      -0.432536       0.770961E-01  -0.512464E-01   0.279446E-01  -0.661844      -0.423243      -0.967458       0.350511E-01    19.6836        65.5213        24.0847       -36.9478        4.50789       -5.65297        776.547       -116.672       -746.854        163.867        1061.66       -39.2086       -1889.01        8329.94    
    4475.00      -0.447063       0.893649E-01  -0.557426E-01   0.321869E-02  -0.578370      -0.199770      -0.119556       0.430757        96.3054        126.768        43.7555        29.4377        6.86513        11.2910        784.819        2019.14       -728.424       -2187.62        385.615        2224.79       -17782.0        92117.0    
    4480.00      -0.453340       0.104189      -0.694518E-01   0.754560E-02  -0.497931      -0.456978E-01  -0.278035      -0.163910E-01    138.667        56.3528        49.7344       -13.3001       -10.5722       -3.33255       -435.153       -326.567        401.674        423.232       -65.5759       -541.779        2735.97        1477.80    
    4485.00      -0.466692       0.113499      -0.816851E-01   0.127891E-01  -0.364184       0.841369E-01  -0.608330      -0.404892        130.479        13.7328        21.4722       -23.2107       -14.7507        4.36294       -150.114        486.722        302.147       -386.123       -247.749        244.763        5682.03       -3441.20    
    4490.00      -0.473872       0.107582      -0.949270E-01   0.337916E-02  -0.188151       0.127561      -0.113143      -0.682014        52.6213       -68.6922       -48.4283       -39.6816       -22.0873        7.78961        354.361        330.417       -77.4024       -203.608        218.403        624.876        8185.04       -21813.6    
    4495.00      -0.470580       0.115218      -0.101495       0.831189E-02   0.255918E-01   0.669151E-01  -0.897190E-01  -0.828646        23.8989       -81.0233       -49.7577       -42.3551       -16.4452        4.78349        642.244       -155.501       -541.571        391.718        645.477        457.829        17698.9       -15103.8    
    4500.00      -0.474296       0.126917      -0.110159       0.225576E-01   0.160868      -0.131654      -0.134686      -0.730967       -7.51785       -89.5809       -61.3821       -23.4639       -12.7195        14.1467        91.8573       -449.197        109.860        619.204        322.348       -177.001        7111.73       -26861.8    
    4505.00      -0.479506       0.138276      -0.120674       0.415196E-01   0.120666      -0.383744      -0.291785      -0.673622       -40.8201       -86.2592       -72.1520       -7.64037       -15.9113        18.5654        194.056       -1132.83        82.2529        1116.23       -44.1770       -362.832       -4767.98       -30846.1    
    4510.00      -0.486024       0.149364      -0.130435       0.627868E-01  -0.879773E-01  -0.550647      -0.478800      -0.654442       -61.3925       -89.7624       -74.8145        13.8200       -21.1959        8.03254        884.547       -2843.17       -327.650        2491.76        266.018       -532.584       -29871.6       -40697.0    
    4515.00      -0.488829       0.160705      -0.134401       0.929042E-01  -0.341110      -0.541478      -0.625503       -1.20207       -91.7222       -92.0793       -39.0508        44.9989       -3.88866       -28.3145        2769.19       -4060.51       -2812.83        3032.26        2130.99        211.354       -96778.6       -3317.09    
    4520.00      -0.477633       0.179439      -0.880726E-01   0.152819      -0.427862      -0.283522       -2.49298       -2.40889       -266.632       -220.197       -91.4147       -69.8200        13.0517       -106.375        8855.88       -10679.1       -9833.45        7725.05        9277.99        1786.80        116072.       -335799.    
    4525.00      -0.504640       0.151253      -0.130526       0.260919E-01  -0.586432      -0.623133      -0.742656        1.97412       -99.9888        264.672       -108.578        182.273       -42.8724        71.7090        3314.45        8442.85       -3915.75       -6399.00       -813.004        2192.90       -212606.       -323298.    
    4530.00      -0.526905       0.184480      -0.169600       0.822092E-01  -0.742831      -0.357612      -0.968257       -1.07983       -250.006        115.813       -225.575        45.3066       -77.9932        82.2591        6015.88        14653.5       -4625.71       -12720.9       -2429.23        6546.62        102275.       -115831.    
    4535.00      -0.531015       0.172578      -0.152797       0.697874E-01  -0.693789      -0.213326        1.10155      -0.553746       -112.796       -45.1110       -70.8022       -79.3059       -54.6915        24.7864        5556.83        10988.2       -3865.70       -8393.03       -744.958        5366.99       -47301.3        18148.0    
    4540.00      -0.528875       0.182126      -0.139376       0.853629E-01  -0.620028      -0.682185E-01    1.05657      -0.298883       -88.7375       -5.53194       -62.2049       -54.1940       -75.4880        31.9952        16141.1        16505.6       -11365.1       -11599.4        2151.36        10416.5       -317355.        108744.    
    4545.00      -0.528614       0.192483      -0.129470       0.992032E-01  -0.520683       0.402402E-01    1.16670      -0.575813       -67.2980        65.2106       -49.2510       -21.7909       -261.554       -540.592       -44475.9        204372.        28176.9       -136968.       -74057.5        68687.7       0.106131E+08  -0.310859E+08
    4550.00      -0.534252       0.205851      -0.133475       0.102170      -0.398467       0.715272E-01   0.974218      -0.184501       -48.9625        5.40265       -123.861      -0.499526        92.0547       -25.9013       -33970.3        390.962        22097.8        1937.40       -12058.1       -8588.98       -56917.5       0.110813E+07
    4555.00      -0.535357       0.221768      -0.133774       0.110252      -0.263789       0.779216E-01    1.65637      -0.327926       -1.00007        80.1758       -20.0996        115.953        77.8746        10.7550       -25403.8        6039.78        19200.9       -2180.70       -10860.0       -8057.93        86109.5        362801.    
    4560.00      -0.544464       0.246201      -0.148073       0.105470      -0.111576       0.975436E-02    2.83958       0.375658       -62.3922        105.617        81.6796        67.4718        104.941        58.8006       -24382.5        14963.6        19074.4       -12052.1       -18545.7       -5526.17       -181194.        192455.    
    4565.00      -0.585512       0.259485      -0.151315       0.509601E-01   0.100425      -0.103183        2.43603        3.95984       -440.550       -23.3734       -139.061       -72.0408        96.1240        185.546       -31555.0        16269.7        22963.5       -13695.1       -22464.5       -7275.94       -592193.        169189.    
    4570.00      -0.592892       0.221194      -0.738769E-01   0.335188E-01   0.243044      -0.140683       -2.57026        4.09304       -504.769       -541.954       -212.159       -446.294       -38.6225        214.763       -30084.9        7479.96        21654.3       -5219.97       -13760.5       -8900.22       -643392.       -112347.    
    4575.00      -0.567240       0.220530      -0.424987E-01   0.709828E-01   0.244302      -0.261160       -4.37413        1.29367       -365.637       -819.536       -105.127       -725.339       -71.4138        177.294       -21471.2        8582.35        15397.6       -2703.32       -4838.63       -2260.54       -537469.       -77041.7    
    4580.00      -0.552767       0.242401      -0.482021E-01   0.103512       0.160388      -0.434453       -4.17871       -1.68898       -94.3086       -1062.64        194.118       -984.194       -42.6136        136.918       -6054.60        8005.85        5661.00        1514.87        9993.26        7370.04       -369002.       -4165.15    
    4585.00      -0.561270       0.265958      -0.769333E-01   0.106823       0.120235E-01  -0.628609       -1.61166       -2.65920        232.270       -877.946        510.676       -841.082        42.0635        62.8038        13954.4       -34.4145       -5942.21        6317.13        23703.7        11963.4       -163703.       -89396.5    
    4590.00      -0.568810       0.271029      -0.866517E-01   0.903514E-01  -0.166337      -0.759552       -1.19846       -1.69612        84.2769       -661.257        367.574       -804.711        65.8192        13.3694        16151.8       -9158.11       -5831.13        8244.05        23329.1        3374.19       -128887.       -52451.1    
    4595.00      -0.561306       0.292170      -0.379775E-01   0.939204E-01  -0.239126      -0.890204       0.133744E-01   -1.95352        91.3997       -224.049        544.482       -205.499        74.1073       -44.0102        18358.9       -15193.5       -13435.6        8523.46        6368.12        2506.07       -74993.0       -109613.    
    4600.00      -0.576492       0.295574      -0.704757E-01   0.110694      -0.466457      -0.798784      -0.385043       0.646185       -71.6144       0.657926       -26.3682       -48.8425        81.6683       -31.9484        9048.36       -19723.9       -6208.51        9944.20        10495.5       -6790.68       -172101.        48273.3    
    4605.00      -0.614803       0.316981      -0.184779       0.131156      -0.961519      -0.789969       0.172310      -0.949644       -103.442       -39.1594       -20.2393       -155.493        152.807       -98.0997        1125.16       -29348.6       -4351.48        19222.1        16005.7       -6969.28        2644.26       -84390.1    
    4610.00      -0.569086       0.322584      -0.527331E-01   0.156997      -0.697917      -0.526839      -0.369679        2.43326        84.1922        56.4869       -9.04601        41.3172        34.7455       -56.7511       -6671.68       -21608.6        2774.13        13029.1        6183.59       -14108.2       -93915.7        175923.    
    4615.00      -0.584725       0.332768      -0.721739E-01   0.178999      -0.735739      -0.432761      -0.102751        1.73439        24.6589        19.6422       -27.1103        16.5398        36.9464       -44.6719       -11551.1       -19930.0        5860.75        12290.0        1542.67       -15645.7       -83337.7        133832.    
    4620.00      -0.597695       0.341828      -0.943461E-01   0.204539      -0.700322      -0.237358       0.101930        1.38864       -22.3059        41.2282       -50.4443        34.9086        18.0717       -41.9566       -15383.1       -15700.2        8006.43        9965.40       -4289.91       -14923.9       -98056.6        76226.5    
    4625.00      -0.606472       0.342569      -0.881680E-01   0.204477      -0.518954      -0.125318      -0.420013        2.05740        65.3212        205.693       -35.0756        168.601        21.1337       -43.4334       -18090.2       -14050.0        8468.50        10608.4       -5796.60       -9980.36       -173584.        35205.5    
    4630.00      -0.534798       0.306702       0.237634       0.348608E-01   0.854147      -0.721519       -3.41894        11.3127        649.765        1114.23        83.8431        1032.91        256.377       -115.998       -10253.0       -31435.2       -4105.60        27072.1        13865.0        9078.13       -838676.        123102.    
    4635.00      -0.606285       0.412888      -0.630605E-01   0.465392      -0.459077        1.15483       -6.04905       -1.04792       -331.594        383.262       -440.536        179.493        3.25507        143.883       -10812.7        13482.0        3246.82       -8826.48       -25724.3        8583.81        18043.3       -469349.    
    4640.00      -0.659465       0.417839      -0.219866       0.440323      -0.868230        1.00311       -5.12222       -3.38169       -270.129        304.244       -367.759        138.485       -100.441        161.757       -8322.95        25102.0        4412.34       -15485.0       -28223.2        11470.2        167896.       -488497.    
    4645.00      -0.690894       0.324268      -0.213002       0.202424      -0.559794       0.481291      -0.598778       -5.19797       -271.643        105.728       -291.582       -5.51227       -155.965       -3.65290       -8244.33        32781.1        9013.52       -19010.2       -23614.4        7964.11        196819.       -135475.    
