    1077.00        0.00000        0.00000        0.00000        0.00000        0.00000        0.00000        0.00000        0.00000        0.00000        0.00000        0.00000        0.00000        0.00000        0.00000        0.00000        0.00000        0.00000        0.00000        0.00000        0.00000        0.00000       -0.00000    
    4155.00        0.00000       -0.00000        0.00000        0.00000        0.00000       -0.00000        0.00000        0.00000        0.00000        0.00000        0.00000        0.00000        0.00000        0.00000        0.00000        0.00000        0.00000        0.00000        0.00000        0.00000        0.00000        0.00000    
    4160.00        0.00000       -0.00000        0.00000        0.00000        0.00000       -0.00000        0.00000        0.00000        0.00000        0.00000        0.00000        0.00000        0.00000        0.00000        0.00000        0.00000        0.00000        0.00000        0.00000        0.00000        0.00000        0.00000    
    4165.00        0.00000       -0.00000        0.00000        0.00000        0.00000        0.00000        0.00000        0.00000        0.00000        0.00000        0.00000        0.00000        0.00000        0.00000        0.00000        0.00000        0.00000        0.00000        0.00000        0.00000       -0.00000        0.00000    
    4170.00        0.00000       -0.00000        0.00000        0.00000        0.00000        0.00000        0.00000        0.00000        0.00000        0.00000        0.00000        0.00000        0.00000        0.00000        0.00000        0.00000        0.00000        0.00000        0.00000        0.00000       -0.00000        0.00000    
    4175.00        0.00000       -0.00000        0.00000        0.00000        0.00000        0.00000        0.00000        0.00000        0.00000        0.00000        0.00000        0.00000        0.00000        0.00000        0.00000        0.00000        0.00000        0.00000        0.00000        0.00000       -0.00000        0.00000    
    4180.00        0.00000       -0.00000        0.00000        0.00000        0.00000        0.00000        0.00000        0.00000        0.00000        0.00000        0.00000        0.00000        0.00000        0.00000        0.00000        0.00000        0.00000        0.00000        0.00000        0.00000       -0.00000        0.00000    
    4185.00        0.00000       -0.00000        0.00000        0.00000        0.00000        0.00000        0.00000        0.00000        0.00000        0.00000        0.00000        0.00000        0.00000        0.00000        0.00000        0.00000        0.00000        0.00000        0.00000        0.00000       -0.00000        0.00000    
    4190.00        0.00000       -0.00000        0.00000        0.00000        0.00000        0.00000        0.00000        0.00000        0.00000        0.00000        0.00000        0.00000        0.00000        0.00000        0.00000        0.00000        0.00000        0.00000        0.00000        0.00000       -0.00000        0.00000    
    4195.00        0.00000       -0.00000        0.00000        0.00000        0.00000        0.00000        0.00000        0.00000        0.00000        0.00000        0.00000        0.00000        0.00000        0.00000        0.00000        0.00000        0.00000        0.00000        0.00000        0.00000       -0.00000        0.00000    
    4200.00        0.00000       -0.00000        0.00000        0.00000       -0.00000        0.00000        0.00000        0.00000        0.00000        0.00000        0.00000        0.00000        0.00000        0.00000        0.00000        0.00000        0.00000        0.00000        0.00000        0.00000       -0.00000        0.00000    
    4205.00        0.00000       -0.00000        0.00000        0.00000        0.00000       -0.00000        0.00000        0.00000        0.00000        0.00000        0.00000        0.00000        0.00000        0.00000        0.00000        0.00000        0.00000        0.00000        0.00000        0.00000        0.00000       -0.00000    
    4210.00        0.00000       -0.00000        0.00000        0.00000        0.00000       -0.00000        0.00000        0.00000        0.00000        0.00000        0.00000        0.00000        0.00000        0.00000        0.00000        0.00000        0.00000        0.00000        0.00000        0.00000        0.00000       -0.00000    
    4215.00        0.00000       -0.00000        0.00000        0.00000        0.00000        0.00000        0.00000        0.00000        0.00000        0.00000        0.00000        0.00000        0.00000        0.00000        0.00000        0.00000        0.00000        0.00000        0.00000        0.00000        0.00000       -0.00000    
    4220.00        0.00000       -0.00000        0.00000        0.00000        0.00000        0.00000        0.00000        0.00000        0.00000        0.00000        0.00000        0.00000        0.00000        0.00000        0.00000        0.00000        0.00000        0.00000        0.00000        0.00000        0.00000       -0.00000    
    4225.00        0.00000       -0.00000        0.00000        0.00000        0.00000        0.00000        0.00000        0.00000        0.00000        0.00000        0.00000        0.00000        0.00000        0.00000        0.00000        0.00000        0.00000        0.00000        0.00000        0.00000       -0.00000        0.00000    
    4230.00        0.00000       -0.00000        0.00000        0.00000        0.00000        0.00000        0.00000        0.00000        0.00000        0.00000        0.00000        0.00000        0.00000        0.00000        0.00000        0.00000        0.00000        0.00000        0.00000        0.00000       -0.00000        0.00000    
    4235.00        0.00000       -0.00000        0.00000        0.00000        0.00000        0.00000        0.00000        0.00000        0.00000        0.00000        0.00000        0.00000        0.00000        0.00000        0.00000        0.00000        0.00000        0.00000        0.00000        0.00000       -0.00000        0.00000    
    4240.00        0.00000       -0.00000        0.00000        0.00000        0.00000       -0.00000        0.00000        0.00000        0.00000        0.00000        0.00000        0.00000        0.00000        0.00000        0.00000        0.00000        0.00000        0.00000        0.00000        0.00000       -0.00000        0.00000    
    4245.00        0.00000       -0.00000        0.00000        0.00000        0.00000        0.00000        0.00000        0.00000        0.00000        0.00000        0.00000        0.00000        0.00000        0.00000        0.00000        0.00000        0.00000        0.00000        0.00000        0.00000       -0.00000        0.00000    
    4250.00        0.00000       -0.00000        0.00000        0.00000        0.00000        0.00000        0.00000        0.00000        0.00000        0.00000        0.00000        0.00000        0.00000        0.00000        0.00000        0.00000        0.00000        0.00000        0.00000        0.00000       -0.00000        0.00000    
    4255.00        0.00000       -0.00000        0.00000        0.00000        0.00000        0.00000        0.00000        0.00000        0.00000        0.00000        0.00000        0.00000        0.00000        0.00000        0.00000        0.00000        0.00000        0.00000        0.00000        0.00000       -0.00000        0.00000    
    4260.00        0.00000       -0.00000        0.00000        0.00000        0.00000        0.00000        0.00000        0.00000        0.00000        0.00000        0.00000        0.00000        0.00000        0.00000        0.00000        0.00000        0.00000        0.00000        0.00000        0.00000       -0.00000        0.00000    
    4265.00        0.00000       -0.00000        0.00000        0.00000       -0.00000        0.00000        0.00000        0.00000        0.00000        0.00000        0.00000        0.00000        0.00000        0.00000        0.00000        0.00000        0.00000        0.00000        0.00000        0.00000       -0.00000        0.00000    
    4270.00        0.00000       -0.00000        0.00000        0.00000        0.00000        0.00000        0.00000        0.00000        0.00000        0.00000        0.00000        0.00000        0.00000        0.00000        0.00000        0.00000        0.00000        0.00000        0.00000        0.00000       -0.00000        0.00000    
    4275.00        0.00000       -0.00000        0.00000        0.00000        0.00000        0.00000        0.00000        0.00000        0.00000        0.00000        0.00000        0.00000        0.00000        0.00000        0.00000        0.00000        0.00000        0.00000        0.00000        0.00000       -0.00000        0.00000    
    4280.00        0.00000       -0.00000        0.00000        0.00000        0.00000        0.00000        0.00000        0.00000        0.00000        0.00000        0.00000        0.00000        0.00000        0.00000        0.00000        0.00000        0.00000        0.00000        0.00000        0.00000       -0.00000        0.00000    
    4285.00        0.00000       -0.00000        0.00000        0.00000        0.00000       -0.00000        0.00000        0.00000        0.00000        0.00000        0.00000        0.00000        0.00000        0.00000        0.00000        0.00000        0.00000        0.00000        0.00000        0.00000        0.00000       -0.00000    
    4290.00        0.00000       -0.00000        0.00000        0.00000        0.00000        0.00000        0.00000        0.00000        0.00000        0.00000        0.00000        0.00000        0.00000        0.00000        0.00000        0.00000        0.00000        0.00000        0.00000        0.00000        0.00000       -0.00000    
    4295.00        0.00000       -0.00000        0.00000        0.00000        0.00000       -0.00000        0.00000        0.00000        0.00000        0.00000        0.00000        0.00000        0.00000        0.00000        0.00000        0.00000        0.00000        0.00000        0.00000        0.00000        0.00000        0.00000    
    4300.00        0.00000       -0.00000        0.00000        0.00000        0.00000        0.00000        0.00000       -0.00000        0.00000       -0.00000        0.00000       -0.00000        0.00000        0.00000        0.00000        0.00000        0.00000        0.00000        0.00000        0.00000        0.00000        0.00000    
    4305.00        0.00000       -0.00000        0.00000        0.00000        0.00000        0.00000        0.00000       -0.00000        0.00000       -0.00000        0.00000       -0.00000        0.00000        0.00000        0.00000        0.00000        0.00000        0.00000        0.00000        0.00000        0.00000        0.00000    
    4310.00        0.00000       -0.00000        0.00000        0.00000        0.00000        0.00000        0.00000       -0.00000        0.00000       -0.00000        0.00000       -0.00000        0.00000        0.00000        0.00000        0.00000        0.00000        0.00000        0.00000        0.00000        0.00000        0.00000    
    4315.00        0.00000       -0.00000        0.00000        0.00000        0.00000        0.00000        0.00000       -0.00000        0.00000       -0.00000        0.00000       -0.00000        0.00000        0.00000        0.00000        0.00000        0.00000        0.00000        0.00000        0.00000        0.00000        0.00000    
    4320.00        0.00000       -0.00000        0.00000        0.00000        0.00000        0.00000        0.00000       -0.00000        0.00000       -0.00000        0.00000       -0.00000        0.00000        0.00000        0.00000        0.00000        0.00000        0.00000        0.00000        0.00000       -0.00000        0.00000    
    4325.00        0.00000       -0.00000        0.00000       -0.00000       0.274772E-02   0.586277E-02    0.00000       -0.00000        0.00000       -0.00000        0.00000       -0.00000        0.00000        0.00000        0.00000        0.00000        0.00000        0.00000        0.00000        0.00000       -0.00000        0.00000    
    4330.00        0.00000       -0.00000        0.00000       -0.00000       0.131563E-01   0.108897E-01    0.00000       -0.00000        0.00000       -0.00000        0.00000       -0.00000        0.00000        0.00000        0.00000        0.00000        0.00000        0.00000        0.00000        0.00000       -0.00000        0.00000    
    4335.00        0.00000       -0.00000        0.00000       -0.00000       0.213595E-01   0.728605E-02    0.00000       -0.00000        0.00000       -0.00000        0.00000       -0.00000        0.00000        0.00000        0.00000        0.00000        0.00000        0.00000        0.00000        0.00000       -0.00000        0.00000    
    4340.00        0.00000       -0.00000        0.00000       -0.00000       0.220255E-01   0.157242E-02    0.00000       -0.00000        0.00000       -0.00000        0.00000       -0.00000        0.00000        0.00000        0.00000        0.00000        0.00000        0.00000        0.00000        0.00000        0.00000       -0.00000    
    4345.00        0.00000       -0.00000        0.00000       -0.00000       0.188116E-01  -0.424468E-03    0.00000       -0.00000        0.00000       -0.00000        0.00000       -0.00000        0.00000        0.00000        0.00000        0.00000        0.00000        0.00000        0.00000        0.00000        0.00000       -0.00000    
    4350.00        0.00000       -0.00000        0.00000       -0.00000       0.164450E-01   0.876772E-03    0.00000       -0.00000        0.00000       -0.00000        0.00000       -0.00000        0.00000        0.00000        0.00000        0.00000        0.00000        0.00000        0.00000        0.00000        0.00000        0.00000    
    4355.00        0.00000       -0.00000        0.00000       -0.00000       0.164337E-01   0.265616E-02    0.00000       -0.00000        0.00000       -0.00000        0.00000       -0.00000        0.00000        0.00000        0.00000        0.00000        0.00000        0.00000        0.00000        0.00000        0.00000        0.00000    
    4360.00        0.00000       -0.00000        0.00000       -0.00000       0.179402E-01   0.291750E-02    0.00000       -0.00000        0.00000       -0.00000        0.00000       -0.00000        0.00000        0.00000        0.00000        0.00000        0.00000        0.00000        0.00000        0.00000        0.00000        0.00000    
    4365.00        0.00000       -0.00000        0.00000       -0.00000       0.191444E-01   0.887117E-03    0.00000       -0.00000        0.00000       -0.00000        0.00000       -0.00000        0.00000        0.00000        0.00000        0.00000        0.00000        0.00000        0.00000        0.00000       -0.00000        0.00000    
    4370.00        0.00000       -0.00000        0.00000       -0.00000       0.181621E-01  -0.243667E-02    0.00000       -0.00000        0.00000       -0.00000        0.00000       -0.00000        0.00000        0.00000        0.00000        0.00000        0.00000        0.00000        0.00000        0.00000       -0.00000        0.00000    
    4375.00        0.00000       -0.00000        0.00000       -0.00000       0.147628E-01  -0.463511E-02    0.00000       -0.00000        0.00000       -0.00000        0.00000       -0.00000        0.00000        0.00000        0.00000        0.00000        0.00000        0.00000        0.00000        0.00000       -0.00000        0.00000    
    4380.00        0.00000       -0.00000        0.00000       -0.00000       0.110572E-01  -0.409933E-02    0.00000       -0.00000        0.00000       -0.00000        0.00000       -0.00000        0.00000        0.00000        0.00000        0.00000        0.00000        0.00000        0.00000        0.00000        0.00000       -0.00000    
    4385.00        0.00000       -0.00000        0.00000       -0.00000       0.965183E-02  -0.187803E-02    0.00000       -0.00000        0.00000       -0.00000        0.00000       -0.00000        0.00000        0.00000        0.00000        0.00000        0.00000        0.00000        0.00000        0.00000        0.00000        0.00000    
    4390.00        0.00000       -0.00000        0.00000       -0.00000       0.110031E-01  -0.865599E-03    0.00000       -0.00000        0.00000       -0.00000        0.00000       -0.00000        0.00000        0.00000        0.00000        0.00000        0.00000        0.00000        0.00000        0.00000        0.00000        0.00000    
    4395.00        0.00000       -0.00000        0.00000       -0.00000       0.128053E-01  -0.302315E-02    0.00000       -0.00000        0.00000       -0.00000        0.00000       -0.00000        0.00000        0.00000        0.00000        0.00000        0.00000        0.00000        0.00000        0.00000       -0.00000        0.00000    
    4400.00        0.00000       -0.00000        0.00000       -0.00000       0.120756E-01  -0.743391E-02    0.00000       -0.00000        0.00000       -0.00000        0.00000       -0.00000        0.00000        0.00000        0.00000        0.00000        0.00000        0.00000        0.00000        0.00000       -0.00000        0.00000    
    4405.00        0.00000       -0.00000        0.00000       -0.00000       0.787029E-02  -0.110270E-01    0.00000       -0.00000        0.00000       -0.00000        0.00000       -0.00000        0.00000        0.00000        0.00000        0.00000        0.00000        0.00000        0.00000        0.00000        0.00000       -0.00000    
    4410.00        0.00000       -0.00000        0.00000       -0.00000       0.218162E-02  -0.111716E-01    0.00000       -0.00000        0.00000       -0.00000        0.00000       -0.00000        0.00000        0.00000        0.00000        0.00000        0.00000        0.00000        0.00000        0.00000        0.00000        0.00000    
    4415.00        0.00000       -0.00000        0.00000       -0.00000      -0.160748E-02  -0.786650E-02    0.00000       -0.00000        0.00000       -0.00000        0.00000       -0.00000        0.00000        0.00000        0.00000        0.00000        0.00000        0.00000        0.00000        0.00000       -0.00000        0.00000    
    4420.00        0.00000       -0.00000        0.00000       -0.00000      -0.135760E-02  -0.382125E-02    0.00000       -0.00000        0.00000       -0.00000        0.00000       -0.00000        0.00000        0.00000        0.00000        0.00000        0.00000        0.00000        0.00000        0.00000       -0.00000        0.00000    
    4425.00        0.00000       -0.00000        0.00000       -0.00000       0.218066E-02  -0.244317E-02    0.00000       -0.00000        0.00000       -0.00000        0.00000       -0.00000        0.00000        0.00000        0.00000        0.00000        0.00000        0.00000        0.00000        0.00000        0.00000       -0.00000    
    4430.00        0.00000       -0.00000        0.00000       -0.00000       0.594015E-02  -0.535709E-02    0.00000       -0.00000        0.00000       -0.00000        0.00000       -0.00000        0.00000        0.00000        0.00000        0.00000        0.00000        0.00000        0.00000        0.00000        0.00000        0.00000    
    4435.00        0.00000       -0.00000        0.00000       -0.00000       0.675710E-02  -0.113808E-01    0.00000       -0.00000        0.00000       -0.00000        0.00000       -0.00000        0.00000        0.00000        0.00000        0.00000        0.00000        0.00000        0.00000        0.00000       -0.00000        0.00000    
    4440.00        0.00000       -0.00000        0.00000       -0.00000       0.340021E-02  -0.175679E-01    0.00000       -0.00000        0.00000       -0.00000        0.00000       -0.00000        0.00000        0.00000        0.00000        0.00000        0.00000        0.00000        0.00000        0.00000        0.00000        0.00000    
    4445.00        0.00000       -0.00000        0.00000       -0.00000      -0.303451E-02  -0.212240E-01    0.00000       -0.00000        0.00000       -0.00000        0.00000       -0.00000        0.00000        0.00000        0.00000        0.00000        0.00000        0.00000        0.00000        0.00000        0.00000        0.00000    
    4450.00        0.00000       -0.00000        0.00000       -0.00000      -0.102848E-01  -0.212427E-01    0.00000       -0.00000        0.00000       -0.00000        0.00000       -0.00000        0.00000        0.00000        0.00000        0.00000        0.00000        0.00000        0.00000        0.00000        0.00000        0.00000    
    4455.00        0.00000       -0.00000        0.00000       -0.00000      -0.163429E-01  -0.179575E-01    0.00000       -0.00000        0.00000       -0.00000        0.00000       -0.00000        0.00000        0.00000        0.00000        0.00000        0.00000        0.00000        0.00000        0.00000       -0.00000        0.00000    
    4460.00        0.00000       -0.00000        0.00000       -0.00000      -0.197253E-01  -0.121333E-01    0.00000       -0.00000        0.00000       -0.00000        0.00000       -0.00000        0.00000        0.00000        0.00000        0.00000        0.00000        0.00000        0.00000        0.00000        0.00000        0.00000    
    4465.00        0.00000       -0.00000        0.00000       -0.00000      -0.186106E-01  -0.490036E-02    0.00000       -0.00000        0.00000       -0.00000        0.00000       -0.00000        0.00000       -0.00000        0.00000       -0.00000        0.00000       -0.00000        0.00000       -0.00000       -1.05095       0.163716    
    4470.00        0.00000       -0.00000        0.00000       -0.00000      -0.178753E-01   0.491240E-03    0.00000       -0.00000        0.00000       -0.00000        0.00000       -0.00000        0.00000       -0.00000        0.00000       -0.00000        0.00000       -0.00000        0.00000       -0.00000        2.65670        6.10733    
    4475.00        0.00000       -0.00000        0.00000       -0.00000      -0.412345E-02  -0.114561E-02    0.00000       -0.00000        0.00000       -0.00000        0.00000       -0.00000        0.00000       -0.00000        0.00000       -0.00000        0.00000       -0.00000        0.00000       -0.00000       -3.98766      -0.153004    
    4480.00        0.00000       -0.00000        0.00000       -0.00000      -0.266317E-02  -0.131664E-01    0.00000       -0.00000        0.00000       -0.00000        0.00000       -0.00000        0.00000       -0.00000        0.00000       -0.00000        0.00000       -0.00000        0.00000       -0.00000        7.73391       -2.91567    
    4485.00        0.00000       -0.00000        0.00000       -0.00000      -0.522555E-02  -0.116720E-01    0.00000       -0.00000        0.00000       -0.00000        0.00000       -0.00000        0.00000       -0.00000        0.00000       -0.00000        0.00000       -0.00000        0.00000       -0.00000       -12.1056        14.9667    
    4490.00        0.00000       -0.00000        0.00000       -0.00000      -0.862520E-03  -0.188901E-01    0.00000       -0.00000        0.00000       -0.00000        0.00000       -0.00000        0.00000       -0.00000        0.00000       -0.00000        0.00000       -0.00000        0.00000       -0.00000        24.9413       -13.0597    
    4495.00        0.00000       -0.00000        0.00000       -0.00000      -0.510658E-02  -0.288251E-01    0.00000       -0.00000        0.00000       -0.00000        0.00000       -0.00000        0.00000       -0.00000        0.00000       -0.00000        0.00000       -0.00000        0.00000       -0.00000       -39.3272       -18.8469    
    4500.00        0.00000       -0.00000        0.00000       -0.00000      -0.146054E-01  -0.344552E-01    0.00000       -0.00000        0.00000       -0.00000        0.00000       -0.00000        0.00000       -0.00000        0.00000       -0.00000        0.00000       -0.00000        0.00000       -0.00000       -12.1226        61.2211    
    4505.00        0.00000       -0.00000        0.00000       -0.00000      -0.252827E-01  -0.345462E-01    0.00000       -0.00000        0.00000       -0.00000        0.00000       -0.00000        0.00000       -0.00000        0.00000       -0.00000        0.00000       -0.00000        0.00000       -0.00000        81.2775        9.28068    
    4510.00        0.00000       -0.00000        0.00000       -0.00000      -0.342202E-01  -0.299689E-01    0.00000       -0.00000        0.00000       -0.00000        0.00000       -0.00000        0.00000       -0.00000        0.00000       -0.00000        0.00000       -0.00000        0.00000       -0.00000        17.1982       -105.354    
    4515.00        0.00000       -0.00000        0.00000       -0.00000      -0.397171E-01  -0.224869E-01    0.00000       -0.00000        0.00000       -0.00000        0.00000       -0.00000        0.00000       -0.00000        0.00000       -0.00000        0.00000       -0.00000        0.00000       -0.00000       -129.018       -48.5043    
    4520.00        0.00000       -0.00000        0.00000       -0.00000      -0.411780E-01  -0.141008E-01    0.00000       -0.00000        0.00000       -0.00000        0.00000       -0.00000        0.00000       -0.00000        0.00000       -0.00000        0.00000       -0.00000        0.00000       -0.00000       -107.005        132.896    
    4525.00        0.00000       -0.00000        0.00000       -0.00000      -0.389054E-01  -0.662551E-02    0.00000       -0.00000        0.00000       -0.00000        0.00000       -0.00000        0.00000       -0.00000        0.00000       -0.00000        0.00000       -0.00000        0.00000       -0.00000        96.7320        178.529    
    4530.00        0.00000       -0.00000        0.00000       -0.00000      -0.338423E-01  -0.142866E-02    0.00000       -0.00000        0.00000       -0.00000        0.00000       -0.00000        0.00000       -0.00000        0.00000       -0.00000        0.00000       -0.00000        0.00000       -0.00000        237.137       -9.55601    
    4535.00        0.00000       -0.00000        0.00000       -0.00000      -0.272970E-01   0.707105E-03    0.00000       -0.00000        0.00000       -0.00000        0.00000       -0.00000        0.00000       -0.00000        0.00000       -0.00000        0.00000       -0.00000        0.00000       -0.00000        127.063       -245.039    
    4540.00        0.00000       -0.00000        0.00000       -0.00000      -0.206749E-01  -0.384698E-03    0.00000       -0.00000        0.00000       -0.00000        0.00000       -0.00000        0.00000       -0.00000        0.00000       -0.00000        0.00000       -0.00000        0.00000       -0.00000       -155.071       -278.697    
    4545.00        0.00000       -0.00000        0.00000       -0.00000      -0.152402E-01  -0.431546E-02    0.00000       -0.00000        0.00000       -0.00000        0.00000       -0.00000        0.00000       -0.00000        0.00000       -0.00000        0.00000       -0.00000        0.00000       -0.00000       -360.150       -49.8001    
    4550.00        0.00000       -0.00000        0.00000       -0.00000      -0.119335E-01  -0.102773E-01    0.00000       -0.00000        0.00000       -0.00000        0.00000       -0.00000        0.00000       -0.00000        0.00000       -0.00000        0.00000       -0.00000        0.00000       -0.00000       -301.079        274.640    
    4555.00        0.00000       -0.00000        0.00000       -0.00000      -0.112654E-01  -0.172261E-01    0.00000       -0.00000        0.00000       -0.00000        0.00000       -0.00000        0.00000       -0.00000        0.00000       -0.00000        0.00000       -0.00000        0.00000       -0.00000        3.54330        450.004    
    4560.00        0.00000       -0.00000        0.00000       -0.00000      -0.132959E-01  -0.240761E-01    0.00000       -0.00000        0.00000       -0.00000        0.00000       -0.00000        0.00000       -0.00000        0.00000       -0.00000        0.00000       -0.00000        0.00000       -0.00000        358.147        337.254    
    4565.00        0.00000       -0.00000        0.00000       -0.00000      -0.176898E-01  -0.298702E-01    0.00000       -0.00000        0.00000       -0.00000        0.00000       -0.00000        0.00000       -0.00000        0.00000       -0.00000        0.00000       -0.00000        0.00000       -0.00000        534.611       -11.6732    
    4570.00        0.00000       -0.00000        0.00000       -0.00000      -0.238265E-01  -0.338991E-01    0.00000       -0.00000        0.00000       -0.00000        0.00000       -0.00000        0.00000       -0.00000        0.00000       -0.00000        0.00000       -0.00000        0.00000       -0.00000        416.910       -402.170    
    4575.00        0.00000       -0.00000        0.00000       -0.00000      -0.309310E-01  -0.357593E-01    0.00000       -0.00000        0.00000       -0.00000        0.00000       -0.00000        0.00000       -0.00000        0.00000       -0.00000        0.00000       -0.00000        0.00000       -0.00000        56.4555       -622.821    
    4580.00        0.00000       -0.00000        0.00000       -0.00000      -0.382012E-01  -0.353534E-01    0.00000       -0.00000        0.00000       -0.00000        0.00000       -0.00000        0.00000       -0.00000        0.00000       -0.00000        0.00000       -0.00000        0.00000       -0.00000       -374.457       -558.100    
    4585.00        0.00000       -0.00000        0.00000       -0.00000      -0.449084E-01  -0.328492E-01    0.00000       -0.00000        0.00000       -0.00000        0.00000       -0.00000        0.00000       -0.00000        0.00000       -0.00000        0.00000       -0.00000        0.00000       -0.00000       -680.101       -230.805    
    4590.00        0.00000       -0.00000        0.00000       -0.00000      -0.504660E-01  -0.286152E-01    0.00000       -0.00000        0.00000       -0.00000        0.00000       -0.00000        0.00000       -0.00000        0.00000       -0.00000        0.00000       -0.00000        0.00000       -0.00000       -728.551        226.056    
    4595.00        0.00000       -0.00000        0.00000       -0.00000      -0.544651E-01  -0.231485E-01    0.00000       -0.00000        0.00000       -0.00000        0.00000       -0.00000        0.00000       -0.00000        0.00000       -0.00000        0.00000       -0.00000        0.00000       -0.00000       -495.442        635.106    
    4600.00        0.00000       -0.00000        0.00000       -0.00000      -0.566836E-01  -0.170083E-01    0.00000       -0.00000        0.00000       -0.00000        0.00000       -0.00000        0.00000       -0.00000        0.00000       -0.00000        0.00000       -0.00000        0.00000       -0.00000       -61.3551        844.037    
    4605.00        0.00000       -0.00000        0.00000       -0.00000      -0.570783E-01  -0.107581E-01    0.00000       -0.00000        0.00000       -0.00000        0.00000       -0.00000        0.00000       -0.00000        0.00000       -0.00000        0.00000       -0.00000        0.00000       -0.00000        425.755        776.429    
    4610.00        0.00000       -0.00000        0.00000       -0.00000      -0.557641E-01  -0.492161E-02    0.00000       -0.00000        0.00000       -0.00000        0.00000       -0.00000        0.00000       -0.00000        0.00000       -0.00000        0.00000       -0.00000        0.00000       -0.00000        805.955        451.176    
    4615.00        0.00000       -0.00000        0.00000       -0.00000      -0.529883E-01   0.510106E-04    0.00000       -0.00000        0.00000       -0.00000        0.00000       -0.00000        0.00000       -0.00000        0.00000       -0.00000        0.00000       -0.00000        0.00000       -0.00000        960.535       -31.6897    
    4620.00        0.00000       -0.00000        0.00000       -0.00000      -0.490958E-01   0.381145E-02    0.00000       -0.00000        0.00000       -0.00000        0.00000       -0.00000        0.00000       -0.00000        0.00000       -0.00000        0.00000       -0.00000        0.00000       -0.00000        845.376       -530.125    
    4625.00        0.00000       -0.00000        0.00000       -0.00000      -0.445082E-01   0.612630E-02    0.00000       -0.00000        0.00000       -0.00000        0.00000       -0.00000        0.00000       -0.00000        0.00000       -0.00000        0.00000       -0.00000        0.00000       -0.00000        495.978       -907.274    
    4630.00        0.00000       -0.00000        0.00000       -0.00000      -0.396735E-01   0.688507E-02    0.00000       -0.00000        0.00000       -0.00000        0.00000       -0.00000        0.00000       -0.00000        0.00000       -0.00000        0.00000       -0.00000        0.00000       -0.00000        7.07282       -1069.30    
    4635.00        0.00000       -0.00000        0.00000       -0.00000      -0.350463E-01   0.611688E-02    0.00000       -0.00000        0.00000       -0.00000        0.00000       -0.00000        0.00000       -0.00000        0.00000       -0.00000        0.00000       -0.00000        0.00000       -0.00000       -500.634       -983.534    
    4640.00        0.00000       -0.00000        0.00000       -0.00000      -0.310477E-01   0.395635E-02    0.00000       -0.00000        0.00000       -0.00000        0.00000       -0.00000        0.00000       -0.00000        0.00000       -0.00000        0.00000       -0.00000        0.00000       -0.00000       -913.579       -676.720    
    4645.00        0.00000       -0.00000        0.00000       -0.00000      -0.280411E-01   0.657906E-03    0.00000       -0.00000        0.00000       -0.00000        0.00000       -0.00000        0.00000       -0.00000        0.00000       -0.00000        0.00000       -0.00000        0.00000       -0.00000       -1148.05       -219.202    
