    1077.00        0.00000        0.00000        0.00000        0.00000        0.00000        0.00000        0.00000        0.00000        0.00000       -0.00000        0.00000        0.00000        0.00000       -0.00000       -0.00000        0.00000        0.00000        0.00000        0.00000       -0.00000       -0.00000        0.00000    
    4155.00      -0.322649E-05   0.126095E-06    0.00000        0.00000        0.00000        0.00000       -0.00000        0.00000        0.00000        0.00000        0.00000        0.00000        0.00000        0.00000        0.00000        0.00000        0.00000       -0.00000        0.00000       -0.00000        0.00000        0.00000    
    4160.00      -0.244531E-03   0.214087E-04    0.00000        0.00000        0.00000        0.00000       -0.00000        0.00000        0.00000        0.00000        0.00000        0.00000        0.00000        0.00000        0.00000        0.00000       -0.00000        0.00000        0.00000       -0.00000        0.00000        0.00000    
    4165.00      -0.885266E-03   0.169875E-03    0.00000       -0.00000        0.00000        0.00000       -0.00000        0.00000        0.00000        0.00000        0.00000        0.00000        0.00000        0.00000        0.00000        0.00000       -0.00000        0.00000        0.00000       -0.00000        0.00000        0.00000    
    4170.00      -0.156277E-02   0.521422E-03    0.00000       -0.00000        0.00000        0.00000       -0.00000        0.00000        0.00000        0.00000        0.00000        0.00000        0.00000        0.00000        0.00000        0.00000        0.00000        0.00000        0.00000        0.00000        0.00000        0.00000    
    4175.00      -0.193047E-02   0.950251E-03    0.00000       -0.00000        0.00000        0.00000       -0.00000        0.00000       -0.00000        0.00000       -0.00000        0.00000        0.00000        0.00000        0.00000        0.00000       -0.00000        0.00000        0.00000        0.00000        0.00000        0.00000    
    4180.00      -0.190790E-02   0.120709E-02    0.00000       -0.00000        0.00000        0.00000        0.00000       -0.00000        0.00000       -0.00000        0.00000       -0.00000        0.00000        0.00000        0.00000        0.00000       -0.00000        0.00000        0.00000        0.00000        0.00000       -0.00000    
    4185.00      -0.167343E-02   0.114818E-02    0.00000       -0.00000        0.00000        0.00000        0.00000       -0.00000        0.00000        0.00000        0.00000        0.00000        0.00000        0.00000        0.00000        0.00000        0.00000       -0.00000        0.00000        0.00000        0.00000       -0.00000    
    4190.00      -0.140423E-02   0.844572E-03    0.00000       -0.00000        0.00000        0.00000        0.00000       -0.00000        0.00000        0.00000        0.00000        0.00000        0.00000        0.00000        0.00000        0.00000        0.00000       -0.00000        0.00000        0.00000        0.00000       -0.00000    
    4195.00      -0.112783E-02   0.394402E-03   -0.00000        0.00000        0.00000        0.00000        0.00000       -0.00000        0.00000        0.00000        0.00000        0.00000        0.00000        0.00000        0.00000        0.00000        0.00000       -0.00000        0.00000        0.00000        0.00000       -0.00000    
    4200.00      -0.858076E-03  -0.188481E-03   -0.00000        0.00000       -0.00000        0.00000        0.00000       -0.00000        0.00000        0.00000        0.00000        0.00000        0.00000        0.00000        0.00000        0.00000        0.00000       -0.00000       -0.00000        0.00000        0.00000       -0.00000    
    4205.00      -0.661310E-03  -0.858293E-03    0.00000       -0.00000        0.00000        0.00000       -0.00000        0.00000        0.00000        0.00000        0.00000        0.00000        0.00000        0.00000        0.00000        0.00000        0.00000       -0.00000       -0.00000        0.00000       -0.00000        0.00000    
    4210.00      -0.540059E-03  -0.149159E-02    0.00000       -0.00000        0.00000        0.00000       -0.00000        0.00000        0.00000        0.00000        0.00000        0.00000        0.00000        0.00000       -0.00000        0.00000        0.00000        0.00000       -0.00000        0.00000       -0.00000        0.00000    
    4215.00      -0.377929E-03  -0.201057E-02    0.00000       -0.00000        0.00000        0.00000       -0.00000        0.00000       -0.00000        0.00000       -0.00000        0.00000        0.00000        0.00000        0.00000       -0.00000        0.00000        0.00000        0.00000       -0.00000       -0.00000        0.00000    
    4220.00      -0.499318E-04  -0.247359E-02    0.00000       -0.00000        0.00000        0.00000        0.00000       -0.00000        0.00000       -0.00000        0.00000       -0.00000        0.00000        0.00000        0.00000        0.00000       -0.00000        0.00000        0.00000        0.00000       -0.00000        0.00000    
    4225.00       0.451705E-03  -0.300698E-02    0.00000       -0.00000        0.00000        0.00000       -0.00000        0.00000        0.00000        0.00000        0.00000        0.00000        0.00000        0.00000        0.00000        0.00000       -0.00000        0.00000        0.00000        0.00000        0.00000       -0.00000    
    4230.00       0.102203E-02  -0.366797E-02    0.00000       -0.00000        0.00000        0.00000       -0.00000        0.00000        0.00000        0.00000        0.00000        0.00000        0.00000        0.00000        0.00000        0.00000        0.00000       -0.00000        0.00000        0.00000        0.00000       -0.00000    
    4235.00       0.155781E-02  -0.438549E-02    0.00000       -0.00000        0.00000        0.00000        0.00000       -0.00000        0.00000        0.00000        0.00000        0.00000        0.00000        0.00000        0.00000        0.00000        0.00000       -0.00000        0.00000        0.00000        0.00000       -0.00000    
    4240.00       0.206214E-02  -0.502029E-02    0.00000       -0.00000        0.00000        0.00000        0.00000       -0.00000       -0.00000        0.00000       -0.00000        0.00000        0.00000        0.00000       -0.00000        0.00000        0.00000        0.00000       -0.00000        0.00000        0.00000       -0.00000    
    4245.00       0.265680E-02  -0.547656E-02    0.00000        0.00000        0.00000        0.00000        0.00000        0.00000        0.00000       -0.00000        0.00000       -0.00000        0.00000        0.00000        0.00000       -0.00000        0.00000        0.00000        0.00000       -0.00000        0.00000       -0.00000    
    4250.00       0.350806E-02  -0.577754E-02    0.00000        0.00000        0.00000        0.00000        0.00000        0.00000        0.00000        0.00000        0.00000        0.00000        0.00000        0.00000        0.00000       -0.00000        0.00000        0.00000        0.00000       -0.00000        0.00000       -0.00000    
    4255.00       0.472493E-02  -0.606160E-02    0.00000        0.00000        0.00000        0.00000        0.00000        0.00000        0.00000        0.00000        0.00000        0.00000        0.00000        0.00000        0.00000       -0.00000       -0.00000        0.00000        0.00000        0.00000        0.00000       -0.00000    
    4260.00       0.629330E-02  -0.650891E-02    0.00000        0.00000       -0.00000        0.00000        0.00000        0.00000        0.00000       -0.00000        0.00000       -0.00000        0.00000        0.00000        0.00000        0.00000        0.00000       -0.00000        0.00000        0.00000        0.00000       -0.00000    
    4265.00       0.808164E-02  -0.724596E-02    0.00000        0.00000        0.00000        0.00000       -0.00000        0.00000        0.00000        0.00000        0.00000        0.00000        0.00000        0.00000       -0.00000        0.00000        0.00000        0.00000       -0.00000        0.00000        0.00000        0.00000    
    4270.00       0.990966E-02  -0.828479E-02    0.00000        0.00000        0.00000        0.00000        0.00000       -0.00000       -0.00000        0.00000       -0.00000        0.00000        0.00000        0.00000        0.00000       -0.00000        0.00000        0.00000        0.00000       -0.00000        0.00000        0.00000    
    4275.00       0.116327E-01  -0.952684E-02   -0.00000        0.00000       -0.00000        0.00000        0.00000       -0.00000        0.00000        0.00000        0.00000        0.00000        0.00000        0.00000        0.00000        0.00000        0.00000       -0.00000        0.00000        0.00000        0.00000        0.00000    
    4280.00       0.131921E-01  -0.108159E-01   -0.00000        0.00000       -0.00000        0.00000        0.00000        0.00000        0.00000       -0.00000        0.00000       -0.00000        0.00000        0.00000        0.00000        0.00000        0.00000        0.00000        0.00000       -0.00000        0.00000        0.00000    
    4285.00       0.146150E-01  -0.119950E-01    0.00000        0.00000        0.00000        0.00000        0.00000        0.00000        0.00000        0.00000        0.00000        0.00000        0.00000        0.00000       -0.00000        0.00000        0.00000        0.00000        0.00000       -0.00000        0.00000        0.00000    
    4290.00       0.159927E-01  -0.129321E-01    0.00000        0.00000        0.00000        0.00000        0.00000        0.00000        0.00000        0.00000        0.00000        0.00000        0.00000        0.00000        0.00000        0.00000        0.00000        0.00000        0.00000       -0.00000        0.00000        0.00000    
    4295.00       0.176234E-01  -0.134854E-01    0.00000       -0.00000       -0.00000        0.00000        0.00000        0.00000        0.00000       -0.00000        0.00000       -0.00000        0.00000        0.00000        0.00000        0.00000        0.00000        0.00000        0.00000       -0.00000       -0.00000        0.00000    
    4300.00       0.187048E-01  -0.147613E-01   -0.00000        0.00000       -0.00000        0.00000      -0.226479E-01   0.105435E-01  -0.948950        1.49448      -0.698204        1.31040        0.00000        0.00000       -0.00000        0.00000        0.00000       -0.00000        0.00000        0.00000        0.00000       -0.00000    
    4305.00       0.214359E-01  -0.132553E-01    0.00000        0.00000        0.00000        0.00000       0.392341E-01   0.282823E-01    2.98196       0.972103        5.53474       -1.41899        0.00000        0.00000        0.00000        0.00000        0.00000        0.00000        0.00000       -0.00000        0.00000       -0.00000    
    4310.00       0.277970E-01  -0.121565E-01   -0.00000        0.00000        0.00000        0.00000      -0.163109      -0.134976       -15.1211       -3.70668       -10.9035        3.01399        0.00000        0.00000        0.00000       -0.00000        0.00000       -0.00000        0.00000        0.00000        0.00000       -0.00000    
    4315.00       0.302465E-01  -0.168586E-01    0.00000        0.00000        0.00000        0.00000       0.662335E-01   0.451167E-01    20.5268       -8.00486        11.6692       -2.01988        0.00000        0.00000        0.00000        0.00000        0.00000        0.00000        0.00000       -0.00000        0.00000        0.00000    
    4320.00       0.335937E-01  -0.194597E-01    0.00000       -0.00000        0.00000        0.00000      -0.800047E-01   0.149012E-01   -25.4228       -10.0992       -13.2228       -7.99015        0.00000       -0.00000        0.00000        0.00000        0.00000        0.00000        0.00000        0.00000        0.00000       -0.00000    
    4325.00       0.299437E-01  -0.213015E-01  -0.105585E-01   0.131066       -1.24474        6.07394       0.325213      -0.419316E-01    21.6808        14.6787        2.64741        12.3954        0.00000       -0.00000        0.00000       -0.00000       -0.00000        0.00000        0.00000       -0.00000        0.00000       -0.00000    
    4330.00       0.348241E-01  -0.200609E-01  -0.555583E-01   0.230459E-01  -0.468800       -1.57671      -0.788510E-02  -0.226285        19.8554       -14.5094        21.4979       -10.4019        0.00000       -0.00000       -0.00000        0.00000        0.00000        0.00000       -0.00000        0.00000        0.00000       -0.00000    
    4335.00       0.396289E-01  -0.192104E-01   0.435976E-01   0.117130E-01    2.08306       0.434774      -0.196782      -0.211204       -15.1019       -21.0348       -13.5121       -26.5019        0.00000       -0.00000        0.00000        0.00000        0.00000        0.00000       -0.00000        0.00000        0.00000       -0.00000    
    4340.00       0.444690E-01  -0.183181E-01   0.235593E-01  -0.495998E-01   0.512818      -0.860042      -0.229475      -0.191909E-01   -18.2924        19.7883       -25.1115        12.2729       -0.00000        0.00000        0.00000        0.00000        0.00000        0.00000       -0.00000        0.00000        0.00000       -0.00000    
    4345.00       0.492302E-01  -0.183005E-01   0.124641E-01  -0.473955E-01   0.336935       0.204398      -0.110107       0.169014        24.8193        27.7840        14.1994        24.3740       -0.00000        0.00000        0.00000        0.00000        0.00000        0.00000        0.00000        0.00000        0.00000       -0.00000    
    4350.00       0.540156E-01  -0.189653E-01   0.578329E-02  -0.251405E-01  -0.417744E-01   0.249831       0.862007E-01   0.237701        41.2104       -15.9067        31.9364       -12.0697        0.00000       -0.00000        0.00000        0.00000        0.00000        0.00000       -0.00000        0.00000        0.00000        0.00000    
    4355.00       0.589013E-01  -0.200012E-01   0.121985E-01  -0.144381E-01  -0.126006       0.899112E-01   0.262943       0.169220        2.72349       -45.7952      -0.827917       -38.2842        0.00000        0.00000        0.00000        0.00000       -0.00000        0.00000       -0.00000        0.00000       -0.00000        0.00000    
    4360.00       0.638251E-01  -0.210913E-01   0.157472E-01  -0.324118E-02  -0.147938       0.116477       0.351706       0.879022E-02   -40.6963       -20.6652       -36.3909       -14.3891        0.00000        0.00000        0.00000        0.00000        0.00000        0.00000       -0.00000        0.00000       -0.00000        0.00000    
    4365.00       0.687349E-01  -0.220087E-01   0.364406E-02   0.323780E-02  -0.141529       0.137852E-01   0.332138      -0.175230       -37.3957        30.6986       -27.6396        27.7578        0.00000        0.00000        0.00000        0.00000        0.00000        0.00000        0.00000        0.00000       -0.00000        0.00000    
    4370.00       0.736320E-01  -0.225732E-01  -0.209817E-01  -0.639144E-02  -0.860857E-01  -0.806653E-01   0.228021      -0.319973        9.14520        54.1521        13.5134        39.0929        0.00000       -0.00000        0.00000        0.00000        0.00000        0.00000        0.00000        0.00000       -0.00000        0.00000    
    4375.00       0.785484E-01  -0.226404E-01  -0.399048E-01  -0.340234E-01   0.233053      -0.254545       0.861863E-01  -0.390553        54.7024        28.1898        43.5994        10.1728        0.00000       -0.00000        0.00000        0.00000        0.00000        0.00000        0.00000        0.00000       -0.00000        0.00000    
    4380.00       0.835480E-01  -0.221106E-01  -0.353408E-01  -0.742531E-01   0.964311       0.381369      -0.445986E-01  -0.386712        61.3899       -24.1269        36.6947       -30.6022        0.00000       -0.00000        0.00000        0.00000        0.00000        0.00000        0.00000        0.00000       -0.00000        0.00000    
    4385.00       0.887187E-01  -0.209157E-01   0.210071E-02  -0.898126E-01   0.121890        1.60925      -0.128744      -0.333498        25.7338       -63.0234      -0.263385       -50.1948        0.00000        0.00000        0.00000        0.00000        0.00000        0.00000        0.00000        0.00000        0.00000       -0.00000    
    4390.00       0.941872E-01  -0.190495E-01   0.245231E-01  -0.754336E-01   -1.01272        1.45707      -0.153958      -0.268212       -26.9050       -63.3648       -39.9806       -34.3304        0.00000        0.00000        0.00000        0.00000       -0.00000        0.00000        0.00000       -0.00000       -0.00000        0.00000    
    4395.00       0.100365      -0.165351E-01   0.319785E-01  -0.644203E-01   -1.94417        1.39412      -0.136668      -0.229109       -64.4941       -26.7556       -56.0937        5.82871       -0.00000        0.00000        0.00000        0.00000       -0.00000        0.00000       -0.00000        0.00000       -0.00000        0.00000    
    4400.00       0.108142      -0.126588E-01   0.462010E-01  -0.642292E-01   -5.16450        2.14029      -0.110617      -0.249630       -67.5746        24.8180       -39.7414        44.5375       -0.00000        0.00000        0.00000        0.00000       -0.00000        0.00000       -0.00000        0.00000        0.00000        0.00000    
    4405.00       0.117560      -0.531668E-02   0.237245      -0.476398E-02   -70.1472       -21.5095      -0.113995      -0.334123       -36.5920        64.9468       -1.19782        60.6595       -0.00000        0.00000        0.00000        0.00000        0.00000       -0.00000       -0.00000        0.00000        0.00000        0.00000    
    4410.00       0.127033       0.694961E-02  -0.206861      -0.482447E-01   -6.53402        11.6461      -0.192173      -0.464837        12.0452        76.5477        38.7618        48.0775        0.00000       -0.00000        0.00000        0.00000        0.00000       -0.00000       -0.00000        0.00000        0.00000       -0.00000    
    4415.00       0.137337       0.244361E-01  -0.173244      -0.117674      -0.658079        2.02192      -0.385456      -0.571448        57.4175        57.4892        62.4355        14.7184        0.00000       -0.00000       -0.00000        0.00000        0.00000        0.00000       -0.00000        0.00000       -0.00000        0.00000    
    4420.00       0.158490       0.523768E-01  -0.246951      -0.151182       0.484356       0.917644      -0.815020      -0.454037        84.7707        19.5392        62.5743       -24.2201        0.00000        0.00000        0.00000        0.00000        0.00000       -0.00000        0.00000       -0.00000        0.00000        0.00000    
    4425.00       0.255385       0.119433      -0.616008      -0.729157E-01    1.44573      -0.458177       -1.91948       0.780162        98.4225       -15.7520        43.7735       -53.9976        0.00000       -0.00000       -0.00000        0.00000        0.00000        0.00000        0.00000       -0.00000       -0.00000        0.00000    
    4430.00       0.756201      -0.857028        1.03253        3.36145       -11.2829       -3.25449        11.4498        6.48703        131.664       -242.471        17.7170       -105.389        0.00000       -0.00000       -0.00000        0.00000        0.00000        0.00000        0.00000       -0.00000        0.00000       -0.00000    
    4435.00       0.139118      -0.210476       0.606260       0.224339       -1.33691        2.36517        2.01919       -1.00768       -5.91620       -134.711       -33.0207       -79.5435        0.00000       -0.00000       -0.00000        0.00000        0.00000        0.00000       -0.00000        0.00000        0.00000        0.00000    
    4440.00       0.164004      -0.525254E-01  -0.257702E-01   0.920033E-02   0.697596       0.416855E-01  -0.150436       0.834899E-02   -35.7899       -107.784       -49.1333       -52.7564       -0.00000        0.00000        0.00000        0.00000        0.00000       -0.00000        0.00000        0.00000        0.00000        0.00000    
    4445.00       0.266043      -0.141505       0.438401       0.369988      -0.888427        2.21330       0.694166      -0.147253       -89.0710       -82.3266       -64.2736       -25.3839        0.00000        0.00000       -0.00000        0.00000        0.00000       -0.00000        0.00000        0.00000        0.00000        0.00000    
    4450.00       0.178273      -0.796792E-01  -0.144818E-01   0.289832E-01   0.375268E-02   0.196744       0.137880      -0.247332       -120.345       -31.0829       -67.8366        1.81684       -0.00000        0.00000        0.00000       -0.00000        0.00000        0.00000       -0.00000        0.00000        0.00000       -0.00000    
    4455.00       0.165055      -0.447170E-01  -0.150753       0.140505      -0.168182       0.293452      -0.603202      -0.314088       -125.982        25.8641       -67.6222        28.7734        0.00000       -0.00000       -0.00000        0.00000        0.00000        0.00000       -0.00000        0.00000        0.00000        0.00000    
    4460.00       0.306014      -0.216459       0.343972      -0.451533E-01    1.39234       0.193820        1.56519        2.21700       -78.3032        45.7684        34.7619        10.3054        0.00000        0.00000        0.00000        0.00000        0.00000       -0.00000       -0.00000        0.00000        0.00000        0.00000    
    4465.00       0.220581      -0.481894E-01   0.473688E-01   0.218691       0.625907       0.935827E-01   0.742458        1.04739       -46.9220        124.562        27.1627        55.6318       -3.40452       -39.2347        222.171       -148.083       0.864481        273.233        1200.72       -1028.12        9295.22       -17945.5    
    4470.00       0.193272      -0.927662E-01  -0.154141E-01   0.170114       0.470891      -0.215724       0.819427E-03    1.46478       -30.4242        150.050        13.5167        73.4771       -12.2530        5.67791        292.771       -392.246       -260.772        349.224       -582.572        253.707        2126.93        4537.23    
    4475.00       0.204602      -0.698390E-01   0.184754E-02   0.148594       0.341371      -0.401185      -0.669666E-01   0.126919        19.2663        98.6695       -13.6885        25.2390        31.8168        1.20615       -215.136        491.238        151.496       -284.489        347.014        56.4357       -1345.82        10238.2    
    4480.00       0.108047      -0.259499      -0.430202       0.167785      -0.302322       0.308212       -7.92575        3.84150       -41.3135       -272.419       -110.436       -182.835       -18.4826        16.8579       -1045.79       -1041.17        975.839        721.817        1145.46       -953.947       -5138.93       -3936.69    
    4485.00       0.170307      -0.103537      -0.575085E-01   0.196317      -0.330491      -0.557603      -0.828687        1.75893        73.4656        26.6894       -3.09433       -3.98930        8.35995       -7.69881       -310.993        332.797        326.551       -333.681       -353.284       -84.5593        1041.10        603.951    
    4490.00       0.206458      -0.112577      -0.239798E-01   0.111118       -1.07357      -0.755465      -0.440998       0.306980        131.588        34.1418        27.8412        24.0897        4.43008       -9.93397       -398.902        349.227        391.161       -418.945       -242.561        36.8189        826.450        883.696    
    4495.00       0.247117      -0.103428       0.167165E-01   0.791061E-01   -1.87589      -0.556858       0.522287       0.249530E-02    128.351        18.7619        19.2231        36.4604        5.16596       -11.8815       -569.093        306.332        541.310       -435.782       -299.298       -72.4027       -3.56948        2645.13    
    4500.00       0.253684      -0.546196E-01  -0.285509E-01   0.634516E-01   -2.46138       0.225023       0.256582       0.613399        122.586       -19.1760        30.9285        23.2356        7.09154       -7.12404       -638.340       -84.4450        648.932       -67.7106       -407.742       -207.563       -2651.20        3719.57    
    4505.00       0.225952      -0.673348E-01  -0.617031E-01  -0.102685E-02   -2.29159        1.45515      -0.241321      -0.264054        91.5593       -38.7374        34.8412        42.6977      -0.172195       -7.25890       -692.838       -372.552        689.033        169.230       -410.051        2.33072       -4733.74        3445.74    
    4510.00       0.241750      -0.843036E-01  -0.919758E-01   0.891506E-02   -1.38565        2.38620       0.993904E-01  -0.576212        55.4437       -66.0693        27.7156        37.6635      -0.726187       -12.1978       -964.205       -655.771        961.646        336.591       -540.353        397.019       -6669.09        1944.74    
    4515.00       0.260148      -0.745203E-01  -0.160369       0.272020E-01  -0.957423E-01    2.50488       0.833065E-01  -0.566306        34.6190       -69.4895        43.4939        27.9475        1.92417       -14.5259       -1323.87       -893.764        1316.29        440.746       -603.831        706.451       -7938.45        1202.82    
    4520.00       0.249979      -0.601849E-01  -0.186994      -0.106102E-02    1.01649        2.11633       0.153925      -0.985973        22.6584       -58.6548        65.3565        16.7651        8.53219       -13.1767       -1559.14       -1414.88        1646.22        809.770       -676.086        926.752       -8888.48       -2283.36    
    4525.00       0.246334      -0.734996E-01  -0.167339       0.127665E-02    1.63039        1.54488       0.519887       -1.38197        26.7725       -55.0133        82.6543       -13.2584        7.64972       -5.39539       -1229.89       -1864.65        1460.52        1275.29       -775.333        771.654        62.0358       -7046.51    
    4530.00       0.270796      -0.796041E-01  -0.222760       0.236930E-01    2.16812       0.864304       0.276018       -1.80433        19.8178       -69.8454        74.3489       -54.1582       0.505727       -7.50945       -1191.79       -2136.03        1432.70        1544.53       -847.055        550.477        14458.1       -8475.78    
    4535.00       0.297019      -0.755185E-01  -0.333945       0.510654E-01    2.87015      -0.556338E-01  -0.514762       -2.12629       -23.6732       -78.8534        36.6251       -78.1729       -4.96148       -19.8296       -2003.45       -3067.53        2213.81        2234.42       -1430.04        773.289        48147.5       -24843.0    
    4540.00       0.304389      -0.721603E-01  -0.399974       0.580847E-01    3.52333       -1.02029       -1.05437       -2.25422       -75.9488       -59.9345       -6.86310       -79.9871       -4.44209       -50.1907       -5160.46       -6579.97        5343.12        4787.25       -3329.40        2357.95        263848.       -149420.    
    4545.00       0.299770      -0.853177E-01  -0.359698       0.785259E-01    3.84780       -1.74796      -0.993727       -2.07898       -112.852       -18.8803       -47.3963       -67.3474        276.322       -94.1624        33418.5       -72374.2       -19709.6        65759.4       -35984.4       -16587.5      -0.779104E+07   0.255241E+08
    4550.00       0.303482      -0.112835      -0.247578       0.181499        3.68264       -2.13089      -0.494760       -1.41498       -138.378        31.8142       -101.883       -52.7401        22.3900       -15.6676        13011.0        3822.02       -11182.8       -3009.22        2395.97       -5665.47        146876.       -692253.    
    4555.00       0.305298      -0.109724      -0.169450       0.606389E-01    3.90440       0.734951       0.456920E-01   -3.10665       -256.912       -204.694       -113.296       -91.4301       -61.3381       -21.6808       -966.329        7543.32       -1020.81       -1447.24        1313.82       -339.005        339634.        25715.0    
    4560.00       0.327015      -0.144054      -0.173566       0.389769        1.32177       -1.15091       0.104075      -0.294318       -153.274       -52.4633       -173.659       -60.0234        21.6540       -49.1614        1697.28        564.148       -1798.28       -5.88472        656.951        101.347        37400.2       -15256.9    
    4565.00       0.345249      -0.168214      -0.274459       0.561143        1.88169       -2.16809      -0.187903        1.33030       -129.064        79.2051       -141.073        38.2653        60.2580       -52.3817        4397.67       -946.617       -4018.34        1472.31        131.924       -2404.58        9508.88       -100593.    
    4570.00       0.365847      -0.182263      -0.285110       0.622329       0.577923       -3.25563      -0.272788        1.88294       -59.6093        87.9961       -122.854        21.3389        73.6532       -77.8344        3481.90       -4986.79       -2152.53        4464.03       -2173.14       -1027.98       -145136.       -93449.0    
    4575.00       0.383797      -0.188027      -0.303170       0.587643      -0.272954       -3.05748      -0.655667        1.96147       -43.6914        90.2801       -130.574        35.4938        65.9279       -103.122        852.075       -7620.61        667.506        5846.68       -2774.27        946.985       -305166.        40073.9    
    4580.00       0.393345      -0.198148      -0.272290       0.524254      -0.933513       -2.33568      -0.728668        1.77144       -34.8253        84.3769       -131.756        55.8846        6.33837       -133.940       -4857.72       -7844.01        5266.52        4761.56       -1448.91        3743.22       -222165.        458857.    
    4585.00       0.404841      -0.217507      -0.217654       0.471489       -1.38559       -1.38350      -0.521501        1.62398       -24.3031        73.3492       -124.825        75.9295       -94.8674       -109.597       -9730.69       -1780.27        7770.81       -1035.58        2731.44        4389.42        464777.        421780.    
    4590.00       0.424252      -0.239191      -0.173259       0.428713       -1.51836      -0.397240      -0.237534        1.56111       -13.0718        61.3923       -110.824        93.4215       -139.833       -33.5695       -7838.30        4841.06        4848.06       -5854.08        5317.82        1449.37        506905.       -192150.    
    4595.00       0.447785      -0.258218      -0.149319       0.380409       -1.29616       0.505577       0.731649E-01    1.47955       -3.66934        48.0706       -92.7637        110.693       -136.700        25.4169       -3778.00        7436.99        1046.07       -7011.79        5261.93       -1453.12        184612.       -381226.    
    4600.00       0.467862      -0.279895      -0.117270       0.332988      -0.893016        1.25475       0.657205        1.43596        10.6630        32.2236       -52.2995        116.141       -135.132        64.0378       -657.350        7972.27       -1399.11       -6832.73        4270.06       -3377.87       -23037.9       -356082.    
    4605.00       0.476340      -0.308435      -0.390207E-01   0.277908      -0.545755        1.96840        1.76526        1.19363        28.1245       -6.69206       -27.1319        78.4043       -146.285        103.719        1809.56        8394.42       -3523.36       -6971.72        2979.81       -4520.20       -149882.       -308218.    
    4610.00       0.508153      -0.335733      -0.363359E-01   0.257430      -0.576822E-01    2.29889        2.38880        1.25661        41.2272       -24.8964      -0.430044        80.2617       -137.758        126.326        3972.08        7325.13       -5232.77       -5463.98        1431.48       -4461.64       -234539.       -206660.    
    4615.00       0.549140      -0.371830      -0.484837E-01   0.279964       0.249383        2.31766        2.94148        1.43578        39.6268       -41.9095        26.6744        69.4913       -128.650        154.119        6023.40        5863.47       -6596.37       -3731.50        13.6057       -4388.07       -293199.       -98037.2    
    4620.00       0.594507      -0.450732       0.457841E-01   0.433150      -0.241157        2.19463        5.46229        2.26200        96.7730       -123.058        95.9921       -101.718       -183.831        189.525        6565.74        6601.77       -6912.35       -5463.98        1007.80       -3648.80       -313412.       -63024.6    
    4625.00       0.632190      -0.446324      -0.162520       0.400261       0.450881        1.45087        4.60736        2.45781        93.9452       -57.3519        153.213        32.4280       -119.068        174.027        5732.70        1261.79       -5611.40       -166.895       -6729.97       -3350.00       -166458.        142583.    
    4630.00       0.648159      -0.498442      -0.209902       0.321495       0.889015        1.31700        5.30692        1.10339        31.1036       -76.5264        17.5127       0.582182       -4.63006        278.499        8145.99       -3252.85       -7562.83        5437.67       -6031.91       -2205.70       -53065.9        372979.    
    4635.00       0.846035      -0.472676      -0.451251       0.444954       0.982541       0.680580        4.10122        2.20310        24.7210       -51.9721        67.8278       -12.1622        12.0987        314.047        6040.77       -5594.24       -5487.52        7370.54       -6798.29        2716.34        170494.        407037.    
    4640.00       0.922651      -0.510070      -0.639691       0.507178        1.02889       0.174956        5.08452        2.21801        25.6696       -65.5042        64.5990       -34.5715        94.1848        313.684        3134.72       -7321.76       -2357.96        8848.91       -6270.86        3947.78        346558.        251409.    
    4645.00       0.949165      -0.424450      -0.956216       0.421692        1.29955      -0.279897        3.76890       0.869635        4.99136       -33.6344        72.4281       -41.5016        184.335        165.999       -2524.81       -7021.57        2365.44        7721.23       -2747.34        6651.85        295895.       -98771.4    
