    1077.00        0.00000        0.00000        0.00000       -0.00000        0.00000        0.00000        0.00000       -0.00000        0.00000        0.00000        0.00000        0.00000        0.00000       -0.00000        0.00000        0.00000        0.00000       -0.00000       -0.00000        0.00000        0.00000        0.00000    
    4155.00      -0.211774E-06   0.310793E-06    0.00000       -0.00000        0.00000       -0.00000        0.00000        0.00000       -0.00000        0.00000       -0.00000        0.00000        0.00000        0.00000        0.00000        0.00000       -0.00000        0.00000       -0.00000        0.00000        0.00000        0.00000    
    4160.00      -0.137829E-04   0.129331E-04    0.00000       -0.00000        0.00000       -0.00000        0.00000        0.00000       -0.00000        0.00000       -0.00000        0.00000        0.00000        0.00000        0.00000        0.00000       -0.00000        0.00000        0.00000        0.00000        0.00000        0.00000    
    4165.00      -0.449085E-04   0.496406E-04   -0.00000        0.00000        0.00000       -0.00000        0.00000        0.00000       -0.00000        0.00000       -0.00000        0.00000        0.00000        0.00000        0.00000        0.00000        0.00000       -0.00000        0.00000        0.00000        0.00000        0.00000    
    4170.00      -0.547217E-04   0.112256E-03   -0.00000        0.00000        0.00000       -0.00000        0.00000        0.00000        0.00000       -0.00000        0.00000       -0.00000        0.00000        0.00000        0.00000        0.00000        0.00000       -0.00000        0.00000        0.00000       -0.00000        0.00000    
    4175.00      -0.261896E-04   0.187456E-03   -0.00000        0.00000        0.00000       -0.00000        0.00000        0.00000        0.00000       -0.00000        0.00000       -0.00000        0.00000        0.00000        0.00000        0.00000        0.00000       -0.00000       -0.00000        0.00000        0.00000        0.00000    
    4180.00       0.576444E-04   0.268222E-03   -0.00000        0.00000        0.00000       -0.00000       -0.00000        0.00000        0.00000        0.00000        0.00000        0.00000        0.00000        0.00000        0.00000        0.00000        0.00000       -0.00000       -0.00000        0.00000       -0.00000        0.00000    
    4185.00       0.192624E-03   0.303288E-03   -0.00000        0.00000        0.00000       -0.00000       -0.00000        0.00000        0.00000        0.00000        0.00000        0.00000        0.00000        0.00000        0.00000        0.00000       -0.00000        0.00000        0.00000       -0.00000       -0.00000        0.00000    
    4190.00       0.301167E-03   0.281508E-03   -0.00000        0.00000        0.00000       -0.00000       -0.00000        0.00000        0.00000        0.00000        0.00000        0.00000        0.00000        0.00000       -0.00000        0.00000       -0.00000        0.00000        0.00000       -0.00000       -0.00000        0.00000    
    4195.00       0.359043E-03   0.276685E-03   -0.00000        0.00000        0.00000       -0.00000       -0.00000        0.00000       -0.00000        0.00000       -0.00000        0.00000        0.00000        0.00000       -0.00000        0.00000       -0.00000        0.00000        0.00000       -0.00000       -0.00000        0.00000    
    4200.00       0.428765E-03   0.300242E-03    0.00000        0.00000        0.00000       -0.00000        0.00000        0.00000       -0.00000        0.00000       -0.00000        0.00000        0.00000        0.00000       -0.00000        0.00000       -0.00000        0.00000        0.00000       -0.00000       -0.00000        0.00000    
    4205.00       0.500462E-03   0.273838E-03   -0.00000        0.00000       -0.00000        0.00000        0.00000        0.00000       -0.00000        0.00000       -0.00000        0.00000        0.00000        0.00000       -0.00000        0.00000        0.00000       -0.00000        0.00000        0.00000       -0.00000        0.00000    
    4210.00       0.456167E-03   0.200443E-03   -0.00000        0.00000        0.00000       -0.00000        0.00000        0.00000        0.00000       -0.00000        0.00000       -0.00000        0.00000        0.00000        0.00000       -0.00000        0.00000       -0.00000        0.00000        0.00000       -0.00000        0.00000    
    4215.00       0.250630E-03   0.232532E-03   -0.00000        0.00000        0.00000       -0.00000       -0.00000        0.00000        0.00000        0.00000        0.00000        0.00000        0.00000        0.00000        0.00000        0.00000        0.00000        0.00000        0.00000        0.00000       -0.00000        0.00000    
    4220.00       0.398792E-04   0.500300E-03   -0.00000        0.00000        0.00000       -0.00000       -0.00000        0.00000        0.00000        0.00000        0.00000        0.00000        0.00000        0.00000        0.00000        0.00000        0.00000        0.00000       -0.00000        0.00000        0.00000       -0.00000    
    4225.00       0.604099E-04   0.909258E-03   -0.00000        0.00000        0.00000       -0.00000       -0.00000        0.00000        0.00000        0.00000        0.00000        0.00000        0.00000        0.00000        0.00000        0.00000        0.00000        0.00000       -0.00000        0.00000        0.00000       -0.00000    
    4230.00       0.375326E-03   0.115594E-02   -0.00000        0.00000        0.00000       -0.00000       -0.00000        0.00000       -0.00000        0.00000       -0.00000        0.00000        0.00000        0.00000        0.00000        0.00000       -0.00000        0.00000        0.00000       -0.00000        0.00000       -0.00000    
    4235.00       0.749109E-03   0.965201E-03   -0.00000        0.00000       -0.00000        0.00000       -0.00000        0.00000       -0.00000        0.00000       -0.00000        0.00000        0.00000        0.00000        0.00000        0.00000       -0.00000        0.00000        0.00000       -0.00000        0.00000       -0.00000    
    4240.00       0.774258E-03   0.336856E-03   -0.00000        0.00000        0.00000       -0.00000        0.00000       -0.00000        0.00000       -0.00000        0.00000        0.00000        0.00000        0.00000       -0.00000        0.00000        0.00000       -0.00000        0.00000        0.00000        0.00000       -0.00000    
    4245.00       0.148530E-03  -0.399388E-03    0.00000        0.00000        0.00000       -0.00000        0.00000       -0.00000        0.00000        0.00000        0.00000        0.00000        0.00000        0.00000        0.00000       -0.00000        0.00000        0.00000        0.00000        0.00000        0.00000       -0.00000    
    4250.00      -0.109658E-02  -0.758692E-03    0.00000        0.00000        0.00000       -0.00000        0.00000       -0.00000       -0.00000        0.00000       -0.00000        0.00000        0.00000        0.00000        0.00000       -0.00000        0.00000        0.00000        0.00000        0.00000        0.00000       -0.00000    
    4255.00      -0.256400E-02  -0.394423E-03    0.00000        0.00000        0.00000       -0.00000        0.00000        0.00000       -0.00000        0.00000       -0.00000        0.00000        0.00000        0.00000        0.00000       -0.00000        0.00000        0.00000        0.00000        0.00000        0.00000        0.00000    
    4260.00      -0.368224E-02   0.663394E-03    0.00000        0.00000        0.00000        0.00000        0.00000        0.00000        0.00000        0.00000        0.00000        0.00000        0.00000        0.00000        0.00000        0.00000       -0.00000        0.00000       -0.00000        0.00000        0.00000        0.00000    
    4265.00      -0.402134E-02   0.196758E-02    0.00000        0.00000       -0.00000        0.00000        0.00000        0.00000       -0.00000        0.00000       -0.00000        0.00000        0.00000        0.00000        0.00000        0.00000        0.00000       -0.00000        0.00000       -0.00000        0.00000        0.00000    
    4270.00      -0.356241E-02   0.284929E-02    0.00000        0.00000        0.00000       -0.00000        0.00000        0.00000        0.00000       -0.00000        0.00000       -0.00000        0.00000        0.00000        0.00000       -0.00000        0.00000        0.00000        0.00000       -0.00000        0.00000        0.00000    
    4275.00      -0.276734E-02   0.276058E-02   -0.00000        0.00000        0.00000       -0.00000       -0.00000        0.00000       -0.00000        0.00000       -0.00000        0.00000        0.00000        0.00000        0.00000        0.00000        0.00000        0.00000        0.00000       -0.00000        0.00000        0.00000    
    4280.00      -0.239011E-02   0.159428E-02   -0.00000        0.00000        0.00000       -0.00000        0.00000       -0.00000        0.00000        0.00000        0.00000        0.00000        0.00000        0.00000       -0.00000        0.00000        0.00000        0.00000        0.00000       -0.00000        0.00000        0.00000    
    4285.00      -0.309232E-02  -0.195822E-03   -0.00000        0.00000        0.00000       -0.00000        0.00000       -0.00000        0.00000        0.00000        0.00000        0.00000        0.00000        0.00000       -0.00000        0.00000        0.00000        0.00000        0.00000       -0.00000        0.00000        0.00000    
    4290.00      -0.503888E-02  -0.178979E-02    0.00000       -0.00000        0.00000       -0.00000       -0.00000        0.00000        0.00000        0.00000        0.00000        0.00000        0.00000        0.00000        0.00000        0.00000        0.00000        0.00000        0.00000       -0.00000        0.00000        0.00000    
    4295.00      -0.772103E-02  -0.247210E-02    0.00000        0.00000        0.00000       -0.00000        0.00000        0.00000        0.00000        0.00000        0.00000       -0.00000       -0.00000        0.00000        0.00000        0.00000        0.00000        0.00000        0.00000       -0.00000       -0.00000        0.00000    
    4300.00      -0.103678E-01  -0.187559E-02    0.00000        0.00000        0.00000       -0.00000      -0.156473E-01  -0.292648E-01   -1.21661       0.439869      -0.652283        1.56093       -0.00000        0.00000        0.00000        0.00000        0.00000        0.00000        0.00000        0.00000        0.00000       -0.00000    
    4305.00      -0.125119E-01  -0.136052E-02    0.00000       -0.00000        0.00000       -0.00000      -0.536281E-01   0.223293E-01    1.18266        2.44937        2.88741       -2.53824        0.00000       -0.00000        0.00000        0.00000        0.00000       -0.00000        0.00000        0.00000        0.00000        0.00000    
    4310.00      -0.143314E-01  -0.878312E-03   -0.00000        0.00000        0.00000        0.00000       0.350825E-01   0.113429        7.49169       -3.78099       -3.20518        3.12105        0.00000       -0.00000        0.00000        0.00000        0.00000        0.00000        0.00000       -0.00000        0.00000        0.00000    
    4315.00      -0.162283E-01  -0.225018E-03   -0.00000        0.00000       -0.00000        0.00000       0.124281       0.485961E-01   -1.44088       -13.5609        7.83083       0.618671        0.00000        0.00000        0.00000       -0.00000        0.00000        0.00000       -0.00000        0.00000        0.00000        0.00000    
    4320.00      -0.187013E-01   0.100377E-02    0.00000        0.00000        0.00000       -0.00000       0.404429E-01  -0.855724E-01   -13.3812       0.515064       -7.34731       -12.2223        0.00000       -0.00000        0.00000       -0.00000        0.00000       -0.00000        0.00000        0.00000        0.00000        0.00000    
    4325.00      -0.193264E-01   0.301899E-02   0.557249E-01   0.362297E-01   0.367999       -7.36180      -0.114352       0.310059E-01   -2.02214        14.2460       -28.9756        17.2280        0.00000       -0.00000       -0.00000        0.00000       -0.00000        0.00000        0.00000        0.00000        0.00000        0.00000    
    4330.00      -0.199175E-01   0.549804E-04   0.469599E-01  -0.415870E-01   0.816726       0.817796       0.232092       0.123935        29.3776       -22.2716        76.0112        29.2934       -0.00000        0.00000        0.00000        0.00000        0.00000        0.00000        0.00000        0.00000        0.00000        0.00000    
    4335.00      -0.149177E-01   0.320069E-02   0.336510E-01  -0.603655E-01   -2.50179       0.646791      -0.332683      -0.113881       -40.3316       -8.65866       -60.1006       0.270899        0.00000       -0.00000        0.00000       -0.00000        0.00000       -0.00000       -0.00000        0.00000        0.00000        0.00000    
    4340.00      -0.175432E-01  -0.440804E-02  -0.125160E-01  -0.227726E-01  -0.203335       0.103687      -0.204360       0.182337       -19.8812        32.8437        4.72113        45.6803       -0.00000        0.00000        0.00000       -0.00000       -0.00000        0.00000       -0.00000        0.00000        0.00000        0.00000    
    4345.00      -0.244173E-01  -0.661106E-02   0.142387E-01   0.461148E-02  -0.425157       0.161422       0.485341E-01   0.234662        31.3543        33.6959        34.6897        12.6964       -0.00000        0.00000       -0.00000        0.00000        0.00000        0.00000       -0.00000        0.00000        0.00000        0.00000    
    4350.00      -0.309744E-01  -0.624667E-02   0.283422E-01   0.463954E-02  -0.209941       0.446276       0.259660       0.108696        54.8427       -21.0337        22.8898       -25.6507        0.00000       -0.00000       -0.00000        0.00000       -0.00000        0.00000        0.00000       -0.00000       -0.00000        0.00000    
    4355.00      -0.361071E-01  -0.447925E-02   0.275665E-01   0.442332E-03  -0.467793       0.476756       0.306121      -0.126583        6.84451       -70.6888       -15.7726       -34.4384        0.00000       -0.00000       -0.00000        0.00000       -0.00000        0.00000        0.00000       -0.00000        0.00000       -0.00000    
    4360.00      -0.397920E-01  -0.224954E-02   0.175464E-01   0.308224E-02  -0.196332       0.384025       0.158402      -0.320578       -68.8377       -45.0833       -44.0899       -1.96450        0.00000       -0.00000       -0.00000        0.00000        0.00000        0.00000        0.00000       -0.00000        0.00000       -0.00000    
    4365.00      -0.422491E-01  -0.167732E-03   0.835659E-02   0.874750E-02  -0.445861       0.551469      -0.104268      -0.350389       -85.9100        46.3212       -28.6308        43.0110        0.00000       -0.00000       -0.00000        0.00000        0.00000        0.00000        0.00000       -0.00000        0.00000       -0.00000    
    4370.00      -0.438916E-01   0.142658E-02   0.477021E-02   0.156205E-01  -0.463547      -0.160810      -0.340658      -0.192310       -9.48258        119.653        22.9596        56.2980        0.00000       -0.00000        0.00000        0.00000        0.00000        0.00000        0.00000       -0.00000        0.00000       -0.00000    
    4375.00      -0.451834E-01   0.230293E-02   0.291994E-02   0.229447E-01   0.674647      -0.587351E-01  -0.427849       0.819922E-01    107.634        98.9252        70.0420        20.0497       -0.00000        0.00000        0.00000        0.00000        0.00000        0.00000       -0.00000        0.00000        0.00000       -0.00000    
    4380.00      -0.464992E-01   0.237879E-02  -0.441414E-02   0.262468E-01   0.425885        1.90062      -0.323084       0.348970        172.481       -16.1137        75.8897       -44.8935       -0.00000        0.00000        0.00000        0.00000        0.00000        0.00000       -0.00000        0.00000        0.00000        0.00000    
    4385.00      -0.481298E-01   0.173043E-02  -0.133121E-01   0.167960E-01   -2.05299        1.03131      -0.709512E-01   0.491814        128.154       -151.602        33.5305       -97.7952        0.00000       -0.00000        0.00000        0.00000        0.00000        0.00000       -0.00000        0.00000        0.00000        0.00000    
    4390.00      -0.502823E-01   0.535179E-03  -0.156186E-01   0.558830E-02   -1.59582      -0.874840       0.227134       0.449723       -6.30599       -215.172       -32.8518       -103.174        0.00000        0.00000       -0.00000        0.00000       -0.00000        0.00000        0.00000        0.00000       -0.00000        0.00000    
    4395.00      -0.530607E-01  -0.980571E-03  -0.198552E-01  -0.185826E-03  -0.808668       -1.71132       0.455763       0.236510       -153.793       -159.308       -85.9755       -54.4385        0.00000        0.00000       -0.00000        0.00000       -0.00000        0.00000        0.00000       -0.00000        0.00000       -0.00000    
    4400.00      -0.564845E-01  -0.256832E-02  -0.360548E-01  -0.478947E-03  -0.266583       -3.85195       0.529534      -0.751763E-01   -228.086       -9.41539       -95.4121        21.6370        0.00000        0.00000       -0.00000        0.00000        0.00000       -0.00000        0.00000       -0.00000        0.00000       -0.00000    
    4405.00      -0.605133E-01  -0.402476E-02  -0.158844      -0.261700E-01    30.6354       -42.4302       0.422710      -0.384237       -184.170        157.854       -54.1220        86.1880        0.00000        0.00000       -0.00000        0.00000        0.00000        0.00000        0.00000       -0.00000        0.00000       -0.00000    
    4410.00      -0.650339E-01  -0.520544E-02   0.682389E-01  -0.498956E-01   -7.13021       -8.91719       0.169965      -0.596592       -40.5615        259.985        18.1846        109.274        0.00000        0.00000       -0.00000        0.00000        0.00000        0.00000        0.00000        0.00000        0.00000        0.00000    
    4415.00      -0.698987E-01  -0.601494E-02   0.319757E-01  -0.258294E-01   -1.20655       -1.95889      -0.152596      -0.654671        136.496        250.070        88.4224        82.4503        0.00000        0.00000       -0.00000        0.00000        0.00000        0.00000       -0.00000        0.00000       -0.00000        0.00000    
    4420.00      -0.749488E-01  -0.641088E-02   0.217752E-01  -0.228107E-01  -0.682308      -0.934574      -0.452219      -0.549804        268.728        134.762        126.220        20.4290        0.00000        0.00000        0.00000       -0.00000        0.00000        0.00000        0.00000        0.00000        0.00000       -0.00000    
    4425.00      -0.800518E-01  -0.637657E-02   0.165978E-01  -0.237239E-01  -0.608255      -0.585098      -0.651389      -0.307095        301.969       -38.6397        114.765       -52.7844        0.00000        0.00000        0.00000       -0.00000        0.00000        0.00000        0.00000        0.00000        0.00000        0.00000    
    4430.00      -0.851236E-01  -0.598199E-02   0.107486E-01  -0.266849E-01  -0.725582      -0.348405      -0.717594      -0.135210E-02    232.022       -198.115        65.5451       -107.004       -0.00000        0.00000        0.00000        0.00000       -0.00000        0.00000       -0.00000        0.00000       -0.00000        0.00000    
    4435.00      -0.900594E-01  -0.532039E-02   0.153174E-02  -0.300495E-01  -0.957683       0.394196E-01  -0.630634       0.282486        87.8580       -279.667       -3.43356       -115.084        0.00000        0.00000       -0.00000        0.00000        0.00000        0.00000       -0.00000        0.00000        0.00000        0.00000    
    4440.00      -0.939624E-01  -0.411483E-02  -0.133395E-01  -0.279867E-01  -0.906183       0.940204      -0.396813       0.531987       -70.1062       -267.020       -59.0844       -84.1915        0.00000        0.00000        0.00000        0.00000        0.00000       -0.00000        0.00000        0.00000        0.00000        0.00000    
    4445.00      -0.991680E-01  -0.337669E-02  -0.243801E-01  -0.105006E-01   0.522279        1.55360      -0.156562       0.551175       -183.378       -169.620       -81.6294       -20.9627        0.00000        0.00000        0.00000        0.00000        0.00000       -0.00000        0.00000        0.00000        0.00000        0.00000    
    4450.00      -0.103421      -0.236622E-02  -0.105361E-01   0.107537E-01    1.47710       0.132245       0.599902E-01   0.629298       -220.261       -25.9791       -74.9007        51.3544        0.00000        0.00000       -0.00000        0.00000        0.00000        0.00000       -0.00000        0.00000       -0.00000        0.00000    
    4455.00      -0.107526      -0.775542E-03   0.609047E-02   0.880887E-02   0.680328      -0.756699       0.372441       0.556531       -201.529        51.2647       -33.1578        32.1978        0.00000       -0.00000        0.00000        0.00000        0.00000       -0.00000        0.00000        0.00000        0.00000        0.00000    
    4460.00      -0.111588       0.113392E-02   0.120366E-01  -0.276003E-02   0.651125E-01  -0.663945       0.682891       0.378023       -176.230        170.362       -56.4288        62.1288        0.00000        0.00000       -0.00000        0.00000        0.00000        0.00000        0.00000        0.00000        0.00000        0.00000    
    4465.00      -0.114054       0.280961E-02  -0.173259E-02  -0.123435E-01  -0.725957E-01  -0.487113       0.811005      -0.563285        69.5342        255.164        134.830        126.638       -3.03757        2.88214       -895.979       -136.079        768.365        22.3033        29.5190       -724.168        13105.2       -867.077    
    4470.00      -0.119005       0.976185E-03   0.152187E-01  -0.696763E-02  -0.284023      -0.290138       0.270602      -0.358002        55.4272        176.643        55.3020        20.0378       0.653760       0.238208        140.981        179.291       -130.386       -192.504        124.452        343.937        786.948        312.457    
    4475.00      -0.123475       0.195084E-02   0.164114E-01  -0.131783E-01  -0.297540      -0.117736       0.810101E-01  -0.419216        116.968        153.007        37.2971        8.87640        1.44289       -3.34920        1041.45       -26.9234       -1256.94       -131.007        2067.95        506.993       -3184.62       -2999.60    
    4480.00      -0.127611       0.417616E-02   0.114867E-01  -0.216954E-01  -0.225128       0.287218E-01  -0.124030      -0.510078        224.829        117.864        90.0917        32.7327      -0.805917       0.200201E-01    134.582        60.9538       -94.7580       -48.4407       -343.960       -96.0727        1430.27        1416.50    
    4485.00      -0.130241       0.143925E-01  -0.376298E-02  -0.516837E-01  -0.589768E-01   0.182957       0.279262       0.194340        297.641       -74.5003        197.768       -99.5176        5.41531       -3.97825        47.0587        454.392       -129.645       -284.840       -852.892       -102.004        9368.71        985.151    
    4490.00      -0.139897       0.820048E-02   0.118212E-01  -0.489871E-01   0.581250E-02   0.221825       0.503949       0.842007       -32.1005       -240.739       -139.040       -220.945        3.77268       -1.12600       -298.449        1319.42        253.645       -1339.68       -1953.98        1493.26        7226.89        963.370    
    4495.00      -0.141504       0.659161E-02  -0.101936E-01  -0.426277E-01   0.206644       0.119448       0.729192       0.134932       -37.4959       -70.5987       -163.536       -2.47116       0.193378       -3.21219        1024.35        688.312       -1118.97       -705.434        488.326        1862.60        4338.95       -8742.56    
    4500.00      -0.145456       0.863403E-02  -0.304768E-01  -0.305832E-01   0.278288      -0.983002E-01   0.838117      -0.317270        25.6232       -50.7058       -75.0670        80.7296      -0.415188       -4.69703        1505.04       -330.668       -1637.39        432.264        1718.28        861.042        6940.22       -14687.9    
    4505.00      -0.145803       0.163498E-01  -0.352288E-01   0.259108E-01   0.121592      -0.101236      -0.184802       -1.27114       -187.785       -143.711       -275.606        54.9312       -12.3174       -20.5129       -817.607       -3112.19        973.936        3390.52        1474.93       -2826.40       -19457.4       -49769.0    
    4510.00      -0.156003       0.112793E-01  -0.403472E-01  -0.666801E-02   0.305663E-01  -0.482812        1.27478      -0.119825        76.4075       -79.8018        139.325        137.682       -7.87543       -9.88118        3779.61       -1635.48       -4455.12        1894.40        4431.31        2382.47       -17358.3       -1468.65    
    4515.00      -0.169789       0.156350E-01  -0.553564E-01   0.308865E-01  -0.262691      -0.328722       0.959226      -0.239998       -212.282       -211.802       -125.238       -6.34129        11.2126       -59.8548        6760.47       -4931.41       -9056.05        4876.00        10497.8        2679.49       -70683.0       -170775.    
    4520.00      -0.173908       0.558996E-02  -0.458080E-01   0.272535E-01  -0.369513      -0.200876      -0.583567      -0.210004       -446.704       -211.747       -336.142       -156.293        81.6697       -51.0786        4985.53       -3755.12       -8284.57        638.475        8541.50        3779.33        355199.       -481007.    
    4525.00      -0.167573       0.136250E-02  -0.179228E-01  -0.871276E-03  -0.447918      -0.207219      -0.290970       0.284058E-01   -414.162       -431.597       -259.421       -508.191        42.1054        15.2441        8443.30        845.017       -9823.61       -4048.32        8104.50        10679.6        357090.        48886.5    
    4530.00      -0.167800       0.631247E-03   0.553222E-02  -0.252925E-01  -0.322152      -0.265378       0.732548        1.42866        527.031       -506.973        793.312       -441.510      -0.708290        20.3667        6680.75        13534.0       -6422.95       -15804.6       -7968.89        19290.9        58731.5        19133.6    
    4535.00      -0.171515       0.321978E-02   0.153684E-01  -0.185278E-01  -0.176390      -0.357729E-01   0.213873        1.46136        301.268       -36.0160        458.695        26.8097       -3.70307        9.66306        7238.40        10772.0       -7043.33       -11637.0       -3594.22        13393.5        63414.4       -23887.6    
    4540.00      -0.176787       0.517799E-02   0.145868E-01  -0.229272E-01  -0.437689E-01   0.548451E-01   0.331504        1.40176        153.918        70.1059        295.142        99.1776       -10.8807        3.70161        20872.6        12441.5       -20072.4       -12221.5        6804.84        23300.5       -18173.7        64079.7    
    4545.00      -0.183005       0.753076E-02   0.625400E-02  -0.342626E-01   0.122796       0.187657E-01   0.694553        1.51775        92.1098        206.869        227.105        210.372        4.56902       -242.193        64290.6        208727.       -68869.9       -191552.       -100565.        217765.      -0.140500E+08  -0.272110E+08
    4550.00      -0.191313       0.120977E-01  -0.245071E-01  -0.519841E-01   0.256989      -0.231324        1.58575        1.78562        129.485        441.967        243.347        429.217        104.812       -12.9508       -23400.3        31212.5        19238.2       -32404.1       -48703.7        5667.72       0.154277E+07    975451.    
    4555.00      -0.206461       0.277120E-01  -0.149070      -0.607013E-01  -0.686635E-01   -1.03850        4.00683        1.68090        481.105        744.409        547.945        727.279        189.547       -89.0068        7489.66        31446.8       -10908.9       -33738.3       -30911.1        31969.0       0.190453E+07    36625.2    
    4560.00      -0.235688       0.526395E-01  -0.425977      -0.400538E-01   -1.76340       -2.49373        5.07961       -2.59473        1156.58        66.8504        1202.48       -58.4078        365.276       -226.196        26976.1        549.751       -25581.2       -2722.05        8300.85        31924.3       0.311855E+07   -980282.    
    4565.00      -0.202578       0.316211E-01  -0.153537       0.751052E-01   -1.32900      -0.507421      -0.371168       -4.77454        354.408       -517.663        277.738       -624.312        42.2347       -136.781       -10224.6       -20573.6        13927.3        23395.3        14767.3       -18411.8        541859.      -0.106177E+07
    4570.00      -0.193576       0.174265E-01   0.166304E-01   0.579012E-01  -0.219532       0.358595       -2.24595       -2.35455       -73.0946       -122.279       -142.806       -27.1927       -63.9852       -6.04680       -24358.6        3808.51        26471.0       -3485.57       -16551.2       -15543.7       -305252.       -181815.    
    4575.00      -0.199690       0.139358E-01   0.329150E-01   0.270034E-02   0.247461      -0.840515E-02   -1.93378       -1.21474       -44.9267        72.2377       -37.7339        167.023       -33.5629        52.4985       -15096.9        21507.1        16578.3       -19072.6       -21326.2        2712.85       -95885.3        85735.0    
    4580.00      -0.204826       0.142249E-01   0.263685E-01  -0.205445E-01   0.284391      -0.323788       -1.82395      -0.664801       -8.02148        143.969        40.1784        215.026        19.4145        80.3025        6428.85        32152.8       -1869.70       -29196.3       -16192.6        21665.6        137632.        36424.8    
    4585.00      -0.209396       0.155627E-01   0.139511E-01  -0.309159E-01   0.134899      -0.547182       -1.81762      -0.310008        21.3487        167.580        105.999        194.137        84.7965        49.8071        32758.5        17630.0       -25565.7       -18698.7        5858.52        31593.6       -8584.86       -270911.    
    4590.00      -0.213668       0.183529E-01  -0.503722E-02  -0.285080E-01  -0.153894      -0.646396       -1.88621      -0.246236        26.6946        144.658        156.842        111.215        98.0195       -9.54514        35198.4       -8896.46       -29945.6        3267.63        23642.9        21243.4       -341126.       -71909.1    
    4595.00      -0.220329       0.224501E-01  -0.384088E-01  -0.254751E-01  -0.492742      -0.688177       -1.57163      -0.503742        57.2739        120.685        240.395        85.5129        75.4997       -37.3848        23841.0       -23671.8       -21400.8        16689.3        27750.7        5980.35       -306017.        215205.    
    4600.00      -0.227384       0.240312E-01  -0.586964E-01  -0.329459E-01  -0.752935      -0.622796       -1.10446      -0.256387        343.502        240.152        448.931        193.940        43.3496       -51.9247        4643.74       -29526.4       -4897.55        22948.1        26207.6       -13049.8       -35285.4        262475.    
    4605.00      -0.233404       0.245011E-01  -0.558927E-01  -0.327140E-01  -0.948561      -0.224929E-01  -0.606492       0.794765E-01    225.018        109.601        78.4722        161.508        8.38145       -48.3069       -7771.09       -25532.1        6758.70        20423.5        16752.1       -23896.5       -50788.2        171475.    
    4610.00      -0.237056       0.263239E-01  -0.497907E-01   0.952444E-02   -1.63469       0.688794      -0.712811      -0.405972        197.247       -253.833        61.5612       -253.035       -27.3247       -42.9251       -20982.2       -27180.2        18640.9        23782.0        10690.9       -33935.5       -210833.        232427.    
    4615.00      -0.244042       0.311087E-01  -0.103059      -0.138627E-01   -1.30882      -0.256448       0.456924      -0.378150        338.635       -68.2716        300.479       -20.1645       -12.5186       -67.5293       -15085.2       -20564.2        9497.50        19215.2       -117.291       -27018.8        251080.       -246106.    
    4620.00      -0.248628       0.329793E-01  -0.760132E-01  -0.173213E-01   -1.03623       0.249673       0.464515      -0.134398        319.666       -10.1839        283.874        94.5305       -17.4309       -48.6928       -20373.4       -10663.9        13662.1        10157.9       -14689.3       -27528.7        369359.       -247785.    
    4625.00      -0.254130       0.364844E-01  -0.151937      -0.306493E-01   -4.26524       -4.91149        2.56403       -1.40863        3295.94       -2007.47        3017.95       -3103.57       -53.3255       -114.277       -69696.3       -123923.        84083.4        127164.        60688.6       -75129.0      -0.433602E+07    303050.    
    4630.00      -0.257442       0.367290E-01  -0.489181E-01  -0.112659E-01  -0.759209       0.430450        1.64909       0.294692        916.673       -268.028        1069.07       -79.8655       -25.4673       -27.2976       -23067.7       -8048.80        19294.9        12412.8       -26721.9       -12462.0       -534744.       -394843.    
    4635.00      -0.260759       0.419019E-01   0.673806E-03  -0.268331E-01   -1.00387        1.32600       0.796750       0.667455        806.724       -30.8007        743.778        238.863       -25.3647       -31.8443       -28116.2        11267.0        24377.0       -885.154       -32315.1       -7100.86       -436484.       -526674.    
    4640.00      -0.266923       0.446587E-01   0.533073E-01   0.658088E-01  -0.782903       -1.45068      -0.593730       -1.21679        1987.06        239.346        1715.19        566.827        6.56006        17.1270       -54535.7        4035.29        49183.7        9450.75       -7893.26       -47280.5        263882.        277085.    
    4645.00      -0.266659       0.465018E-01   0.751964E-01   0.925257E-01   -1.07901      -0.190911       -1.57429       -1.43264        870.805       -493.514        749.369       -347.382        28.0808        32.8655       -27106.1        33992.1        29084.6       -21864.6       -40675.1       -8641.36        66488.6       -158922.    
