    1077.00        0.00000        0.00000        0.00000        0.00000        0.00000       -0.00000        0.00000        0.00000        0.00000        0.00000        0.00000        0.00000        0.00000        0.00000        0.00000        0.00000        0.00000        0.00000        0.00000        0.00000        0.00000        0.00000    
    4155.00        0.00000       -0.00000        0.00000        0.00000        0.00000        0.00000        0.00000        0.00000        0.00000        0.00000        0.00000        0.00000        0.00000        0.00000        0.00000        0.00000        0.00000        0.00000        0.00000        0.00000        0.00000       -0.00000    
    4160.00        0.00000       -0.00000        0.00000        0.00000       -0.00000        0.00000        0.00000        0.00000        0.00000        0.00000        0.00000        0.00000        0.00000        0.00000        0.00000        0.00000        0.00000        0.00000        0.00000        0.00000        0.00000       -0.00000    
    4165.00        0.00000       -0.00000        0.00000        0.00000       -0.00000        0.00000        0.00000        0.00000        0.00000        0.00000        0.00000        0.00000        0.00000        0.00000        0.00000        0.00000        0.00000        0.00000        0.00000        0.00000        0.00000       -0.00000    
    4170.00        0.00000       -0.00000        0.00000        0.00000       -0.00000        0.00000        0.00000        0.00000        0.00000        0.00000        0.00000        0.00000        0.00000        0.00000        0.00000        0.00000        0.00000        0.00000        0.00000        0.00000        0.00000       -0.00000    
    4175.00        0.00000       -0.00000        0.00000        0.00000       -0.00000        0.00000        0.00000        0.00000        0.00000        0.00000        0.00000        0.00000        0.00000        0.00000        0.00000        0.00000        0.00000        0.00000        0.00000        0.00000        0.00000       -0.00000    
    4180.00        0.00000       -0.00000        0.00000        0.00000       -0.00000        0.00000        0.00000        0.00000        0.00000        0.00000        0.00000        0.00000        0.00000        0.00000        0.00000        0.00000        0.00000        0.00000        0.00000        0.00000        0.00000        0.00000    
    4185.00        0.00000       -0.00000        0.00000        0.00000       -0.00000        0.00000        0.00000        0.00000        0.00000        0.00000        0.00000        0.00000        0.00000        0.00000        0.00000        0.00000        0.00000        0.00000        0.00000        0.00000        0.00000        0.00000    
    4190.00        0.00000       -0.00000        0.00000        0.00000        0.00000       -0.00000        0.00000        0.00000        0.00000        0.00000        0.00000        0.00000        0.00000        0.00000        0.00000        0.00000        0.00000        0.00000        0.00000        0.00000        0.00000        0.00000    
    4195.00        0.00000       -0.00000        0.00000        0.00000        0.00000       -0.00000        0.00000        0.00000        0.00000        0.00000        0.00000        0.00000        0.00000        0.00000        0.00000        0.00000        0.00000        0.00000        0.00000        0.00000        0.00000        0.00000    
    4200.00        0.00000       -0.00000        0.00000        0.00000        0.00000        0.00000        0.00000        0.00000        0.00000        0.00000        0.00000        0.00000        0.00000        0.00000        0.00000        0.00000        0.00000        0.00000        0.00000        0.00000        0.00000        0.00000    
    4205.00        0.00000       -0.00000        0.00000        0.00000        0.00000        0.00000        0.00000        0.00000        0.00000        0.00000        0.00000        0.00000        0.00000        0.00000        0.00000        0.00000        0.00000        0.00000        0.00000        0.00000        0.00000        0.00000    
    4210.00        0.00000       -0.00000        0.00000        0.00000       -0.00000        0.00000        0.00000        0.00000        0.00000        0.00000        0.00000        0.00000        0.00000        0.00000        0.00000        0.00000        0.00000        0.00000        0.00000        0.00000        0.00000        0.00000    
    4215.00        0.00000       -0.00000        0.00000        0.00000       -0.00000        0.00000        0.00000        0.00000        0.00000        0.00000        0.00000        0.00000        0.00000        0.00000        0.00000        0.00000        0.00000        0.00000        0.00000        0.00000        0.00000        0.00000    
    4220.00        0.00000       -0.00000        0.00000        0.00000       -0.00000        0.00000        0.00000        0.00000        0.00000        0.00000        0.00000        0.00000        0.00000        0.00000        0.00000        0.00000        0.00000        0.00000        0.00000        0.00000        0.00000        0.00000    
    4225.00        0.00000       -0.00000        0.00000        0.00000       -0.00000        0.00000        0.00000        0.00000        0.00000        0.00000        0.00000        0.00000        0.00000        0.00000        0.00000        0.00000        0.00000        0.00000        0.00000        0.00000        0.00000        0.00000    
    4230.00        0.00000       -0.00000        0.00000        0.00000        0.00000       -0.00000        0.00000        0.00000        0.00000        0.00000        0.00000        0.00000        0.00000        0.00000        0.00000        0.00000        0.00000        0.00000        0.00000        0.00000        0.00000        0.00000    
    4235.00        0.00000       -0.00000        0.00000        0.00000        0.00000       -0.00000        0.00000        0.00000        0.00000        0.00000        0.00000        0.00000        0.00000        0.00000        0.00000        0.00000        0.00000        0.00000        0.00000        0.00000        0.00000        0.00000    
    4240.00        0.00000       -0.00000        0.00000        0.00000        0.00000        0.00000        0.00000        0.00000        0.00000        0.00000        0.00000        0.00000        0.00000        0.00000        0.00000        0.00000        0.00000        0.00000        0.00000        0.00000        0.00000        0.00000    
    4245.00        0.00000       -0.00000        0.00000        0.00000       -0.00000        0.00000        0.00000        0.00000        0.00000        0.00000        0.00000        0.00000        0.00000        0.00000        0.00000        0.00000        0.00000        0.00000        0.00000        0.00000        0.00000        0.00000    
    4250.00        0.00000       -0.00000        0.00000        0.00000       -0.00000        0.00000        0.00000        0.00000        0.00000        0.00000        0.00000        0.00000        0.00000        0.00000        0.00000        0.00000        0.00000        0.00000        0.00000        0.00000        0.00000        0.00000    
    4255.00        0.00000       -0.00000        0.00000        0.00000       -0.00000        0.00000        0.00000        0.00000        0.00000        0.00000        0.00000        0.00000        0.00000        0.00000        0.00000        0.00000        0.00000        0.00000        0.00000        0.00000        0.00000        0.00000    
    4260.00        0.00000       -0.00000        0.00000        0.00000        0.00000       -0.00000        0.00000        0.00000        0.00000        0.00000        0.00000        0.00000        0.00000        0.00000        0.00000        0.00000        0.00000        0.00000        0.00000        0.00000        0.00000        0.00000    
    4265.00        0.00000       -0.00000        0.00000        0.00000        0.00000        0.00000        0.00000        0.00000        0.00000        0.00000        0.00000        0.00000        0.00000        0.00000        0.00000        0.00000        0.00000        0.00000        0.00000        0.00000        0.00000        0.00000    
    4270.00        0.00000       -0.00000        0.00000        0.00000       -0.00000        0.00000        0.00000        0.00000        0.00000        0.00000        0.00000        0.00000        0.00000        0.00000        0.00000        0.00000        0.00000        0.00000        0.00000        0.00000        0.00000        0.00000    
    4275.00        0.00000       -0.00000        0.00000        0.00000       -0.00000        0.00000        0.00000        0.00000        0.00000        0.00000        0.00000        0.00000        0.00000        0.00000        0.00000        0.00000        0.00000        0.00000        0.00000        0.00000        0.00000        0.00000    
    4280.00        0.00000       -0.00000        0.00000        0.00000        0.00000       -0.00000        0.00000        0.00000        0.00000        0.00000        0.00000        0.00000        0.00000        0.00000        0.00000        0.00000        0.00000        0.00000        0.00000        0.00000        0.00000        0.00000    
    4285.00        0.00000       -0.00000        0.00000        0.00000        0.00000        0.00000        0.00000        0.00000        0.00000        0.00000        0.00000        0.00000        0.00000        0.00000        0.00000        0.00000        0.00000        0.00000        0.00000        0.00000        0.00000        0.00000    
    4290.00        0.00000       -0.00000        0.00000        0.00000       -0.00000        0.00000        0.00000        0.00000        0.00000        0.00000        0.00000        0.00000        0.00000        0.00000        0.00000        0.00000        0.00000        0.00000        0.00000        0.00000        0.00000        0.00000    
    4295.00        0.00000       -0.00000        0.00000        0.00000        0.00000        0.00000        0.00000        0.00000        0.00000        0.00000        0.00000        0.00000        0.00000        0.00000        0.00000        0.00000        0.00000        0.00000        0.00000        0.00000       -0.00000        0.00000    
    4300.00        0.00000       -0.00000        0.00000        0.00000       -0.00000        0.00000        0.00000       -0.00000        0.00000       -0.00000        0.00000       -0.00000        0.00000        0.00000        0.00000        0.00000        0.00000        0.00000        0.00000        0.00000        0.00000       -0.00000    
    4305.00        0.00000       -0.00000        0.00000        0.00000       -0.00000        0.00000        0.00000       -0.00000        0.00000       -0.00000        0.00000       -0.00000        0.00000        0.00000        0.00000        0.00000        0.00000        0.00000        0.00000        0.00000        0.00000       -0.00000    
    4310.00        0.00000       -0.00000        0.00000        0.00000       -0.00000        0.00000        0.00000       -0.00000        0.00000       -0.00000        0.00000       -0.00000        0.00000        0.00000        0.00000        0.00000        0.00000        0.00000        0.00000        0.00000        0.00000       -0.00000    
    4315.00        0.00000       -0.00000        0.00000        0.00000       -0.00000        0.00000        0.00000       -0.00000        0.00000       -0.00000        0.00000       -0.00000        0.00000        0.00000        0.00000        0.00000        0.00000        0.00000        0.00000        0.00000        0.00000       -0.00000    
    4320.00        0.00000       -0.00000        0.00000        0.00000        0.00000        0.00000        0.00000       -0.00000        0.00000       -0.00000        0.00000       -0.00000        0.00000        0.00000        0.00000        0.00000        0.00000        0.00000        0.00000        0.00000        0.00000        0.00000    
    4325.00        0.00000       -0.00000        0.00000       -0.00000      -0.166030E-03   0.929359E-03    0.00000       -0.00000        0.00000       -0.00000        0.00000       -0.00000        0.00000        0.00000        0.00000        0.00000        0.00000        0.00000        0.00000        0.00000        0.00000        0.00000    
    4330.00        0.00000       -0.00000        0.00000       -0.00000       0.119276E-02   0.488742E-02    0.00000       -0.00000        0.00000       -0.00000        0.00000       -0.00000        0.00000        0.00000        0.00000        0.00000        0.00000        0.00000        0.00000        0.00000        0.00000        0.00000    
    4335.00        0.00000       -0.00000        0.00000       -0.00000       0.607220E-02   0.843402E-02    0.00000       -0.00000        0.00000       -0.00000        0.00000       -0.00000        0.00000        0.00000        0.00000        0.00000        0.00000        0.00000        0.00000        0.00000        0.00000        0.00000    
    4340.00        0.00000       -0.00000        0.00000       -0.00000       0.119872E-01   0.824070E-02    0.00000       -0.00000        0.00000       -0.00000        0.00000       -0.00000        0.00000        0.00000        0.00000        0.00000        0.00000        0.00000        0.00000        0.00000        0.00000        0.00000    
    4345.00        0.00000       -0.00000        0.00000       -0.00000       0.155533E-01   0.498269E-02    0.00000       -0.00000        0.00000       -0.00000        0.00000       -0.00000        0.00000        0.00000        0.00000        0.00000        0.00000        0.00000        0.00000        0.00000        0.00000        0.00000    
    4350.00        0.00000       -0.00000        0.00000       -0.00000       0.155406E-01   0.136402E-02    0.00000       -0.00000        0.00000       -0.00000        0.00000       -0.00000        0.00000        0.00000        0.00000        0.00000        0.00000        0.00000        0.00000        0.00000        0.00000       -0.00000    
    4355.00        0.00000       -0.00000        0.00000       -0.00000       0.132877E-01  -0.661774E-04    0.00000       -0.00000        0.00000       -0.00000        0.00000       -0.00000        0.00000        0.00000        0.00000        0.00000        0.00000        0.00000        0.00000        0.00000        0.00000       -0.00000    
    4360.00        0.00000       -0.00000        0.00000       -0.00000       0.115391E-01   0.108655E-02    0.00000       -0.00000        0.00000       -0.00000        0.00000       -0.00000        0.00000        0.00000        0.00000        0.00000        0.00000        0.00000        0.00000        0.00000        0.00000       -0.00000    
    4365.00        0.00000       -0.00000        0.00000       -0.00000       0.118423E-01   0.281176E-02    0.00000       -0.00000        0.00000       -0.00000        0.00000       -0.00000        0.00000        0.00000        0.00000        0.00000        0.00000        0.00000        0.00000        0.00000        0.00000        0.00000    
    4370.00        0.00000       -0.00000        0.00000       -0.00000       0.132655E-01   0.316930E-02    0.00000       -0.00000        0.00000       -0.00000        0.00000       -0.00000        0.00000        0.00000        0.00000        0.00000        0.00000        0.00000        0.00000        0.00000        0.00000        0.00000    
    4375.00        0.00000       -0.00000        0.00000       -0.00000       0.140859E-01   0.223534E-02    0.00000       -0.00000        0.00000       -0.00000        0.00000       -0.00000        0.00000        0.00000        0.00000        0.00000        0.00000        0.00000        0.00000        0.00000        0.00000        0.00000    
    4380.00        0.00000       -0.00000        0.00000       -0.00000       0.138658E-01   0.128680E-02    0.00000       -0.00000        0.00000       -0.00000        0.00000       -0.00000        0.00000        0.00000        0.00000        0.00000        0.00000        0.00000        0.00000        0.00000        0.00000        0.00000    
    4385.00        0.00000       -0.00000        0.00000       -0.00000       0.134310E-01   0.944068E-03    0.00000       -0.00000        0.00000       -0.00000        0.00000       -0.00000        0.00000        0.00000        0.00000        0.00000        0.00000        0.00000        0.00000        0.00000        0.00000       -0.00000    
    4390.00        0.00000       -0.00000        0.00000       -0.00000       0.134229E-01   0.666647E-03    0.00000       -0.00000        0.00000       -0.00000        0.00000       -0.00000        0.00000        0.00000        0.00000        0.00000        0.00000        0.00000        0.00000        0.00000        0.00000       -0.00000    
    4395.00        0.00000       -0.00000        0.00000       -0.00000       0.134612E-01  -0.234615E-03    0.00000       -0.00000        0.00000       -0.00000        0.00000       -0.00000        0.00000        0.00000        0.00000        0.00000        0.00000        0.00000        0.00000        0.00000        0.00000        0.00000    
    4400.00        0.00000       -0.00000        0.00000       -0.00000       0.127009E-01  -0.157920E-02    0.00000       -0.00000        0.00000       -0.00000        0.00000       -0.00000        0.00000        0.00000        0.00000        0.00000        0.00000        0.00000        0.00000        0.00000        0.00000        0.00000    
    4405.00        0.00000       -0.00000        0.00000       -0.00000       0.108957E-01  -0.239754E-02    0.00000       -0.00000        0.00000       -0.00000        0.00000       -0.00000        0.00000        0.00000        0.00000        0.00000        0.00000        0.00000        0.00000        0.00000        0.00000        0.00000    
    4410.00        0.00000       -0.00000        0.00000       -0.00000       0.881606E-02  -0.184425E-02    0.00000       -0.00000        0.00000       -0.00000        0.00000       -0.00000        0.00000        0.00000        0.00000        0.00000        0.00000        0.00000        0.00000        0.00000       -0.00000        0.00000    
    4415.00        0.00000       -0.00000        0.00000       -0.00000       0.774366E-02  -0.154223E-04    0.00000       -0.00000        0.00000       -0.00000        0.00000       -0.00000        0.00000        0.00000        0.00000        0.00000        0.00000        0.00000        0.00000        0.00000        0.00000       -0.00000    
    4420.00        0.00000       -0.00000        0.00000       -0.00000       0.853816E-02   0.194921E-02    0.00000       -0.00000        0.00000       -0.00000        0.00000       -0.00000        0.00000        0.00000        0.00000        0.00000        0.00000        0.00000        0.00000        0.00000        0.00000        0.00000    
    4425.00        0.00000       -0.00000        0.00000       -0.00000       0.109422E-01   0.249629E-02    0.00000       -0.00000        0.00000       -0.00000        0.00000       -0.00000        0.00000        0.00000        0.00000        0.00000        0.00000        0.00000        0.00000        0.00000        0.00000        0.00000    
    4430.00        0.00000       -0.00000        0.00000       -0.00000       0.135484E-01   0.614087E-03    0.00000       -0.00000        0.00000       -0.00000        0.00000       -0.00000        0.00000        0.00000        0.00000        0.00000        0.00000        0.00000        0.00000        0.00000        0.00000       -0.00000    
    4435.00        0.00000       -0.00000        0.00000       -0.00000       0.144642E-01  -0.342740E-02    0.00000       -0.00000        0.00000       -0.00000        0.00000       -0.00000        0.00000        0.00000        0.00000        0.00000        0.00000        0.00000        0.00000        0.00000        0.00000        0.00000    
    4440.00        0.00000       -0.00000        0.00000       -0.00000       0.123720E-01  -0.797821E-02    0.00000       -0.00000        0.00000       -0.00000        0.00000       -0.00000        0.00000        0.00000        0.00000        0.00000        0.00000        0.00000        0.00000        0.00000        0.00000       -0.00000    
    4445.00        0.00000       -0.00000        0.00000       -0.00000       0.746128E-02  -0.107179E-01    0.00000       -0.00000        0.00000       -0.00000        0.00000       -0.00000        0.00000        0.00000        0.00000        0.00000        0.00000        0.00000        0.00000        0.00000        0.00000        0.00000    
    4450.00        0.00000       -0.00000        0.00000       -0.00000       0.163849E-02  -0.996292E-02    0.00000       -0.00000        0.00000       -0.00000        0.00000       -0.00000        0.00000        0.00000        0.00000        0.00000        0.00000        0.00000        0.00000        0.00000        0.00000        0.00000    
    4455.00        0.00000       -0.00000        0.00000       -0.00000      -0.237750E-02  -0.588808E-02    0.00000       -0.00000        0.00000       -0.00000        0.00000       -0.00000        0.00000        0.00000        0.00000        0.00000        0.00000        0.00000        0.00000        0.00000        0.00000        0.00000    
    4460.00        0.00000       -0.00000        0.00000       -0.00000      -0.282814E-02  -0.699114E-03    0.00000       -0.00000        0.00000       -0.00000        0.00000       -0.00000        0.00000        0.00000        0.00000        0.00000        0.00000        0.00000        0.00000        0.00000       -0.00000        0.00000    
    4465.00        0.00000       -0.00000        0.00000       -0.00000      -0.833394E-03   0.279788E-02    0.00000       -0.00000        0.00000       -0.00000        0.00000       -0.00000        0.00000       -0.00000        0.00000       -0.00000        0.00000       -0.00000        0.00000       -0.00000      -0.627405      -0.215084    
    4470.00        0.00000       -0.00000        0.00000       -0.00000       0.268826E-02   0.438469E-02    0.00000       -0.00000        0.00000       -0.00000        0.00000       -0.00000        0.00000       -0.00000        0.00000       -0.00000        0.00000       -0.00000        0.00000       -0.00000      -0.860132        2.81578    
    4475.00        0.00000       -0.00000        0.00000       -0.00000       0.130115E-01   0.703533E-02    0.00000       -0.00000        0.00000       -0.00000        0.00000       -0.00000        0.00000       -0.00000        0.00000       -0.00000        0.00000       -0.00000        0.00000       -0.00000       -8.77684       -2.55106    
    4480.00        0.00000       -0.00000        0.00000       -0.00000       0.109223E-01  -0.509769E-02    0.00000       -0.00000        0.00000       -0.00000        0.00000       -0.00000        0.00000       -0.00000        0.00000       -0.00000        0.00000       -0.00000        0.00000       -0.00000        5.87009       -12.1843    
    4485.00        0.00000       -0.00000        0.00000       -0.00000       0.110277E-01  -0.513450E-02    0.00000       -0.00000        0.00000       -0.00000        0.00000       -0.00000        0.00000       -0.00000        0.00000       -0.00000        0.00000       -0.00000        0.00000       -0.00000       -9.11557        20.1311    
    4490.00        0.00000       -0.00000        0.00000       -0.00000       0.122220E-01  -0.111822E-01    0.00000       -0.00000        0.00000       -0.00000        0.00000       -0.00000        0.00000       -0.00000        0.00000       -0.00000        0.00000       -0.00000        0.00000       -0.00000        26.3102       -15.6080    
    4495.00        0.00000       -0.00000        0.00000       -0.00000       0.775918E-02  -0.178892E-01    0.00000       -0.00000        0.00000       -0.00000        0.00000       -0.00000        0.00000       -0.00000        0.00000       -0.00000        0.00000       -0.00000        0.00000       -0.00000       -41.0260       -19.8726    
    4500.00        0.00000       -0.00000        0.00000       -0.00000       0.408011E-05  -0.208418E-01    0.00000       -0.00000        0.00000       -0.00000        0.00000       -0.00000        0.00000       -0.00000        0.00000       -0.00000        0.00000       -0.00000        0.00000       -0.00000       -13.4164        61.7382    
    4505.00        0.00000       -0.00000        0.00000       -0.00000      -0.783821E-02  -0.194682E-01    0.00000       -0.00000        0.00000       -0.00000        0.00000       -0.00000        0.00000       -0.00000        0.00000       -0.00000        0.00000       -0.00000        0.00000       -0.00000        80.2376        11.0039    
    4510.00        0.00000       -0.00000        0.00000       -0.00000      -0.136392E-01  -0.148467E-01    0.00000       -0.00000        0.00000       -0.00000        0.00000       -0.00000        0.00000       -0.00000        0.00000       -0.00000        0.00000       -0.00000        0.00000       -0.00000        19.1415       -102.203    
    4515.00        0.00000       -0.00000        0.00000       -0.00000      -0.163693E-01  -0.859428E-02    0.00000       -0.00000        0.00000       -0.00000        0.00000       -0.00000        0.00000       -0.00000        0.00000       -0.00000        0.00000       -0.00000        0.00000       -0.00000       -123.119       -49.4627    
    4520.00        0.00000       -0.00000        0.00000       -0.00000      -0.158934E-01  -0.233617E-02    0.00000       -0.00000        0.00000       -0.00000        0.00000       -0.00000        0.00000       -0.00000        0.00000       -0.00000        0.00000       -0.00000        0.00000       -0.00000       -104.759        124.654    
    4525.00        0.00000       -0.00000        0.00000       -0.00000      -0.127371E-01   0.258814E-02    0.00000       -0.00000        0.00000       -0.00000        0.00000       -0.00000        0.00000       -0.00000        0.00000       -0.00000        0.00000       -0.00000        0.00000       -0.00000        88.3760        171.026    
    4530.00        0.00000       -0.00000        0.00000       -0.00000      -0.784597E-02   0.528541E-02    0.00000       -0.00000        0.00000       -0.00000        0.00000       -0.00000        0.00000       -0.00000        0.00000       -0.00000        0.00000       -0.00000        0.00000       -0.00000        223.816       -4.94503    
    4535.00        0.00000       -0.00000        0.00000       -0.00000      -0.235245E-02   0.537082E-02    0.00000       -0.00000        0.00000       -0.00000        0.00000       -0.00000        0.00000       -0.00000        0.00000       -0.00000        0.00000       -0.00000        0.00000       -0.00000        123.235       -228.216    
    4540.00        0.00000       -0.00000        0.00000       -0.00000       0.263639E-02   0.294948E-02    0.00000       -0.00000        0.00000       -0.00000        0.00000       -0.00000        0.00000       -0.00000        0.00000       -0.00000        0.00000       -0.00000        0.00000       -0.00000       -141.243       -263.326    
    4545.00        0.00000       -0.00000        0.00000       -0.00000       0.621309E-02  -0.146898E-02    0.00000       -0.00000        0.00000       -0.00000        0.00000       -0.00000        0.00000       -0.00000        0.00000       -0.00000        0.00000       -0.00000        0.00000       -0.00000       -335.984       -51.3590    
    4550.00        0.00000       -0.00000        0.00000       -0.00000       0.778905E-02  -0.710510E-02    0.00000       -0.00000        0.00000       -0.00000        0.00000       -0.00000        0.00000       -0.00000        0.00000       -0.00000        0.00000       -0.00000        0.00000       -0.00000       -284.358        252.517    
    4555.00        0.00000       -0.00000        0.00000       -0.00000       0.714666E-02  -0.130687E-01    0.00000       -0.00000        0.00000       -0.00000        0.00000       -0.00000        0.00000       -0.00000        0.00000       -0.00000        0.00000       -0.00000        0.00000       -0.00000       -1.97478        419.338    
    4560.00        0.00000       -0.00000        0.00000       -0.00000       0.442333E-02  -0.185128E-01    0.00000       -0.00000        0.00000       -0.00000        0.00000       -0.00000        0.00000       -0.00000        0.00000       -0.00000        0.00000       -0.00000        0.00000       -0.00000        329.585        317.876    
    4565.00        0.00000       -0.00000        0.00000       -0.00000       0.399004E-04  -0.227566E-01    0.00000       -0.00000        0.00000       -0.00000        0.00000       -0.00000        0.00000       -0.00000        0.00000       -0.00000        0.00000       -0.00000        0.00000       -0.00000        497.340       -5.17444    
    4570.00        0.00000       -0.00000        0.00000       -0.00000      -0.540398E-02  -0.253589E-01    0.00000       -0.00000        0.00000       -0.00000        0.00000       -0.00000        0.00000       -0.00000        0.00000       -0.00000        0.00000       -0.00000        0.00000       -0.00000        391.736       -369.685    
    4575.00        0.00000       -0.00000        0.00000       -0.00000      -0.112418E-01  -0.261410E-01    0.00000       -0.00000        0.00000       -0.00000        0.00000       -0.00000        0.00000       -0.00000        0.00000       -0.00000        0.00000       -0.00000        0.00000       -0.00000        58.5748       -578.641    
    4580.00        0.00000       -0.00000        0.00000       -0.00000      -0.168380E-01  -0.251655E-01    0.00000       -0.00000        0.00000       -0.00000        0.00000       -0.00000        0.00000       -0.00000        0.00000       -0.00000        0.00000       -0.00000        0.00000       -0.00000       -343.256       -522.758    
    4585.00        0.00000       -0.00000        0.00000       -0.00000      -0.216595E-01  -0.226867E-01    0.00000       -0.00000        0.00000       -0.00000        0.00000       -0.00000        0.00000       -0.00000        0.00000       -0.00000        0.00000       -0.00000        0.00000       -0.00000       -631.314       -220.813    
    4590.00        0.00000       -0.00000        0.00000       -0.00000      -0.253172E-01  -0.190897E-01    0.00000       -0.00000        0.00000       -0.00000        0.00000       -0.00000        0.00000       -0.00000        0.00000       -0.00000        0.00000       -0.00000        0.00000       -0.00000       -680.823        204.842    
    4595.00        0.00000       -0.00000        0.00000       -0.00000      -0.275812E-01  -0.148281E-01    0.00000       -0.00000        0.00000       -0.00000        0.00000       -0.00000        0.00000       -0.00000        0.00000       -0.00000        0.00000       -0.00000        0.00000       -0.00000       -466.919        588.762    
    4600.00        0.00000       -0.00000        0.00000       -0.00000      -0.283766E-01  -0.103712E-01    0.00000       -0.00000        0.00000       -0.00000        0.00000       -0.00000        0.00000       -0.00000        0.00000       -0.00000        0.00000       -0.00000        0.00000       -0.00000       -63.1259        787.790    
    4605.00        0.00000       -0.00000        0.00000       -0.00000      -0.277666E-01  -0.616098E-02    0.00000       -0.00000        0.00000       -0.00000        0.00000       -0.00000        0.00000       -0.00000        0.00000       -0.00000        0.00000       -0.00000        0.00000       -0.00000        393.141        728.598    
    4610.00        0.00000       -0.00000        0.00000       -0.00000      -0.259289E-01  -0.258118E-02    0.00000       -0.00000        0.00000       -0.00000        0.00000       -0.00000        0.00000       -0.00000        0.00000       -0.00000        0.00000       -0.00000        0.00000       -0.00000        751.805        426.988    
    4615.00        0.00000       -0.00000        0.00000       -0.00000      -0.231297E-01   0.645712E-04    0.00000       -0.00000        0.00000       -0.00000        0.00000       -0.00000        0.00000       -0.00000        0.00000       -0.00000        0.00000       -0.00000        0.00000       -0.00000        900.464       -24.6111    
    4620.00        0.00000       -0.00000        0.00000       -0.00000      -0.196955E-01   0.156738E-02    0.00000       -0.00000        0.00000       -0.00000        0.00000       -0.00000        0.00000       -0.00000        0.00000       -0.00000        0.00000       -0.00000        0.00000       -0.00000        796.055       -493.474    
    4625.00        0.00000       -0.00000        0.00000       -0.00000      -0.159868E-01   0.181950E-02    0.00000       -0.00000        0.00000       -0.00000        0.00000       -0.00000        0.00000       -0.00000        0.00000       -0.00000        0.00000       -0.00000        0.00000       -0.00000        470.352       -850.558    
    4630.00        0.00000       -0.00000        0.00000       -0.00000      -0.123692E-01   0.817354E-03    0.00000       -0.00000        0.00000       -0.00000        0.00000       -0.00000        0.00000       -0.00000        0.00000       -0.00000        0.00000       -0.00000        0.00000       -0.00000        11.1663       -1006.79    
    4635.00        0.00000       -0.00000        0.00000       -0.00000      -0.918731E-02  -0.134527E-02    0.00000       -0.00000        0.00000       -0.00000        0.00000       -0.00000        0.00000       -0.00000        0.00000       -0.00000        0.00000       -0.00000        0.00000       -0.00000       -468.398       -929.697    
    4640.00        0.00000       -0.00000        0.00000       -0.00000      -0.674052E-02  -0.448587E-02    0.00000       -0.00000        0.00000       -0.00000        0.00000       -0.00000        0.00000       -0.00000        0.00000       -0.00000        0.00000       -0.00000        0.00000       -0.00000       -860.602       -643.008    
    4645.00        0.00000       -0.00000        0.00000       -0.00000      -0.525846E-02  -0.835335E-02    0.00000       -0.00000        0.00000       -0.00000        0.00000       -0.00000        0.00000       -0.00000        0.00000       -0.00000        0.00000       -0.00000        0.00000       -0.00000       -1085.99       -211.713    
