    1077.00        0.00000       -0.00000        0.00000        0.00000        0.00000       -0.00000        0.00000        0.00000        0.00000       -0.00000       -0.00000        0.00000        0.00000       -0.00000        0.00000       -0.00000        0.00000        0.00000        0.00000        0.00000        0.00000       -0.00000    
    4155.00      -0.111934E-06  -0.199592E-07    0.00000        0.00000        0.00000       -0.00000        0.00000       -0.00000       -0.00000        0.00000       -0.00000        0.00000        0.00000        0.00000       -0.00000        0.00000        0.00000        0.00000        0.00000        0.00000       -0.00000        0.00000    
    4160.00      -0.374332E-04  -0.929276E-05    0.00000        0.00000        0.00000       -0.00000        0.00000       -0.00000        0.00000       -0.00000       -0.00000        0.00000        0.00000        0.00000       -0.00000        0.00000        0.00000        0.00000        0.00000        0.00000       -0.00000        0.00000    
    4165.00      -0.265125E-03  -0.491684E-04    0.00000        0.00000        0.00000       -0.00000        0.00000       -0.00000        0.00000       -0.00000       -0.00000        0.00000        0.00000        0.00000       -0.00000        0.00000        0.00000       -0.00000        0.00000        0.00000       -0.00000        0.00000    
    4170.00      -0.768105E-03  -0.328650E-04    0.00000        0.00000        0.00000       -0.00000        0.00000       -0.00000        0.00000       -0.00000        0.00000       -0.00000        0.00000        0.00000        0.00000        0.00000        0.00000       -0.00000        0.00000        0.00000       -0.00000        0.00000    
    4175.00      -0.141581E-02   0.196107E-03    0.00000        0.00000        0.00000       -0.00000        0.00000       -0.00000        0.00000        0.00000        0.00000       -0.00000        0.00000        0.00000       -0.00000        0.00000        0.00000       -0.00000        0.00000        0.00000       -0.00000        0.00000    
    4180.00      -0.194572E-02   0.647984E-03    0.00000        0.00000        0.00000       -0.00000        0.00000        0.00000        0.00000        0.00000        0.00000        0.00000        0.00000        0.00000       -0.00000        0.00000        0.00000        0.00000       -0.00000        0.00000       -0.00000        0.00000    
    4185.00      -0.219928E-02   0.115909E-02    0.00000        0.00000        0.00000       -0.00000        0.00000        0.00000       -0.00000        0.00000        0.00000        0.00000        0.00000        0.00000       -0.00000        0.00000        0.00000        0.00000       -0.00000        0.00000        0.00000        0.00000    
    4190.00      -0.218188E-02   0.154890E-02    0.00000        0.00000        0.00000       -0.00000        0.00000        0.00000       -0.00000        0.00000       -0.00000        0.00000        0.00000        0.00000        0.00000       -0.00000        0.00000        0.00000       -0.00000        0.00000        0.00000        0.00000    
    4195.00      -0.199924E-02   0.169099E-02    0.00000        0.00000        0.00000       -0.00000        0.00000        0.00000       -0.00000        0.00000       -0.00000        0.00000        0.00000        0.00000        0.00000       -0.00000        0.00000        0.00000       -0.00000        0.00000        0.00000        0.00000    
    4200.00      -0.182296E-02   0.154969E-02   -0.00000        0.00000        0.00000       -0.00000        0.00000        0.00000       -0.00000        0.00000       -0.00000        0.00000        0.00000        0.00000        0.00000       -0.00000        0.00000        0.00000        0.00000       -0.00000        0.00000       -0.00000    
    4205.00      -0.180374E-02   0.121937E-02    0.00000       -0.00000       -0.00000        0.00000        0.00000        0.00000        0.00000       -0.00000       -0.00000        0.00000        0.00000        0.00000        0.00000       -0.00000        0.00000        0.00000        0.00000       -0.00000        0.00000       -0.00000    
    4210.00      -0.196624E-02   0.857298E-03    0.00000       -0.00000        0.00000       -0.00000        0.00000        0.00000        0.00000       -0.00000        0.00000       -0.00000        0.00000        0.00000        0.00000        0.00000       -0.00000        0.00000        0.00000       -0.00000        0.00000       -0.00000    
    4215.00      -0.222326E-02   0.553629E-03    0.00000       -0.00000        0.00000       -0.00000        0.00000        0.00000        0.00000        0.00000        0.00000        0.00000        0.00000        0.00000        0.00000        0.00000        0.00000       -0.00000        0.00000        0.00000        0.00000       -0.00000    
    4220.00      -0.249087E-02   0.288679E-03    0.00000        0.00000        0.00000       -0.00000       -0.00000        0.00000       -0.00000        0.00000        0.00000        0.00000        0.00000        0.00000       -0.00000        0.00000        0.00000        0.00000        0.00000        0.00000        0.00000        0.00000    
    4225.00      -0.276699E-02   0.758490E-05    0.00000        0.00000        0.00000       -0.00000       -0.00000        0.00000       -0.00000        0.00000       -0.00000        0.00000        0.00000        0.00000       -0.00000        0.00000        0.00000        0.00000       -0.00000        0.00000        0.00000        0.00000    
    4230.00      -0.310274E-02  -0.288799E-03    0.00000        0.00000        0.00000       -0.00000       -0.00000        0.00000       -0.00000        0.00000       -0.00000        0.00000        0.00000        0.00000       -0.00000        0.00000        0.00000        0.00000       -0.00000        0.00000        0.00000        0.00000    
    4235.00      -0.351833E-02  -0.529669E-03    0.00000        0.00000        0.00000       -0.00000        0.00000        0.00000        0.00000       -0.00000       -0.00000        0.00000        0.00000        0.00000        0.00000       -0.00000        0.00000        0.00000        0.00000       -0.00000        0.00000        0.00000    
    4240.00      -0.395301E-02  -0.635981E-03    0.00000        0.00000        0.00000       -0.00000        0.00000        0.00000        0.00000        0.00000        0.00000        0.00000        0.00000        0.00000        0.00000        0.00000        0.00000        0.00000        0.00000       -0.00000        0.00000        0.00000    
    4245.00      -0.428727E-02  -0.593505E-03   -0.00000        0.00000        0.00000       -0.00000       -0.00000        0.00000        0.00000        0.00000        0.00000        0.00000        0.00000        0.00000        0.00000        0.00000       -0.00000        0.00000        0.00000        0.00000        0.00000        0.00000    
    4250.00      -0.441174E-02  -0.480306E-03   -0.00000        0.00000        0.00000       -0.00000       -0.00000        0.00000       -0.00000        0.00000       -0.00000        0.00000        0.00000        0.00000        0.00000        0.00000        0.00000       -0.00000        0.00000        0.00000        0.00000        0.00000    
    4255.00      -0.429269E-02  -0.434819E-03   -0.00000        0.00000        0.00000       -0.00000       -0.00000        0.00000        0.00000       -0.00000       -0.00000        0.00000        0.00000        0.00000        0.00000        0.00000        0.00000       -0.00000        0.00000        0.00000        0.00000        0.00000    
    4260.00      -0.399559E-02  -0.587870E-03   -0.00000        0.00000        0.00000       -0.00000       -0.00000        0.00000        0.00000        0.00000        0.00000        0.00000        0.00000        0.00000        0.00000       -0.00000        0.00000        0.00000        0.00000        0.00000        0.00000        0.00000    
    4265.00      -0.365688E-02  -0.998112E-03   -0.00000        0.00000        0.00000       -0.00000       -0.00000        0.00000       -0.00000        0.00000       -0.00000        0.00000        0.00000        0.00000        0.00000        0.00000       -0.00000        0.00000        0.00000        0.00000       -0.00000        0.00000    
    4270.00      -0.342308E-02  -0.162325E-02   -0.00000        0.00000        0.00000       -0.00000       -0.00000        0.00000        0.00000        0.00000        0.00000        0.00000        0.00000        0.00000        0.00000        0.00000        0.00000       -0.00000        0.00000        0.00000       -0.00000        0.00000    
    4275.00      -0.339119E-02  -0.233493E-02    0.00000        0.00000        0.00000       -0.00000        0.00000       -0.00000       -0.00000        0.00000       -0.00000        0.00000        0.00000        0.00000        0.00000        0.00000        0.00000        0.00000        0.00000       -0.00000       -0.00000        0.00000    
    4280.00      -0.357753E-02  -0.295768E-02    0.00000        0.00000        0.00000       -0.00000        0.00000       -0.00000       -0.00000        0.00000       -0.00000        0.00000        0.00000       -0.00000        0.00000        0.00000        0.00000        0.00000       -0.00000        0.00000       -0.00000        0.00000    
    4285.00      -0.391685E-02  -0.329379E-02    0.00000        0.00000        0.00000       -0.00000        0.00000       -0.00000        0.00000       -0.00000        0.00000       -0.00000        0.00000       -0.00000        0.00000        0.00000        0.00000        0.00000       -0.00000        0.00000        0.00000       -0.00000    
    4290.00      -0.424947E-02  -0.307997E-02    0.00000        0.00000        0.00000       -0.00000        0.00000        0.00000       -0.00000        0.00000       -0.00000        0.00000        0.00000       -0.00000        0.00000        0.00000       -0.00000        0.00000        0.00000        0.00000        0.00000       -0.00000    
    4295.00      -0.404215E-02  -0.163678E-02   -0.00000        0.00000        0.00000        0.00000        0.00000       -0.00000        0.00000        0.00000       -0.00000        0.00000        0.00000        0.00000       -0.00000        0.00000       -0.00000        0.00000        0.00000        0.00000        0.00000       -0.00000    
    4300.00      -0.416788E-02   0.169086E-02    0.00000        0.00000        0.00000        0.00000      -0.120763E-01   0.200405E-01   -1.02367      -0.154404      -0.879226       0.485486E-01    0.00000        0.00000        0.00000        0.00000       -0.00000        0.00000        0.00000        0.00000        0.00000        0.00000    
    4305.00       0.203012E-01   0.130715E-01    0.00000       -0.00000        0.00000       -0.00000       0.187745       0.176726E-01   0.485313        3.98102       0.740691        5.19788        0.00000       -0.00000        0.00000        0.00000        0.00000        0.00000       -0.00000        0.00000        0.00000        0.00000    
    4310.00      -0.192558E-01  -0.935973E-02    0.00000       -0.00000       -0.00000        0.00000       0.371754E-01   0.176110      -0.729004E-01   -4.18376       -5.37171       -3.67825        0.00000        0.00000        0.00000        0.00000        0.00000        0.00000        0.00000       -0.00000        0.00000        0.00000    
    4315.00      -0.103678E-01   0.369740E-02   -0.00000        0.00000        0.00000       -0.00000       0.331162      -0.345572        3.38217        1.24155       -10.1433        8.51321        0.00000        0.00000        0.00000        0.00000        0.00000       -0.00000       -0.00000        0.00000        0.00000        0.00000    
    4320.00       0.139783E-01   0.392235E-02    0.00000        0.00000        0.00000       -0.00000      -0.145396       -1.02406        48.3303       -8.76126        85.9657        63.3574        0.00000       -0.00000        0.00000        0.00000       -0.00000        0.00000        0.00000        0.00000        0.00000        0.00000    
    4325.00       0.134274E-01   0.271795E-02   0.931012E-01   0.207561E-01    2.14914        1.16423       0.160247      -0.365586        41.5722        2.02049        111.646        11.7313        0.00000       -0.00000        0.00000        0.00000       -0.00000        0.00000        0.00000        0.00000        0.00000        0.00000    
    4330.00      -0.121515E-02   0.327998E-03  -0.539576E-01   0.339019      -0.540641       0.450240       0.201076       0.110471      -0.371831       -24.3604        22.4429       -55.6231        0.00000       -0.00000        0.00000        0.00000       -0.00000        0.00000        0.00000        0.00000        0.00000        0.00000    
    4335.00       0.570943E-02  -0.843606E-02  -0.172445      -0.174539        3.27151       -3.41915      -0.627275E-02   0.464911E-01   -30.7999       -4.02602       -56.6883       -1.00764        0.00000       -0.00000        0.00000        0.00000        0.00000        0.00000        0.00000       -0.00000        0.00000        0.00000    
    4340.00       0.778576E-02  -0.973975E-02  -0.133460      -0.280758E-01  -0.761935       0.219910E-01  -0.184730E-01  -0.160745E-01   -7.59249        31.0508       -5.92430        59.8860        0.00000       -0.00000        0.00000        0.00000        0.00000       -0.00000       -0.00000        0.00000        0.00000        0.00000    
    4345.00       0.955611E-02  -0.134267E-01  -0.111225      -0.902891E-01  -0.762285      -0.716868      -0.766474E-03  -0.108886        37.3106        19.3696        60.9861        21.9318        0.00000        0.00000        0.00000        0.00000       -0.00000        0.00000       -0.00000        0.00000        0.00000        0.00000    
    4350.00       0.138987E-01  -0.155580E-01  -0.266013E-01  -0.972343E-01   0.576075      -0.195021       0.412136E-01  -0.243106        40.6599       -27.1212        48.9726       -50.5854        0.00000        0.00000        0.00000        0.00000        0.00000       -0.00000        0.00000       -0.00000       -0.00000        0.00000    
    4355.00       0.171738E-01  -0.166677E-01  -0.156867E-01  -0.815818E-01  -0.307327       0.205081E-01   0.129271E-01  -0.383779       -3.28077       -49.1485       -18.9508       -69.1390        0.00000        0.00000        0.00000        0.00000        0.00000       -0.00000        0.00000       -0.00000        0.00000       -0.00000    
    4360.00       0.201257E-01  -0.179927E-01  -0.154910E-01  -0.941527E-01   0.174027      -0.222330      -0.120986      -0.524438       -45.3369       -17.8238       -65.3810       -19.8491        0.00000        0.00000        0.00000        0.00000        0.00000       -0.00000        0.00000       -0.00000        0.00000       -0.00000    
    4365.00       0.230318E-01  -0.194907E-01   0.158063E-01  -0.986171E-01  -0.758788E-01   0.114842      -0.360101      -0.630788       -40.0884        38.0680       -48.0412        42.6724        0.00000        0.00000        0.00000        0.00000        0.00000       -0.00000        0.00000       -0.00000        0.00000       -0.00000    
    4370.00       0.263994E-01  -0.217587E-01   0.301187E-01  -0.428754E-01   0.684433E-01  -0.194633      -0.660993      -0.651977        10.9781        65.9157        10.3898        63.0251        0.00000        0.00000        0.00000        0.00000       -0.00000        0.00000       -0.00000        0.00000        0.00000       -0.00000    
    4375.00       0.319463E-01  -0.245913E-01  -0.232843E-01   0.107130E-01   0.173936       0.550046E-01  -0.979360      -0.537639        66.6503        39.0737        59.6546        30.4203        0.00000        0.00000        0.00000       -0.00000       -0.00000        0.00000       -0.00000        0.00000        0.00000       -0.00000    
    4380.00       0.406482E-01  -0.265484E-01  -0.122207       0.138570E-01   0.396048      -0.677372E-02   -1.28153      -0.290557        82.9828       -25.8007        66.2550       -27.4110        0.00000        0.00000        0.00000       -0.00000       -0.00000        0.00000       -0.00000        0.00000        0.00000        0.00000    
    4385.00       0.533479E-01  -0.264535E-01  -0.206321      -0.826934E-01   0.535928       0.881392       -1.52563       0.400610E-01    43.8970       -87.0696        27.8427       -72.9142       -0.00000        0.00000        0.00000       -0.00000       -0.00000        0.00000       -0.00000        0.00000        0.00000        0.00000    
    4390.00       0.717016E-01  -0.212055E-01  -0.213033      -0.218485      -0.380772        1.30146       -1.68113       0.377719       -33.3830       -106.253       -33.7368       -79.7156        0.00000       -0.00000        0.00000        0.00000        0.00000       -0.00000        0.00000        0.00000       -0.00000        0.00000    
    4395.00       0.940106E-01  -0.321565E-02  -0.171590      -0.398600       -1.46747        1.23079       -1.72744       0.622846       -111.432       -67.0830       -86.9720       -42.5538        0.00000       -0.00000        0.00000        0.00000       -0.00000        0.00000        0.00000        0.00000        0.00000       -0.00000    
    4400.00       0.106562       0.331958E-01   0.411125E-02  -0.734395       -4.14900       0.163904       -1.60423       0.708394       -151.518        19.7817       -105.765        25.5305        0.00000       -0.00000        0.00000        0.00000       -0.00000        0.00000        0.00000        0.00000        0.00000       -0.00000    
    4405.00       0.942902E-01   0.717581E-01    1.65501       -2.04166       -10.8691       -50.3723       -1.27280       0.754579       -129.429        125.131       -78.2805        103.143        0.00000        0.00000        0.00000        0.00000       -0.00000        0.00000        0.00000        0.00000        0.00000       -0.00000    
    4410.00       0.705392E-01   0.973819E-01  -0.404524        1.06249       -9.91131       -10.6113      -0.999273       0.935696       -43.7570        214.787       -8.29168        167.741        0.00000        0.00000        0.00000        0.00000       -0.00000        0.00000        0.00000        0.00000        0.00000        0.00000    
    4415.00       0.356129E-01   0.109937      -0.360724       0.302118      -0.511255       -4.79055      -0.987239       0.996942        84.3916        257.398        89.0789        196.964        0.00000        0.00000        0.00000        0.00000       -0.00000        0.00000        0.00000        0.00000       -0.00000        0.00000    
    4420.00       0.101423E-01   0.101123      -0.289599       0.990915E-01   0.472250       -3.56833      -0.995180        1.05241        229.260        224.156        199.087        166.427       -0.00000        0.00000        0.00000        0.00000        0.00000       -0.00000        0.00000        0.00000        0.00000       -0.00000    
    4425.00      -0.124858E-02   0.963975E-01  -0.308579       0.354123E-01   0.421612       -3.93226       -1.31874        1.51427        387.206        97.6476        325.990        52.8846       -0.00000        0.00000        0.00000        0.00000        0.00000       -0.00000        0.00000        0.00000        0.00000        0.00000    
    4430.00      -0.291022E-01   0.992272E-01  -0.479760      -0.141606       0.769031       -6.74616       -3.31236        1.88306        617.048       -45.4075        537.967       -83.9777        0.00000        0.00000       -0.00000        0.00000        0.00000        0.00000       -0.00000        0.00000       -0.00000        0.00000    
    4435.00      -0.434799E-01   0.652640E-01  -0.406275      -0.355364        1.27916       -9.57104       -3.81931       0.298076        651.001       -150.688        577.130       -183.436        0.00000       -0.00000        0.00000        0.00000        0.00000       -0.00000        0.00000        0.00000        0.00000        0.00000    
    4440.00      -0.266519E-01   0.584207E-01  -0.313342      -0.156787       -3.69570       -9.82399       -1.66475       0.229688E-01    404.129       -251.361        383.113       -238.801        0.00000        0.00000        0.00000        0.00000       -0.00000        0.00000        0.00000        0.00000       -0.00000        0.00000    
    4445.00      -0.414544E-01   0.395275E-01  -0.641115      -0.175618       -17.6075       -6.96128       -3.48046       0.780618        376.742       -573.620        322.625       -558.482       -0.00000        0.00000        0.00000        0.00000       -0.00000        0.00000        0.00000        0.00000        0.00000       -0.00000    
    4450.00      -0.773444E-03   0.154167E-01  -0.301287      -0.237203       -8.21930        2.60841       -2.62116       -1.46650        216.075       -212.732        269.129       -201.301       -0.00000        0.00000        0.00000        0.00000        0.00000       -0.00000       -0.00000        0.00000        0.00000        0.00000    
    4455.00      -0.809863E-01   0.246598E-02  -0.695212       0.220924       -2.75542        8.41826       -5.35801        1.70775        69.3535       -435.361        140.497       -387.187        0.00000        0.00000        0.00000        0.00000        0.00000       -0.00000        0.00000        0.00000        0.00000        0.00000    
    4460.00      -0.495115E-01   0.618257E-01  -0.522400E-01   0.413245        3.22263        4.92277      -0.719112        3.11286       -295.697       -340.183       -212.215       -378.692       -0.00000        0.00000        0.00000       -0.00000        0.00000        0.00000        0.00000        0.00000       -0.00000        0.00000    
    4465.00      -0.299898E-01   0.106312       0.376274       0.392513        4.79943       0.643103        3.74610        3.05837       -487.167        56.0552       -405.519       -82.1196        19.1955        13.2139       -783.187        615.420        686.453       -468.438        770.830       -652.470       -70909.6        77142.8    
    4470.00      -0.635968E-01   0.683720E-01   0.198338       0.374674        3.61441      -0.621243E-01    1.80395        3.56232       -392.797        81.8674       -355.972       -62.2011       -14.7318        8.15055       -439.551       -1313.63        407.159        1159.30       -857.293        1221.74        12001.4        2308.51    
    4475.00      -0.645367E-01   0.192622E-01   0.638918E-02   0.247904        2.55941      -0.318445       -1.18378        2.98129       -257.938        52.8455       -264.967       -55.0574       -14.9271        11.2776       -292.225       -566.269        155.539        471.341        569.238        1190.89        2785.21       -21284.4    
    4480.00      -0.138332E-01   0.227331E-01  -0.608016E-01   0.153171        2.04612      -0.947602       -1.24509        2.92608       -183.326        90.7725       -240.882       0.458918        4.79012       -8.10448       -63.6992        31.2876        101.660       -96.0212        202.596       -263.452        3402.32        2544.30    
    4485.00      -0.138994E-02   0.159582E-01   0.185266E-01   0.125229        1.65443       -2.09441      -0.734430E-01    2.02255       -111.836        267.358       -177.063        201.247       -7.90906       -13.6814        360.855        2.95254       -415.062       -43.2155       -1503.08        141.542        4536.08       -5141.70    
    4490.00      -0.277431E-01   0.294727E-01   0.406900E-01   0.251388       0.125391       -2.32017       0.448757        4.30877       -127.676        63.1027       -267.825        85.2897      -0.726638       -7.35341       -1295.43        925.335        973.856       -1061.02        476.592       -2131.69        7198.80       -1989.96    
    4495.00      -0.444910E-01   0.256122E-01   0.313161       0.195077       -2.65653       -4.22295        2.64102        2.67182        196.603        232.358        36.3238        229.381       -12.1564        4.93491       -1807.30        1128.34        1340.37       -1134.94       -280.896       -1336.02        5479.06       -8169.08    
    4500.00      -0.163676       0.587399E-01    1.28680       0.276572       -9.08811       -7.61835        10.8792        3.09830        648.689        587.685        420.767        505.312       -43.6219        29.5698       -3844.79        1034.66        3093.04       -962.205       -1596.68       -3427.73        11756.8       -13368.1    
    4505.00       0.126916       0.261786      -0.334868       -1.65296       -2.02827        9.81582      -0.664401       -12.5314        303.058       -460.087        278.477       -187.060        12.2232        46.1299       -735.219        2574.96        659.562       -2192.04       -4123.04        4615.19        3952.64       -4848.43    
    4510.00       0.694696E-01   0.106723      -0.349018      -0.586078       0.633926        3.95336       -1.52738       -4.54109        110.401       -151.737        171.300       0.410333       -33.0061        27.7726       -2510.83        960.246        2125.56       -750.634       -272.385        3541.61        17795.1        18401.3    
    4515.00       0.234706E-01   0.916241E-01  -0.215271      -0.479595        1.10860        3.40804      -0.452513       -3.92068        138.550       -164.618        220.938       -38.6743       -78.9948        2.21006       -4795.10       -649.433        4026.12        659.356        524.565        4502.29       -16623.4        72405.5    
    4520.00      -0.126232E-01   0.582199E-01  -0.119435      -0.342152        1.46633        2.41265       0.536316E-01   -2.70869        146.488       -150.366        226.437       -68.8622       -75.9379       -56.2260       -4803.52       -3767.48        4065.58        3090.95       -38.7612        4973.30       -140778.        14569.8    
    4525.00      -0.283768E-01   0.281214E-01  -0.158325      -0.228704        1.96810        1.33227      -0.986350       -1.73870        107.662       -180.101        159.156       -142.500       -51.2884       -76.0661       -2956.78       -5490.99        3006.57        4627.24       -803.172        3807.04       -76953.8       -143221.    
    4530.00      -0.770110E-01   0.518137E-01  -0.259853      -0.525803E-01    2.15918       0.897820       -2.07471        1.36241       0.619829       -342.511       -41.8591       -228.888       -92.8475       -57.3423       -436.833       -9045.54        2410.26        8692.26       -4359.87        339.332        114644.       -195497.    
    4535.00       0.803921E-02   0.608105E-01  -0.373594E-01   0.448724E-01    2.46107       0.496563E-01    1.50166       0.388133       -132.538       -175.929        3.94235       -108.123       -37.8973        12.7497       -5223.09       -11077.5        6997.58        8314.78       -6666.84        5356.17        240611.       -392670.    
    4540.00      -0.620338E-01   0.478599E-01   0.202074      -0.515036E-02    1.52601      -0.830844        3.03228        2.12998       -161.121        7.79028        4.65650       -39.4110       -86.9727        185.522       -18822.0       -14095.6        18990.1        8179.01       -9036.20        12590.7        552733.      -0.154454E+07
    4545.00      -0.693262E-02   0.449978E-01   0.156808       0.105458E-01   0.989051       -1.64840        3.11580       0.301960       -63.9062        63.5379        55.9859       -68.0739       -1428.72        201.689       -6958.16       -175868.        45240.1        146303.       -134754.        28352.7       0.485168E+08   0.946089E+08
    4550.00      -0.127396E-01   0.444125E-01   0.291319       0.274197E-01  -0.394761       -2.00974        4.37205       0.253760        54.3569        124.203        119.549       -74.4601       -61.1580       -345.349        25526.8       -15017.6       -18577.4        19380.6       -18017.7       -19050.9      -0.193137E+07  -0.174284E+07
    4555.00      -0.484748E-01   0.612187E-01   0.542737      -0.122518       -2.56448      -0.639937        7.16504       -1.20633        310.632        18.4378        249.940       -213.954       -135.727       -314.873        4792.14       -19936.0       -324.893        20046.7       -21174.3       -586.157       -937111.       -10066.3    
    4560.00      -0.456823E-02   0.209805      -0.968698E-01   -1.04540        3.21069        4.41237        1.68630       -12.2479       -202.082       -758.396       -330.996       -737.234       -430.405        107.689       -17976.2        12581.9        17046.0       -11876.0        12361.8        20693.3        741689.        319865.    
    4565.00       0.556058E-01   0.775886E-01  -0.212648      -0.742926E-03   0.920642       -2.59022       -1.40830       -1.44772       -258.721        94.6374       -299.960       -25.3651        18.9253        40.2364        11959.2       -1063.79       -8669.06        1976.60       -781.701       -8128.58       -302281.       -541227.    
    4570.00       0.277830E-01   0.484077E-01   0.666286E-02   0.650171E-01   -1.01147       -1.73117       0.569932      -0.349195       -91.5388        107.655       -195.249        14.5535        16.9929       -59.3763        6595.16       -9426.89       -3657.49        8461.01       -7463.50       -3199.35       -637307.       -141684.    
    4575.00       0.200419E-01   0.323221E-01   0.681294E-01   0.565444E-01   -1.47414      -0.801897        1.00664      -0.239435       -61.5659        88.9206       -179.670        50.9810       -16.1542       -91.6643        171.913       -11834.4        1746.10        9811.25       -8454.62        1838.55       -711681.        426359.    
    4580.00       0.233099E-01   0.204844E-01   0.735863E-01   0.477178E-01   -1.51049      -0.160942       0.955753      -0.229811       -60.8870        100.141       -164.063        104.605       -67.4721       -82.4088       -6754.77       -10659.3        7573.09        8119.99       -6638.99        6786.64       -117627.       0.115207E+07
    4585.00       0.339953E-01   0.135237E-01   0.527269E-01   0.457388E-01   -1.49193       0.238273       0.775898      -0.171428       -61.1287        138.927       -129.908        162.723       -96.1966       -22.6244       -10156.7       -5825.76        10568.2        2844.15       -2075.67        8869.32        967200.        819657.    
    4590.00       0.478035E-01   0.151841E-01   0.292313E-01   0.532771E-01   -1.61040       0.509967       0.565700       0.119846       -51.9043        188.001       -78.2013        210.815       -82.2350        12.5056       -8632.43       -2794.36        8843.52       -1381.52        1118.82        6909.79        955373.        78782.8    
    4595.00       0.569516E-01   0.224252E-01   0.160918E-01   0.820553E-01   -1.95257       0.896301       0.186845       0.609849       -6.98176        241.861       -12.7491        247.809       -64.0255      -0.680089       -8606.69       -2005.63        6961.61       -2814.13        1720.89        5199.91        754531.       -213814.    
    4600.00       0.610122E-01   0.280386E-01  -0.607878E-02   0.858715E-01   -2.13518       0.806042      -0.157829       0.580122       -3.45173        305.922       -21.1424        283.498       -37.5291        8.21383       -6743.00       -5371.64        2797.31        612.507       -1572.15        1525.96        636594.        4916.14    
    4605.00       0.610881E-01   0.392235E-01  -0.688181E-01   0.164552       -2.42898        2.32692      -0.765642        1.06437        129.919        267.253        129.653        232.146       -21.5914       -38.8279       -9175.49        2183.27        4851.04       -5274.06        3515.69        5108.99        350464.       -595997.    
    4610.00       0.459130E-01   0.129768E-01  -0.220972      -0.220474       -2.76329       -2.65930       0.206113       -1.78616       -85.6901        360.927        73.2375        311.201        102.999        129.438       -3515.72       -15399.9        2301.03        8565.96       -12926.3        3489.99        969426.        385301.    
    4615.00       0.848662E-01   0.224487E-01   0.238549      -0.831832E-01    3.29997       0.635474        2.55498        1.12490       -10.9363       -49.7525        97.8578        80.0139       -122.440        143.367        14752.1        799.934       -11959.8       -925.198       -3063.07       -12392.7       -547765.        683963.    
    4620.00       0.102688       0.309464E-01   0.413568      -0.177293        5.59248       -2.59851        4.06599        1.13278       -193.783       -49.6502        51.8063        56.7531       -170.105        255.555        22598.1       -14827.5       -16758.3        9820.72       -15312.7       -16058.3        81473.2       0.186566E+07
    4625.00       0.853166E-01   0.685306E-01   0.328994       0.237771        6.57430        1.51816        2.37265        3.56580       -40.3168       -231.221        134.242       -51.8199       -259.373        83.3727        28412.5       -4388.47       -20199.8        3757.59       -7068.06       -19199.2       -686637.       0.205737E+07
    4630.00       0.605449E-01   0.651072E-01   0.235050E-01   0.286013        3.97784        3.17944       0.408643        3.12316        118.026       -241.274        203.479       -95.4507       -167.656       -30.6196        22719.9        2112.65       -16222.7        521.667       -1154.46       -14527.2       -832145.       0.165303E+07
    4635.00       0.565652E-01   0.583217E-01  -0.946976E-01   0.200585        2.10199        3.47107       0.350141E-01    2.40425        158.348       -274.205        188.681       -181.465       -105.106       -40.9198        21840.8        2693.00       -17497.4        1391.47       -1175.61       -15366.3       -727176.       0.173984E+07
    4640.00       0.528587E-01   0.529087E-01  -0.165525       0.208333        4.52779        3.72179      -0.344748        2.39995       -5.68239       -381.099        75.5414       -182.845       -116.046       -70.4198        29257.2       -15299.6       -16716.1        17348.3       -15734.4       -14065.4       0.120588E+07   0.271977E+07
    4645.00       0.523209E-01   0.497234E-01  -0.989360E-01   0.279348        7.40852       -2.50006       0.441601        3.03701       -371.771       -30.3378        47.3214        10.0445       -182.034        6.91313       -11101.8       -45604.8        17419.1        26583.7       -24365.5        20687.2       0.386811E+07  -0.133074E+07
