    1077.00       -0.00000        0.00000        0.00000        0.00000       -0.00000        0.00000        0.00000        0.00000        0.00000        0.00000        0.00000        0.00000        0.00000        0.00000        0.00000       -0.00000        0.00000        0.00000        0.00000        0.00000        0.00000       -0.00000    
    4155.00      -0.127439E-07   0.278700E-07   -0.00000        0.00000        0.00000        0.00000        0.00000        0.00000        0.00000        0.00000        0.00000        0.00000        0.00000        0.00000       -0.00000        0.00000        0.00000        0.00000        0.00000        0.00000        0.00000       -0.00000    
    4160.00      -0.900731E-06   0.381485E-05    0.00000        0.00000        0.00000        0.00000       -0.00000        0.00000        0.00000        0.00000        0.00000        0.00000        0.00000        0.00000       -0.00000        0.00000        0.00000        0.00000        0.00000        0.00000        0.00000       -0.00000    
    4165.00      -0.567507E-05   0.919681E-05    0.00000        0.00000        0.00000        0.00000       -0.00000        0.00000        0.00000        0.00000        0.00000        0.00000        0.00000        0.00000       -0.00000        0.00000        0.00000        0.00000        0.00000        0.00000        0.00000       -0.00000    
    4170.00      -0.219676E-04   0.130082E-04    0.00000        0.00000        0.00000        0.00000        0.00000       -0.00000        0.00000        0.00000        0.00000        0.00000        0.00000        0.00000       -0.00000        0.00000        0.00000        0.00000        0.00000        0.00000        0.00000       -0.00000    
    4175.00      -0.479229E-04   0.241043E-04    0.00000        0.00000       -0.00000        0.00000        0.00000       -0.00000        0.00000        0.00000       -0.00000        0.00000        0.00000        0.00000        0.00000       -0.00000        0.00000        0.00000        0.00000        0.00000        0.00000       -0.00000    
    4180.00      -0.679447E-04   0.495137E-04    0.00000       -0.00000       -0.00000        0.00000        0.00000       -0.00000        0.00000       -0.00000        0.00000       -0.00000        0.00000        0.00000        0.00000       -0.00000        0.00000        0.00000       -0.00000        0.00000        0.00000       -0.00000    
    4185.00      -0.713009E-04   0.752198E-04    0.00000       -0.00000       -0.00000        0.00000        0.00000       -0.00000        0.00000       -0.00000        0.00000        0.00000        0.00000        0.00000        0.00000       -0.00000        0.00000        0.00000       -0.00000        0.00000        0.00000        0.00000    
    4190.00      -0.738406E-04   0.102003E-03    0.00000       -0.00000       -0.00000        0.00000        0.00000       -0.00000        0.00000       -0.00000        0.00000        0.00000        0.00000        0.00000        0.00000        0.00000        0.00000        0.00000       -0.00000        0.00000        0.00000        0.00000    
    4195.00      -0.581611E-04   0.160086E-03    0.00000       -0.00000       -0.00000        0.00000        0.00000       -0.00000        0.00000        0.00000        0.00000        0.00000        0.00000        0.00000        0.00000        0.00000        0.00000        0.00000       -0.00000        0.00000        0.00000        0.00000    
    4200.00       0.332176E-04   0.223457E-03    0.00000       -0.00000       -0.00000        0.00000       -0.00000        0.00000        0.00000        0.00000        0.00000        0.00000       -0.00000        0.00000        0.00000        0.00000        0.00000        0.00000        0.00000       -0.00000        0.00000        0.00000    
    4205.00       0.185606E-03   0.198857E-03    0.00000        0.00000        0.00000        0.00000       -0.00000        0.00000        0.00000        0.00000        0.00000        0.00000       -0.00000        0.00000        0.00000        0.00000       -0.00000        0.00000        0.00000       -0.00000       -0.00000        0.00000    
    4210.00       0.275920E-03   0.584466E-04    0.00000        0.00000        0.00000        0.00000       -0.00000        0.00000        0.00000        0.00000        0.00000        0.00000        0.00000        0.00000        0.00000        0.00000       -0.00000        0.00000        0.00000        0.00000       -0.00000        0.00000    
    4215.00       0.206396E-03  -0.775040E-04    0.00000        0.00000        0.00000        0.00000        0.00000       -0.00000       -0.00000        0.00000       -0.00000        0.00000        0.00000        0.00000       -0.00000        0.00000        0.00000       -0.00000        0.00000        0.00000       -0.00000        0.00000    
    4220.00       0.423138E-04  -0.421608E-04    0.00000        0.00000       -0.00000        0.00000        0.00000       -0.00000        0.00000       -0.00000        0.00000       -0.00000       -0.00000        0.00000        0.00000       -0.00000        0.00000        0.00000       -0.00000        0.00000        0.00000        0.00000    
    4225.00      -0.201768E-04   0.200977E-03    0.00000        0.00000       -0.00000        0.00000        0.00000       -0.00000        0.00000       -0.00000        0.00000        0.00000       -0.00000        0.00000        0.00000       -0.00000        0.00000        0.00000        0.00000       -0.00000        0.00000        0.00000    
    4230.00       0.172369E-03   0.497764E-03    0.00000        0.00000       -0.00000        0.00000        0.00000       -0.00000        0.00000        0.00000        0.00000        0.00000       -0.00000        0.00000        0.00000       -0.00000        0.00000        0.00000        0.00000       -0.00000        0.00000        0.00000    
    4235.00       0.587291E-03   0.617017E-03    0.00000        0.00000       -0.00000        0.00000        0.00000       -0.00000        0.00000        0.00000        0.00000        0.00000       -0.00000        0.00000        0.00000        0.00000        0.00000        0.00000        0.00000        0.00000        0.00000        0.00000    
    4240.00       0.101491E-02   0.428045E-03    0.00000        0.00000        0.00000        0.00000        0.00000        0.00000       -0.00000        0.00000       -0.00000        0.00000       -0.00000        0.00000        0.00000        0.00000       -0.00000        0.00000        0.00000        0.00000        0.00000        0.00000    
    4245.00       0.120652E-02  -0.476801E-06   -0.00000        0.00000        0.00000        0.00000        0.00000        0.00000        0.00000       -0.00000        0.00000       -0.00000       -0.00000        0.00000        0.00000        0.00000        0.00000       -0.00000       -0.00000        0.00000        0.00000        0.00000    
    4250.00       0.103118E-02  -0.436208E-03   -0.00000        0.00000        0.00000        0.00000        0.00000        0.00000        0.00000        0.00000        0.00000        0.00000        0.00000        0.00000       -0.00000        0.00000        0.00000       -0.00000        0.00000       -0.00000        0.00000        0.00000    
    4255.00       0.554855E-03  -0.613533E-03   -0.00000        0.00000       -0.00000        0.00000        0.00000        0.00000        0.00000        0.00000        0.00000        0.00000        0.00000        0.00000       -0.00000        0.00000        0.00000        0.00000        0.00000       -0.00000        0.00000        0.00000    
    4260.00       0.835851E-05  -0.374677E-03    0.00000        0.00000       -0.00000        0.00000       -0.00000        0.00000        0.00000       -0.00000        0.00000       -0.00000        0.00000        0.00000        0.00000        0.00000        0.00000        0.00000        0.00000        0.00000        0.00000        0.00000    
    4265.00      -0.324871E-03   0.252616E-03    0.00000        0.00000        0.00000        0.00000       -0.00000        0.00000        0.00000        0.00000        0.00000        0.00000        0.00000        0.00000        0.00000        0.00000        0.00000        0.00000        0.00000        0.00000        0.00000        0.00000    
    4270.00      -0.234515E-03   0.106869E-02   -0.00000        0.00000        0.00000        0.00000       -0.00000        0.00000       -0.00000        0.00000       -0.00000        0.00000        0.00000        0.00000       -0.00000        0.00000        0.00000        0.00000        0.00000       -0.00000        0.00000        0.00000    
    4275.00       0.335597E-03   0.178211E-02    0.00000        0.00000       -0.00000        0.00000       -0.00000        0.00000        0.00000        0.00000        0.00000        0.00000        0.00000        0.00000        0.00000       -0.00000        0.00000        0.00000        0.00000       -0.00000        0.00000        0.00000    
    4280.00       0.126919E-02   0.210677E-02    0.00000        0.00000       -0.00000        0.00000       -0.00000        0.00000        0.00000       -0.00000        0.00000       -0.00000        0.00000        0.00000       -0.00000        0.00000        0.00000        0.00000        0.00000       -0.00000        0.00000        0.00000    
    4285.00       0.230114E-02   0.184020E-02    0.00000        0.00000        0.00000        0.00000        0.00000        0.00000       -0.00000        0.00000       -0.00000        0.00000        0.00000        0.00000        0.00000        0.00000        0.00000        0.00000        0.00000       -0.00000        0.00000        0.00000    
    4290.00       0.304858E-02   0.922923E-03    0.00000        0.00000        0.00000        0.00000        0.00000        0.00000       -0.00000        0.00000       -0.00000        0.00000        0.00000        0.00000        0.00000        0.00000        0.00000        0.00000       -0.00000        0.00000        0.00000        0.00000    
    4295.00       0.302006E-02  -0.477436E-03    0.00000       -0.00000       -0.00000        0.00000        0.00000       -0.00000       -0.00000        0.00000        0.00000        0.00000        0.00000        0.00000        0.00000        0.00000        0.00000       -0.00000       -0.00000        0.00000       -0.00000        0.00000    
    4300.00       0.147928E-02  -0.194903E-02    0.00000       -0.00000       -0.00000        0.00000       0.256697E-01  -0.496249E-02  -0.532869      -0.330824       -1.21449       0.612331E-01    0.00000        0.00000        0.00000        0.00000        0.00000        0.00000        0.00000       -0.00000        0.00000       -0.00000    
    4305.00      -0.268234E-02  -0.192172E-02    0.00000        0.00000        0.00000        0.00000      -0.166530E-01  -0.101975       -2.19147        2.17019        2.01960        2.57648        0.00000        0.00000        0.00000        0.00000        0.00000        0.00000       -0.00000        0.00000        0.00000       -0.00000    
    4310.00      -0.829259E-02  -0.370915E-02    0.00000        0.00000        0.00000       -0.00000      -0.155322      -0.179860       -1.50909        6.96762       -4.41290       -1.67715        0.00000        0.00000        0.00000        0.00000        0.00000        0.00000       -0.00000        0.00000        0.00000        0.00000    
    4315.00      -0.137360E-01   0.281453E-02    0.00000        0.00000        0.00000        0.00000      -0.243975       0.160642        9.42703       -1.68899        8.88319        15.7488        0.00000        0.00000        0.00000       -0.00000        0.00000        0.00000       -0.00000        0.00000        0.00000        0.00000    
    4320.00      -0.286899E-01   0.197138E-01   -0.00000        0.00000        0.00000       -0.00000       0.113568       0.389137       -7.66905       -14.1558        16.6075       -46.3902        0.00000        0.00000       -0.00000        0.00000        0.00000       -0.00000        0.00000        0.00000        0.00000        0.00000    
    4325.00      -0.404893E-01   0.225086E-01  -0.145064       0.602951E-01    1.10814       0.804562       0.402445       0.204522       -1.49656        15.5941        15.9366       -68.0093        0.00000        0.00000        0.00000        0.00000        0.00000       -0.00000        0.00000        0.00000        0.00000        0.00000    
    4330.00      -0.489689E-01   0.161506E-01  -0.517998E-01   0.150467E-01   -1.24557        2.33589      -0.562655E-01  -0.100314        31.2272      -0.114562      -0.127382       -58.4544        0.00000        0.00000        0.00000        0.00000        0.00000       -0.00000        0.00000        0.00000        0.00000        0.00000    
    4335.00      -0.164055E-01   0.442438E-01   0.107300      -0.435925       -6.54484        9.05352      -0.316652       0.563614        2.34126       -42.7811       -28.2837       -41.4786        0.00000        0.00000        0.00000       -0.00000       -0.00000        0.00000        0.00000        0.00000        0.00000        0.00000    
    4340.00       0.725146E-02   0.327520E-01  -0.211314       0.264657E-01    1.43868        1.36729       0.384232       0.588746       -46.2556      -0.529257       -50.9109        31.6633        0.00000        0.00000       -0.00000        0.00000       -0.00000        0.00000        0.00000        0.00000        0.00000        0.00000    
    4345.00       0.207354E-01   0.114988E-01  -0.300815E-01   0.364620E-01   0.683001E-01   0.677225       0.759745      -0.308775        2.93851        56.8894        37.0438        66.8072        0.00000        0.00000        0.00000        0.00000        0.00000        0.00000        0.00000       -0.00000        0.00000        0.00000    
    4350.00       0.101757E-01  -0.280426E-01  -0.727085E-01  -0.815438E-01  -0.345561       0.494273      -0.345128       -1.12193        74.1269      -0.674874        86.3745       -28.7572        0.00000       -0.00000        0.00000        0.00000        0.00000        0.00000        0.00000       -0.00000        0.00000       -0.00000    
    4355.00      -0.493767E-01  -0.341640E-02  -0.137600       0.178460E-01  -0.344931       0.780205       -1.23141      -0.140970E-02    14.4805       -76.0192        2.33815       -94.4465        0.00000       -0.00000        0.00000        0.00000        0.00000        0.00000        0.00000       -0.00000        0.00000        0.00000    
    4360.00       0.296528E-01   0.442450E-01  -0.765369E-02  -0.840453E-01  -0.249721       0.569411      -0.506918        1.28522       -57.8419       -46.6086       -98.0557        15.6141       -0.00000        0.00000        0.00000        0.00000        0.00000        0.00000       -0.00000        0.00000        0.00000       -0.00000    
    4365.00       0.116576E-01  -0.184275E-01  -0.365942E-01  -0.702857E-01  -0.407142       0.429407       0.660660       0.556146       -79.3477        26.6086       -3.43131        43.8167        0.00000        0.00000        0.00000        0.00000        0.00000       -0.00000        0.00000        0.00000       -0.00000        0.00000    
    4370.00      -0.924043E-02  -0.111398E-01   0.579012E-02  -0.315112E-01   0.112360       0.109286       0.495804      -0.143100       -22.6901        93.4455        15.8122        27.8989        0.00000        0.00000        0.00000       -0.00000        0.00000       -0.00000        0.00000        0.00000       -0.00000        0.00000    
    4375.00      -0.125880E-01  -0.100394E-02   0.328520E-01  -0.158545E-01   0.507326       0.612235       0.103133      -0.314449        74.7071        84.7692        35.8450        13.4001        0.00000        0.00000        0.00000       -0.00000       -0.00000        0.00000        0.00000        0.00000       -0.00000        0.00000    
    4380.00      -0.104174E-01   0.525224E-02   0.459939E-01  -0.157072E-02  -0.111192        1.16020      -0.152978      -0.164032        133.520       -7.22909        45.4648       -21.8789        0.00000        0.00000       -0.00000        0.00000       -0.00000        0.00000        0.00000        0.00000       -0.00000        0.00000    
    4385.00      -0.684932E-02   0.806946E-02   0.387638E-01   0.113516E-01  -0.633294       0.371405      -0.172119       0.750654E-01    97.2791       -123.401        20.3362       -62.6727        0.00000        0.00000        0.00000       -0.00000       -0.00000        0.00000        0.00000        0.00000        0.00000       -0.00000    
    4390.00      -0.351888E-02   0.842462E-02   0.277705E-01   0.122147E-01  -0.216779      -0.629735E-01  -0.663759E-02   0.224440       -25.1690       -180.618       -37.5839       -74.6236        0.00000        0.00000        0.00000        0.00000        0.00000        0.00000        0.00000        0.00000       -0.00000        0.00000    
    4395.00      -0.112380E-02   0.720163E-02   0.244130E-01   0.127337E-01   0.403111E-01  -0.266211       0.217622       0.202791       -165.333       -128.855       -96.9662       -36.6079        0.00000        0.00000        0.00000       -0.00000        0.00000        0.00000        0.00000        0.00000        0.00000        0.00000    
    4400.00       0.918620E-04   0.513216E-02   0.315787E-01   0.205816E-01   0.451680       -1.25372       0.373164       0.268942E-01   -239.159        16.4850       -120.045        40.4868        0.00000        0.00000        0.00000       -0.00000        0.00000        0.00000        0.00000        0.00000        0.00000        0.00000    
    4405.00       0.138745E-03   0.279045E-02   0.910462E-01   0.102127        23.0680       -14.9037       0.380280      -0.220233       -196.852        183.305       -87.4523        117.696        0.00000        0.00000        0.00000       -0.00000        0.00000        0.00000        0.00000        0.00000        0.00000        0.00000    
    4410.00      -0.820409E-03   0.594687E-03  -0.634987E-01   0.677455E-03  -0.856528       -6.17771       0.227499      -0.437793       -46.3480        286.012       -4.68655        152.694        0.00000        0.00000        0.00000       -0.00000        0.00000        0.00000        0.00000        0.00000        0.00000       -0.00000    
    4415.00      -0.254225E-02  -0.117223E-02  -0.276905E-01   0.591732E-02   0.172236       -1.06431      -0.326229E-01  -0.544337        149.708        273.133        95.8898        127.910        0.00000        0.00000        0.00000       -0.00000        0.00000        0.00000        0.00000       -0.00000        0.00000       -0.00000    
    4420.00      -0.476837E-02  -0.235515E-02  -0.163918E-01   0.100001E-01   0.848489E-01  -0.531294      -0.317272      -0.498845        306.753        143.384        170.392        48.8655       -0.00000        0.00000        0.00000       -0.00000       -0.00000        0.00000        0.00000        0.00000        0.00000        0.00000    
    4425.00      -0.724476E-02  -0.290963E-02  -0.938780E-02   0.128095E-01  -0.339022E-02  -0.476769      -0.541246      -0.312692        359.108       -54.6358        186.878       -56.2425       -0.00000        0.00000        0.00000        0.00000       -0.00000        0.00000       -0.00000        0.00000       -0.00000        0.00000    
    4430.00      -0.975570E-02  -0.286627E-02  -0.387529E-02   0.154621E-01  -0.163954      -0.520371      -0.642654      -0.319516E-01    282.197       -249.258        133.004       -151.557        0.00000       -0.00000        0.00000        0.00000        0.00000       -0.00000        0.00000       -0.00000        0.00000        0.00000    
    4435.00      -0.121209E-01  -0.232739E-02   0.130342E-02   0.183063E-01  -0.547568      -0.473652      -0.600094       0.259747        111.663       -366.680        37.4259       -198.652        0.00000       -0.00000        0.00000        0.00000       -0.00000        0.00000        0.00000        0.00000        0.00000        0.00000    
    4440.00      -0.141819E-01  -0.138267E-02   0.962896E-02   0.200164E-01   -1.08848       0.123604      -0.410053       0.483510       -91.8999       -359.057       -66.2657       -169.613        0.00000        0.00000       -0.00000        0.00000        0.00000        0.00000        0.00000       -0.00000        0.00000       -0.00000    
    4445.00      -0.159837E-01  -0.240092E-03   0.229663E-01   0.186362E-01  -0.421091        1.24505      -0.161411       0.609000       -259.166       -254.667       -129.391       -99.0597        0.00000        0.00000       -0.00000        0.00000        0.00000        0.00000       -0.00000        0.00000        0.00000        0.00000    
    4450.00      -0.173656E-01   0.986116E-03   0.285909E-01   0.492906E-02   0.914234       0.793049       0.959100E-01   0.577120       -316.742       -65.0498       -128.887        15.3569        0.00000        0.00000        0.00000        0.00000       -0.00000        0.00000        0.00000        0.00000        0.00000        0.00000    
    4455.00      -0.185134E-01   0.224594E-02   0.269867E-01  -0.696126E-02   0.694244      -0.158063       0.314250       0.486122       -305.110        87.0733       -93.5074        43.0728       -0.00000        0.00000        0.00000        0.00000       -0.00000        0.00000        0.00000       -0.00000        0.00000        0.00000    
    4460.00      -0.193638E-01   0.351877E-02   0.212205E-01  -0.145560E-01   0.247938      -0.313164       0.506118       0.330089       -230.706        243.458       -76.2852        105.897       -0.00000        0.00000        0.00000       -0.00000       -0.00000        0.00000        0.00000        0.00000       -0.00000        0.00000    
    4465.00      -0.197699E-01   0.441735E-02   0.134646E-01  -0.151350E-01   0.390183E-01  -0.350406       0.496853       0.236751E-01   -105.844        259.105       -13.5733        85.9827        2.14665       -1.34998        1352.08       -234.313       -945.726       -88.9145       -653.650       -36.2476       -77082.1        85063.3    
    4470.00      -0.203040E-01   0.511081E-02   0.880895E-02  -0.168774E-01  -0.535118E-01  -0.222171       0.404938      -0.160904        24.1491        209.999        28.9287       -44.0517       0.170302       0.919059E-01    88.8057        373.993       -48.6460       -382.438        750.988       -411.599        10312.7       -3934.13    
    4475.00      -0.207614E-01   0.577821E-02   0.294474E-02  -0.198500E-01  -0.611631E-01  -0.803126E-01   0.383958      -0.304955        164.746        219.472        59.6127        19.6249       0.806080      -0.206061        459.200        735.033       -580.915       -973.834        487.803        1038.22        6146.72        1551.49    
    4480.00      -0.210257E-01   0.628577E-02  -0.708069E-02  -0.193058E-01  -0.169960E-02  -0.935712E-01   0.304188      -0.553650        350.623        160.888        187.437        49.1001      -0.320404      -0.238152        408.009       -472.967       -633.944        547.276        1809.24       -1314.31       -1361.24       -325.069    
    4485.00      -0.220992E-01   0.695145E-02  -0.439081E-02  -0.189305E-01  -0.251494      -0.230511E-01   0.115764      -0.998123        559.285       -468.420        785.923       -1047.33        1.73285        2.76073       -355.600        667.652       -95.8979       -969.985        606.911        5700.94       -1661.09        5924.59    
    4490.00      -0.226417E-01   0.604766E-02  -0.977905E-02  -0.112233E-01  -0.567286E-01   0.693683E-01   0.574056E-01  -0.241263        312.569       -234.396        386.724       -192.825       0.851635        1.27274       -702.471        1330.74        1036.37       -1654.38       -4877.32        4067.69        2382.76       -1844.71    
    4495.00      -0.230351E-01   0.613078E-02  -0.214731E-01  -0.332239E-02   0.178216       0.620921E-01   0.892173E-01  -0.266983        211.894       -148.449        143.211       -10.3386       0.824131       0.197672        247.399        820.230       -274.750       -1047.65       -1085.27        3340.42       -31.8824       -2541.87    
    4500.00      -0.234424E-01   0.596666E-02  -0.276252E-01   0.145788E-01   0.239650      -0.848906E-01   0.626378E-01  -0.445512        268.389       -187.521        306.512        53.3070       0.753088      -0.382029        589.484        369.340       -744.232       -421.149        469.722        2373.81       -98.5576       -2043.84    
    4505.00      -0.239888E-01   0.587369E-02  -0.213404E-01   0.291420E-01   0.225888       0.169188E-01   0.193163      -0.667393        409.215       -68.3720        731.318        517.521       -1.18432      -0.780434       -299.131       -1336.21        473.459        2100.48        2336.76       -2738.88        7315.09       -1671.98    
    4510.00      -0.256963E-01   0.456616E-02   0.319212E-01   0.490970E-01  -0.312294       0.231235      -0.356405       0.422591       -686.783       -13.6640       -1356.06        619.346       -6.38884       -9.05942        3367.45       -5643.00       -5327.43        8454.75        16001.2       -2058.87       -14250.1        18920.4    
    4515.00      -0.356782E-01  -0.127630E-01   0.228943E-01   0.353459        3.83879       -3.95650       -9.08650        2.13198        11.8273       -3695.34       -4045.65       -8247.64        128.782       -113.180        22832.2        73350.3       -64907.5       -100288.       -56220.4        169559.      -0.119527E+07  -0.121284E+07
    4520.00      -0.274174E-01   0.516787E-03   0.350485E-01   0.246543E-01   0.485431      -0.453738E-01  -0.625477       0.442867       -203.585        528.020       -225.532        769.415        1.73863        7.41238       -7924.26        314.853        9387.78       -2590.38       -16595.3       -11009.5        115949.       -153139.    
    4525.00      -0.299298E-01  -0.122794E-03   0.465383E-01   0.145534E-01   0.948302E-01  -0.150250      -0.317553       0.682579       -9.90190        497.648        10.9576        823.273        1.46348        5.26729       -3945.34        2695.98        4910.08       -4294.76       -11963.0       -4223.78        94063.9       -79016.6    
    4530.00      -0.324438E-01  -0.926633E-03   0.551508E-01   0.429614E-02  -0.536910E-01  -0.155367E-02  -0.241207       0.785527        68.2799        314.012        165.199        569.645        5.37159        3.27192       -132.847        5815.76        627.926       -7545.04       -9282.94        4541.83        59704.5       -67630.5    
    4535.00      -0.354394E-01  -0.135253E-02   0.592653E-01  -0.104330E-01  -0.821093E-03   0.140095      -0.130664       0.965857        21.5176        165.409        184.476        284.390        9.88082       -4.42665        6765.13        8389.76       -7102.48       -10603.0       -3129.47        15631.7       -5096.64       -105522.    
    4540.00      -0.372528E-01  -0.503749E-03   0.577932E-01  -0.199330E-01   0.134676       0.197836       0.136437       0.676653        98.7649        81.5372        350.344        53.6268       -5.52559       -14.7069        19394.4        7148.36       -21273.5       -10214.1        12946.8        26103.3       -264136.        132114.    
    4545.00      -0.398594E-01  -0.207577E-02   0.573162E-01  -0.443625E-01   0.375105       0.707634E-01  -0.224403       0.947365        22.1457       -13.0740        326.420       -195.309        29.3127       -65.1595        36003.2        201686.       -24163.6       -235628.       -181139.        262793.      -0.204314E+08  -0.151988E+08
    4550.00      -0.443185E-01  -0.142460E-02   0.295818E-01  -0.609760E-01   0.356424      -0.218533      -0.918048E-01    1.38007        236.810        232.247        711.898        55.1607        34.8531       -7.19400       -35881.1        16475.9        45262.7       -16256.1       -64603.1       -22541.8       0.115394E+07    25833.0    
    4555.00      -0.493732E-01  -0.301695E-03  -0.131205E-01  -0.678248E-01   0.546874E-01  -0.459864       0.763559E-01   0.680071        332.188        991.692        640.745        1399.69        39.8466       -9.24087       -17779.2        2685.11        23940.0       -65.8005       -28199.8       -17449.1        557020.       -26942.3    
    4560.00      -0.534073E-01   0.147628E-02  -0.507578E-01  -0.666249E-01  -0.272120      -0.639629        1.18958      -0.705266E-01    291.293        994.454        211.696        1432.25        29.8111       -23.5226       -5007.33        956.436        7180.99       -593.015       -11037.7       -69.0474        254163.       -216709.    
    4565.00      -0.576748E-01   0.538246E-02  -0.943103E-01  -0.451921E-01  -0.673732      -0.655166        2.07091       -1.13488        653.319        757.371        586.988        1330.75        13.5537       -50.5404       -2497.94       -3697.43        1708.25        2637.13        221.561        4294.94       -34399.2       -364004.    
    4570.00      -0.460735E-01   0.172147E-01  -0.508503E-01   0.124372       -1.12543       0.925741      -0.298645       -4.73488        530.817       -218.543        1157.03        308.299       -109.634       -13.3522       -28325.0        218.338        26895.1        7085.97       -10157.4       -30542.7       -404227.        391346.    
    4575.00      -0.503637E-01  -0.337399E-03   0.186166E-01  -0.281688E-01   0.301397      -0.352055E-01  -0.615876      -0.733268        589.105        602.945        889.768        1012.30        5.94720        44.9103        1210.79        20665.0        1105.31       -20391.6       -20923.0        22641.0        182807.       -110502.    
    4580.00      -0.573474E-01  -0.572913E-03  -0.292989E-01  -0.498522E-01  -0.378417E-01  -0.567047       0.895421      -0.512917        1508.16        515.606        2300.10        1254.52        31.3557        8.33533        16893.8        5972.67       -17682.8       -3002.55        17864.2        30017.2       -222158.       -170965.    
    4585.00      -0.652896E-01   0.325587E-02  -0.104385      -0.231266E-01  -0.982247      -0.628092        3.59172       -2.79516        3237.77       -1324.85        6163.39       -1113.38       -15.6123       -23.2339       -9756.67       -12742.4        21035.1        23408.0        25152.8       -31321.3        3426.90        444816.    
    4590.00      -0.582560E-01   0.918263E-02  -0.145232E-01   0.673620E-01  -0.344853       0.513013       -3.73472       -4.95140       -1654.31       -2276.08       -2250.73       -5408.43        40.9808        36.3449        31281.7        14443.8       -28304.7       -29168.0        7795.16        35173.5       -119958.       -251404.    
    4595.00      -0.620103E-01   0.614773E-02  -0.134304E-01   0.255906E-01  -0.348372       0.591716E-01   -3.20784       -1.51435       -1043.26       -136.262       -2447.74       -999.519        38.9614       -11.2141        17701.7       -19237.6       -20242.4        14017.8        32841.2       -6661.67       -112943.        134302.    
    4600.00      -0.662317E-01   0.803541E-02  -0.295782E-01   0.271346E-01  -0.593159       0.644480E-01   -2.47323       -1.03383       -90.0431        167.430       -663.259        213.070        30.9339       -24.6904        302.037       -23349.0       -2022.30        20926.8        21913.2       -26386.0        88518.7        177202.    
    4605.00      -0.675307E-01   0.149479E-01  -0.488071E-01   0.570735E-01  -0.770764       0.334201       -2.80444       -1.07198       -29.1430       -95.4701       -512.686       -182.279        31.5509       -57.7448       -10494.7       -19257.7        10141.6        19824.1        9013.30       -36154.7        309007.       -24896.7    
    4610.00      -0.644680E-01   0.659161E-01  -0.456811       0.238740       -3.17853       -2.40030        2.52646       -2.58013        266.175        250.581        401.445        95.1313       -58.3711       -318.951        8630.57       -24878.7       -5728.90        34909.2        22435.9       -27730.9       -321124.      -0.150829E+07
    4615.00      -0.818624E-01   0.780920E-03   0.442330E-01  -0.936533E-02  -0.177110E-01    1.12717       -1.67476       -1.36341        276.684       -169.029        308.937       -66.6505        57.2534        11.8446       -19307.2       -11137.4        14199.6        11999.8       -14036.2       -31069.0        516198.        4645.68    
    4620.00      -0.818131E-01  -0.805756E-02   0.156078      -0.225474        5.00315       -2.35827       -4.16162      -0.752119        51.7200       -917.193        137.680       -571.753        141.237       -21.4041       -18826.4        18460.4        13936.6       -8652.24       -34058.1       -11863.2        149263.      -0.120986E+07
    4625.00      -0.824228E-01  -0.879067E-03   0.806798E-01  -0.177234E-01    1.08381        1.46910       -2.32479      -0.596855        116.014       -681.641        340.337       -657.104        61.3746       -24.8424       -24264.8        10435.1        22861.4       -5582.85       -48233.1       -16320.8        30161.9       -641320.    
    4630.00      -0.749587E-01  -0.184556E-01   0.437530      -0.133285        6.23090        4.33166       -7.90465      -0.905119       -571.082       -2331.62       -233.815       -2203.70        228.467        8.18171       -13497.1        69208.4        14602.3       -61949.5       -96794.0        37675.1       -232406.      -0.215021E+07
    4635.00      -0.740602E-01   0.905722E-02   0.148144       0.245579       -2.29441        5.13428      -0.943287       -5.80487        1916.66       -1659.19        2449.19       -1269.09        28.3290        73.1527       -56665.8        47133.0        62876.7       -38483.0       -110238.       -27285.9        331345.       -734246.    
    4640.00      -0.834474E-01   0.138693E-01   0.121697E-01   0.137201       -1.72196        1.81103        2.55089       -4.37949        2318.49       -736.526        2729.51       -174.678       -20.9693        48.6377       -48325.0        43436.4        55236.1       -35610.1       -85385.7       -20277.5        167110.       -312773.    
    4645.00      -0.884271E-01   0.838777E-02   0.587353E-01   0.643270E-03   0.732219       0.711697        2.28694       -2.37161        1609.06       -662.364        2076.47       -73.9733       -8.92117       -10.1570       -14535.4        43485.7        23734.9       -40033.8       -61928.7        16446.2       -223680.        222098.    
