    1077.00        0.00000        0.00000        0.00000        0.00000       -0.00000        0.00000        0.00000        0.00000        0.00000        0.00000        0.00000        0.00000        0.00000        0.00000        0.00000        0.00000        0.00000        0.00000        0.00000        0.00000        0.00000       -0.00000    
    4155.00        0.00000       -0.00000        0.00000        0.00000        0.00000       -0.00000        0.00000        0.00000        0.00000        0.00000        0.00000        0.00000        0.00000        0.00000        0.00000        0.00000        0.00000        0.00000        0.00000        0.00000        0.00000        0.00000    
    4160.00        0.00000       -0.00000        0.00000        0.00000        0.00000       -0.00000        0.00000        0.00000        0.00000        0.00000        0.00000        0.00000        0.00000        0.00000        0.00000        0.00000        0.00000        0.00000        0.00000        0.00000        0.00000        0.00000    
    4165.00        0.00000       -0.00000        0.00000        0.00000        0.00000       -0.00000        0.00000        0.00000        0.00000        0.00000        0.00000        0.00000        0.00000        0.00000        0.00000        0.00000        0.00000        0.00000        0.00000        0.00000        0.00000        0.00000    
    4170.00        0.00000       -0.00000        0.00000        0.00000        0.00000       -0.00000        0.00000        0.00000        0.00000        0.00000        0.00000        0.00000        0.00000        0.00000        0.00000        0.00000        0.00000        0.00000        0.00000        0.00000        0.00000        0.00000    
    4175.00        0.00000       -0.00000        0.00000        0.00000        0.00000        0.00000        0.00000        0.00000        0.00000        0.00000        0.00000        0.00000        0.00000        0.00000        0.00000        0.00000        0.00000        0.00000        0.00000        0.00000        0.00000        0.00000    
    4180.00        0.00000       -0.00000        0.00000        0.00000        0.00000        0.00000        0.00000        0.00000        0.00000        0.00000        0.00000        0.00000        0.00000        0.00000        0.00000        0.00000        0.00000        0.00000        0.00000        0.00000        0.00000        0.00000    
    4185.00        0.00000       -0.00000        0.00000        0.00000        0.00000        0.00000        0.00000        0.00000        0.00000        0.00000        0.00000        0.00000        0.00000        0.00000        0.00000        0.00000        0.00000        0.00000        0.00000        0.00000       -0.00000        0.00000    
    4190.00        0.00000       -0.00000        0.00000        0.00000        0.00000        0.00000        0.00000        0.00000        0.00000        0.00000        0.00000        0.00000        0.00000        0.00000        0.00000        0.00000        0.00000        0.00000        0.00000        0.00000       -0.00000        0.00000    
    4195.00        0.00000       -0.00000        0.00000        0.00000        0.00000        0.00000        0.00000        0.00000        0.00000        0.00000        0.00000        0.00000        0.00000        0.00000        0.00000        0.00000        0.00000        0.00000        0.00000        0.00000       -0.00000        0.00000    
    4200.00        0.00000       -0.00000        0.00000        0.00000       -0.00000        0.00000        0.00000        0.00000        0.00000        0.00000        0.00000        0.00000        0.00000        0.00000        0.00000        0.00000        0.00000        0.00000        0.00000        0.00000        0.00000        0.00000    
    4205.00        0.00000       -0.00000        0.00000        0.00000        0.00000       -0.00000        0.00000        0.00000        0.00000        0.00000        0.00000        0.00000        0.00000        0.00000        0.00000        0.00000        0.00000        0.00000        0.00000        0.00000        0.00000        0.00000    
    4210.00        0.00000       -0.00000        0.00000        0.00000        0.00000       -0.00000        0.00000        0.00000        0.00000        0.00000        0.00000        0.00000        0.00000        0.00000        0.00000        0.00000        0.00000        0.00000        0.00000        0.00000        0.00000        0.00000    
    4215.00        0.00000       -0.00000        0.00000        0.00000        0.00000       -0.00000        0.00000        0.00000        0.00000        0.00000        0.00000        0.00000        0.00000        0.00000        0.00000        0.00000        0.00000        0.00000        0.00000        0.00000        0.00000       -0.00000    
    4220.00        0.00000       -0.00000        0.00000        0.00000        0.00000        0.00000        0.00000        0.00000        0.00000        0.00000        0.00000        0.00000        0.00000        0.00000        0.00000        0.00000        0.00000        0.00000        0.00000        0.00000        0.00000       -0.00000    
    4225.00        0.00000       -0.00000        0.00000        0.00000        0.00000        0.00000        0.00000        0.00000        0.00000        0.00000        0.00000        0.00000        0.00000        0.00000        0.00000        0.00000        0.00000        0.00000        0.00000        0.00000        0.00000       -0.00000    
    4230.00        0.00000       -0.00000        0.00000        0.00000        0.00000        0.00000        0.00000        0.00000        0.00000        0.00000        0.00000        0.00000        0.00000        0.00000        0.00000        0.00000        0.00000        0.00000        0.00000        0.00000       -0.00000        0.00000    
    4235.00        0.00000       -0.00000        0.00000        0.00000        0.00000        0.00000        0.00000        0.00000        0.00000        0.00000        0.00000        0.00000        0.00000        0.00000        0.00000        0.00000        0.00000        0.00000        0.00000        0.00000       -0.00000        0.00000    
    4240.00        0.00000       -0.00000        0.00000        0.00000       -0.00000        0.00000        0.00000        0.00000        0.00000        0.00000        0.00000        0.00000        0.00000        0.00000        0.00000        0.00000        0.00000        0.00000        0.00000        0.00000       -0.00000        0.00000    
    4245.00        0.00000       -0.00000        0.00000        0.00000        0.00000       -0.00000        0.00000        0.00000        0.00000        0.00000        0.00000        0.00000        0.00000        0.00000        0.00000        0.00000        0.00000        0.00000        0.00000        0.00000       -0.00000        0.00000    
    4250.00        0.00000       -0.00000        0.00000        0.00000        0.00000        0.00000        0.00000        0.00000        0.00000        0.00000        0.00000        0.00000        0.00000        0.00000        0.00000        0.00000        0.00000        0.00000        0.00000        0.00000        0.00000        0.00000    
    4255.00        0.00000       -0.00000        0.00000        0.00000        0.00000        0.00000        0.00000        0.00000        0.00000        0.00000        0.00000        0.00000        0.00000        0.00000        0.00000        0.00000        0.00000        0.00000        0.00000        0.00000        0.00000        0.00000    
    4260.00        0.00000       -0.00000        0.00000        0.00000        0.00000        0.00000        0.00000        0.00000        0.00000        0.00000        0.00000        0.00000        0.00000        0.00000        0.00000        0.00000        0.00000        0.00000        0.00000        0.00000        0.00000        0.00000    
    4265.00        0.00000       -0.00000        0.00000        0.00000       -0.00000        0.00000        0.00000        0.00000        0.00000        0.00000        0.00000        0.00000        0.00000        0.00000        0.00000        0.00000        0.00000        0.00000        0.00000        0.00000        0.00000        0.00000    
    4270.00        0.00000       -0.00000        0.00000        0.00000        0.00000       -0.00000        0.00000        0.00000        0.00000        0.00000        0.00000        0.00000        0.00000        0.00000        0.00000        0.00000        0.00000        0.00000        0.00000        0.00000       -0.00000        0.00000    
    4275.00        0.00000       -0.00000        0.00000        0.00000        0.00000        0.00000        0.00000        0.00000        0.00000        0.00000        0.00000        0.00000        0.00000        0.00000        0.00000        0.00000        0.00000        0.00000        0.00000        0.00000       -0.00000        0.00000    
    4280.00        0.00000       -0.00000        0.00000        0.00000        0.00000        0.00000        0.00000        0.00000        0.00000        0.00000        0.00000        0.00000        0.00000        0.00000        0.00000        0.00000        0.00000        0.00000        0.00000        0.00000       -0.00000        0.00000    
    4285.00        0.00000       -0.00000        0.00000        0.00000        0.00000       -0.00000        0.00000        0.00000        0.00000        0.00000        0.00000        0.00000        0.00000        0.00000        0.00000        0.00000        0.00000        0.00000        0.00000        0.00000       -0.00000        0.00000    
    4290.00        0.00000       -0.00000        0.00000        0.00000        0.00000        0.00000        0.00000        0.00000        0.00000        0.00000        0.00000        0.00000        0.00000        0.00000        0.00000        0.00000        0.00000        0.00000        0.00000        0.00000        0.00000       -0.00000    
    4295.00        0.00000       -0.00000        0.00000        0.00000       -0.00000        0.00000        0.00000        0.00000        0.00000        0.00000        0.00000        0.00000        0.00000        0.00000        0.00000        0.00000        0.00000        0.00000        0.00000        0.00000        0.00000        0.00000    
    4300.00        0.00000       -0.00000        0.00000        0.00000        0.00000        0.00000        0.00000       -0.00000        0.00000       -0.00000        0.00000       -0.00000        0.00000        0.00000        0.00000        0.00000        0.00000        0.00000        0.00000        0.00000        0.00000        0.00000    
    4305.00        0.00000       -0.00000        0.00000        0.00000        0.00000        0.00000        0.00000       -0.00000        0.00000       -0.00000        0.00000       -0.00000        0.00000        0.00000        0.00000        0.00000        0.00000        0.00000        0.00000        0.00000        0.00000        0.00000    
    4310.00        0.00000       -0.00000        0.00000        0.00000        0.00000        0.00000        0.00000       -0.00000        0.00000       -0.00000        0.00000       -0.00000        0.00000        0.00000        0.00000        0.00000        0.00000        0.00000        0.00000        0.00000        0.00000        0.00000    
    4315.00        0.00000       -0.00000        0.00000        0.00000        0.00000        0.00000        0.00000       -0.00000        0.00000       -0.00000        0.00000       -0.00000        0.00000        0.00000        0.00000        0.00000        0.00000        0.00000        0.00000        0.00000        0.00000        0.00000    
    4320.00        0.00000       -0.00000        0.00000        0.00000        0.00000        0.00000        0.00000       -0.00000        0.00000       -0.00000        0.00000       -0.00000        0.00000        0.00000        0.00000        0.00000        0.00000        0.00000        0.00000        0.00000        0.00000        0.00000    
    4325.00        0.00000       -0.00000        0.00000       -0.00000      -0.681712E-04   0.802617E-04    0.00000       -0.00000        0.00000       -0.00000        0.00000       -0.00000        0.00000        0.00000        0.00000        0.00000        0.00000        0.00000        0.00000        0.00000        0.00000        0.00000    
    4330.00        0.00000       -0.00000        0.00000       -0.00000      -0.376935E-03   0.102155E-02    0.00000       -0.00000        0.00000       -0.00000        0.00000       -0.00000        0.00000        0.00000        0.00000        0.00000        0.00000        0.00000        0.00000        0.00000       -0.00000        0.00000    
    4335.00        0.00000       -0.00000        0.00000       -0.00000      -0.219850E-04   0.335767E-02    0.00000       -0.00000        0.00000       -0.00000        0.00000       -0.00000        0.00000        0.00000        0.00000        0.00000        0.00000        0.00000        0.00000        0.00000       -0.00000        0.00000    
    4340.00        0.00000       -0.00000        0.00000       -0.00000       0.206881E-02   0.607291E-02    0.00000       -0.00000        0.00000       -0.00000        0.00000       -0.00000        0.00000        0.00000        0.00000        0.00000        0.00000        0.00000        0.00000        0.00000       -0.00000        0.00000    
    4345.00        0.00000       -0.00000        0.00000       -0.00000       0.570021E-02   0.747432E-02    0.00000       -0.00000        0.00000       -0.00000        0.00000       -0.00000        0.00000        0.00000        0.00000        0.00000        0.00000        0.00000        0.00000        0.00000        0.00000       -0.00000    
    4350.00        0.00000       -0.00000        0.00000       -0.00000       0.932593E-02   0.662477E-02    0.00000       -0.00000        0.00000       -0.00000        0.00000       -0.00000        0.00000        0.00000        0.00000        0.00000        0.00000        0.00000        0.00000        0.00000        0.00000        0.00000    
    4355.00        0.00000       -0.00000        0.00000       -0.00000       0.113700E-01   0.428001E-02    0.00000       -0.00000        0.00000       -0.00000        0.00000       -0.00000        0.00000        0.00000        0.00000        0.00000        0.00000        0.00000        0.00000        0.00000        0.00000        0.00000    
    4360.00        0.00000       -0.00000        0.00000       -0.00000       0.115718E-01   0.189866E-02    0.00000       -0.00000        0.00000       -0.00000        0.00000       -0.00000        0.00000        0.00000        0.00000        0.00000        0.00000        0.00000        0.00000        0.00000        0.00000        0.00000    
    4365.00        0.00000       -0.00000        0.00000       -0.00000       0.105598E-01   0.334326E-03    0.00000       -0.00000        0.00000       -0.00000        0.00000       -0.00000        0.00000        0.00000        0.00000        0.00000        0.00000        0.00000        0.00000        0.00000        0.00000        0.00000    
    4370.00        0.00000       -0.00000        0.00000       -0.00000       0.901030E-02  -0.768754E-04    0.00000       -0.00000        0.00000       -0.00000        0.00000       -0.00000        0.00000        0.00000        0.00000        0.00000        0.00000        0.00000        0.00000        0.00000       -0.00000        0.00000    
    4375.00        0.00000       -0.00000        0.00000       -0.00000       0.771944E-02   0.796312E-03    0.00000       -0.00000        0.00000       -0.00000        0.00000       -0.00000        0.00000        0.00000        0.00000        0.00000        0.00000        0.00000        0.00000        0.00000       -0.00000        0.00000    
    4380.00        0.00000       -0.00000        0.00000       -0.00000       0.764230E-02   0.247101E-02    0.00000       -0.00000        0.00000       -0.00000        0.00000       -0.00000        0.00000        0.00000        0.00000        0.00000        0.00000        0.00000        0.00000        0.00000        0.00000       -0.00000    
    4385.00        0.00000       -0.00000        0.00000       -0.00000       0.912509E-02   0.365205E-02    0.00000       -0.00000        0.00000       -0.00000        0.00000       -0.00000        0.00000        0.00000        0.00000        0.00000        0.00000        0.00000        0.00000        0.00000        0.00000        0.00000    
    4390.00        0.00000       -0.00000        0.00000       -0.00000       0.112167E-01   0.310568E-02    0.00000       -0.00000        0.00000       -0.00000        0.00000       -0.00000        0.00000        0.00000        0.00000        0.00000        0.00000        0.00000        0.00000        0.00000        0.00000        0.00000    
    4395.00        0.00000       -0.00000        0.00000       -0.00000       0.121985E-01   0.888486E-03    0.00000       -0.00000        0.00000       -0.00000        0.00000       -0.00000        0.00000        0.00000        0.00000        0.00000        0.00000        0.00000        0.00000        0.00000        0.00000        0.00000    
    4400.00        0.00000       -0.00000        0.00000       -0.00000       0.110483E-01  -0.147180E-02    0.00000       -0.00000        0.00000       -0.00000        0.00000       -0.00000        0.00000        0.00000        0.00000        0.00000        0.00000        0.00000        0.00000        0.00000       -0.00000        0.00000    
    4405.00        0.00000       -0.00000        0.00000       -0.00000       0.841524E-02  -0.216968E-02    0.00000       -0.00000        0.00000       -0.00000        0.00000       -0.00000        0.00000        0.00000        0.00000        0.00000        0.00000        0.00000        0.00000        0.00000       -0.00000        0.00000    
    4410.00        0.00000       -0.00000        0.00000       -0.00000       0.617675E-02  -0.609453E-03    0.00000       -0.00000        0.00000       -0.00000        0.00000       -0.00000        0.00000        0.00000        0.00000        0.00000        0.00000        0.00000        0.00000        0.00000        0.00000        0.00000    
    4415.00        0.00000       -0.00000        0.00000       -0.00000       0.598970E-02   0.208934E-02    0.00000       -0.00000        0.00000       -0.00000        0.00000       -0.00000        0.00000        0.00000        0.00000        0.00000        0.00000        0.00000        0.00000        0.00000        0.00000        0.00000    
    4420.00        0.00000       -0.00000        0.00000       -0.00000       0.803801E-02   0.392770E-02    0.00000       -0.00000        0.00000       -0.00000        0.00000       -0.00000        0.00000        0.00000        0.00000        0.00000        0.00000        0.00000        0.00000        0.00000       -0.00000        0.00000    
    4425.00        0.00000       -0.00000        0.00000       -0.00000       0.109298E-01   0.348923E-02    0.00000       -0.00000        0.00000       -0.00000        0.00000       -0.00000        0.00000        0.00000        0.00000        0.00000        0.00000        0.00000        0.00000        0.00000        0.00000       -0.00000    
    4430.00        0.00000       -0.00000        0.00000       -0.00000       0.127403E-01   0.879950E-03    0.00000       -0.00000        0.00000       -0.00000        0.00000       -0.00000        0.00000        0.00000        0.00000        0.00000        0.00000        0.00000        0.00000        0.00000        0.00000        0.00000    
    4435.00        0.00000       -0.00000        0.00000       -0.00000       0.123020E-01  -0.249262E-02    0.00000       -0.00000        0.00000       -0.00000        0.00000       -0.00000        0.00000        0.00000        0.00000        0.00000        0.00000        0.00000        0.00000        0.00000       -0.00000        0.00000    
    4440.00        0.00000       -0.00000        0.00000       -0.00000       0.977632E-02  -0.494952E-02    0.00000       -0.00000        0.00000       -0.00000        0.00000       -0.00000        0.00000        0.00000        0.00000        0.00000        0.00000        0.00000        0.00000        0.00000        0.00000        0.00000    
    4445.00        0.00000       -0.00000        0.00000       -0.00000       0.628061E-02  -0.548006E-02    0.00000       -0.00000        0.00000       -0.00000        0.00000       -0.00000        0.00000        0.00000        0.00000        0.00000        0.00000        0.00000        0.00000        0.00000        0.00000        0.00000    
    4450.00        0.00000       -0.00000        0.00000       -0.00000       0.311591E-02  -0.399215E-02    0.00000       -0.00000        0.00000       -0.00000        0.00000       -0.00000        0.00000        0.00000        0.00000        0.00000        0.00000        0.00000        0.00000        0.00000       -0.00000        0.00000    
    4455.00        0.00000       -0.00000        0.00000       -0.00000       0.128965E-02  -0.993557E-03    0.00000       -0.00000        0.00000       -0.00000        0.00000       -0.00000        0.00000        0.00000        0.00000        0.00000        0.00000        0.00000        0.00000        0.00000        0.00000       -0.00000    
    4460.00        0.00000       -0.00000        0.00000       -0.00000       0.154721E-02   0.268299E-02    0.00000       -0.00000        0.00000       -0.00000        0.00000       -0.00000        0.00000        0.00000        0.00000        0.00000        0.00000        0.00000        0.00000        0.00000        0.00000        0.00000    
    4465.00        0.00000       -0.00000        0.00000       -0.00000       0.450290E-02   0.576108E-02    0.00000       -0.00000        0.00000       -0.00000        0.00000       -0.00000        0.00000       -0.00000        0.00000       -0.00000        0.00000       -0.00000        0.00000       -0.00000       0.175998       0.351985    
    4470.00        0.00000       -0.00000        0.00000       -0.00000       0.981127E-02   0.458869E-02    0.00000       -0.00000        0.00000       -0.00000        0.00000       -0.00000        0.00000       -0.00000        0.00000       -0.00000        0.00000       -0.00000        0.00000       -0.00000       -4.31550        1.37094    
    4475.00        0.00000       -0.00000        0.00000       -0.00000       0.137078E-01   0.446300E-02    0.00000       -0.00000        0.00000       -0.00000        0.00000       -0.00000        0.00000       -0.00000        0.00000       -0.00000        0.00000       -0.00000        0.00000       -0.00000       -4.64937        5.50010    
    4480.00        0.00000       -0.00000        0.00000       -0.00000       0.134407E-01  -0.239614E-02    0.00000       -0.00000        0.00000       -0.00000        0.00000       -0.00000        0.00000       -0.00000        0.00000       -0.00000        0.00000       -0.00000        0.00000       -0.00000        7.34765       -8.17462    
    4485.00        0.00000       -0.00000        0.00000       -0.00000       0.111728E-01  -0.276397E-02    0.00000       -0.00000        0.00000       -0.00000        0.00000       -0.00000        0.00000       -0.00000        0.00000       -0.00000        0.00000       -0.00000        0.00000       -0.00000       -15.4400        20.5641    
    4490.00        0.00000       -0.00000        0.00000       -0.00000       0.120500E-01  -0.688279E-02    0.00000       -0.00000        0.00000       -0.00000        0.00000       -0.00000        0.00000       -0.00000        0.00000       -0.00000        0.00000       -0.00000        0.00000       -0.00000        28.8593       -15.6754    
    4495.00        0.00000       -0.00000        0.00000       -0.00000       0.794664E-02  -0.110443E-01    0.00000       -0.00000        0.00000       -0.00000        0.00000       -0.00000        0.00000       -0.00000        0.00000       -0.00000        0.00000       -0.00000        0.00000       -0.00000       -40.5939       -19.6204    
    4500.00        0.00000       -0.00000        0.00000       -0.00000       0.217847E-02  -0.117667E-01    0.00000       -0.00000        0.00000       -0.00000        0.00000       -0.00000        0.00000       -0.00000        0.00000       -0.00000        0.00000       -0.00000        0.00000       -0.00000       -12.4705        58.9011    
    4505.00        0.00000       -0.00000        0.00000       -0.00000      -0.282278E-02  -0.943835E-02    0.00000       -0.00000        0.00000       -0.00000        0.00000       -0.00000        0.00000       -0.00000        0.00000       -0.00000        0.00000       -0.00000        0.00000       -0.00000        75.1260        10.1044    
    4510.00        0.00000       -0.00000        0.00000       -0.00000      -0.580657E-02  -0.522426E-02    0.00000       -0.00000        0.00000       -0.00000        0.00000       -0.00000        0.00000       -0.00000        0.00000       -0.00000        0.00000       -0.00000        0.00000       -0.00000        17.7798       -94.7537    
    4515.00        0.00000       -0.00000        0.00000       -0.00000      -0.635520E-02  -0.433504E-03    0.00000       -0.00000        0.00000       -0.00000        0.00000       -0.00000        0.00000       -0.00000        0.00000       -0.00000        0.00000       -0.00000        0.00000       -0.00000       -113.453       -45.9648    
    4520.00        0.00000       -0.00000        0.00000       -0.00000      -0.466755E-02   0.377546E-02    0.00000       -0.00000        0.00000       -0.00000        0.00000       -0.00000        0.00000       -0.00000        0.00000       -0.00000        0.00000       -0.00000        0.00000       -0.00000       -96.9712        114.141    
    4525.00        0.00000       -0.00000        0.00000       -0.00000      -0.135402E-02   0.656026E-02    0.00000       -0.00000        0.00000       -0.00000        0.00000       -0.00000        0.00000       -0.00000        0.00000       -0.00000        0.00000       -0.00000        0.00000       -0.00000        79.9666        157.571    
    4530.00        0.00000       -0.00000        0.00000       -0.00000       0.275987E-02   0.746773E-02    0.00000       -0.00000        0.00000       -0.00000        0.00000       -0.00000        0.00000       -0.00000        0.00000       -0.00000        0.00000       -0.00000        0.00000       -0.00000        205.179       -2.76471    
    4535.00        0.00000       -0.00000        0.00000       -0.00000       0.681012E-02   0.643662E-02    0.00000       -0.00000        0.00000       -0.00000        0.00000       -0.00000        0.00000       -0.00000        0.00000       -0.00000        0.00000       -0.00000        0.00000       -0.00000        114.828       -207.978    
    4540.00        0.00000       -0.00000        0.00000       -0.00000       0.100412E-01   0.374554E-02    0.00000       -0.00000        0.00000       -0.00000        0.00000       -0.00000        0.00000       -0.00000        0.00000       -0.00000        0.00000       -0.00000        0.00000       -0.00000       -127.018       -242.445    
    4545.00        0.00000       -0.00000        0.00000       -0.00000       0.119131E-01  -0.798594E-04    0.00000       -0.00000        0.00000       -0.00000        0.00000       -0.00000        0.00000       -0.00000        0.00000       -0.00000        0.00000       -0.00000        0.00000       -0.00000       -307.384       -50.1356    
    4550.00        0.00000       -0.00000        0.00000       -0.00000       0.121607E-01  -0.438437E-02    0.00000       -0.00000        0.00000       -0.00000        0.00000       -0.00000        0.00000       -0.00000        0.00000       -0.00000        0.00000       -0.00000        0.00000       -0.00000       -263.049        228.875    
    4555.00        0.00000       -0.00000        0.00000       -0.00000       0.107998E-01  -0.850514E-02    0.00000       -0.00000        0.00000       -0.00000        0.00000       -0.00000        0.00000       -0.00000        0.00000       -0.00000        0.00000       -0.00000        0.00000       -0.00000       -5.68554        384.710    
    4560.00        0.00000       -0.00000        0.00000       -0.00000       0.808693E-02  -0.118771E-01    0.00000       -0.00000        0.00000       -0.00000        0.00000       -0.00000        0.00000       -0.00000        0.00000       -0.00000        0.00000       -0.00000        0.00000       -0.00000        299.760        294.829    
    4565.00        0.00000       -0.00000        0.00000       -0.00000       0.444555E-02  -0.141056E-01    0.00000       -0.00000        0.00000       -0.00000        0.00000       -0.00000        0.00000       -0.00000        0.00000       -0.00000        0.00000       -0.00000        0.00000       -0.00000        457.072      -0.505207    
    4570.00        0.00000       -0.00000        0.00000       -0.00000       0.378292E-03  -0.149981E-01    0.00000       -0.00000        0.00000       -0.00000        0.00000       -0.00000        0.00000       -0.00000        0.00000       -0.00000        0.00000       -0.00000        0.00000       -0.00000        363.260       -336.889    
    4575.00        0.00000       -0.00000        0.00000       -0.00000      -0.361591E-02  -0.145585E-01    0.00000       -0.00000        0.00000       -0.00000        0.00000       -0.00000        0.00000       -0.00000        0.00000       -0.00000        0.00000       -0.00000        0.00000       -0.00000        58.2612       -532.271    
    4580.00        0.00000       -0.00000        0.00000       -0.00000      -0.710647E-02  -0.129536E-01    0.00000       -0.00000        0.00000       -0.00000        0.00000       -0.00000        0.00000       -0.00000        0.00000       -0.00000        0.00000       -0.00000        0.00000       -0.00000       -312.585       -484.232    
    4585.00        0.00000       -0.00000        0.00000       -0.00000      -0.977191E-02  -0.104646E-01    0.00000       -0.00000        0.00000       -0.00000        0.00000       -0.00000        0.00000       -0.00000        0.00000       -0.00000        0.00000       -0.00000        0.00000       -0.00000       -581.012       -208.241    
    4590.00        0.00000       -0.00000        0.00000       -0.00000      -0.114174E-01  -0.743555E-02    0.00000       -0.00000        0.00000       -0.00000        0.00000       -0.00000        0.00000       -0.00000        0.00000       -0.00000        0.00000       -0.00000        0.00000       -0.00000       -630.761        184.584    
    4595.00        0.00000       -0.00000        0.00000       -0.00000      -0.119727E-01  -0.422630E-02    0.00000       -0.00000        0.00000       -0.00000        0.00000       -0.00000        0.00000       -0.00000        0.00000       -0.00000        0.00000       -0.00000        0.00000       -0.00000       -436.310        542.117    
    4600.00        0.00000       -0.00000        0.00000       -0.00000      -0.114779E-01  -0.117698E-02    0.00000       -0.00000        0.00000       -0.00000        0.00000       -0.00000        0.00000       -0.00000        0.00000       -0.00000        0.00000       -0.00000        0.00000       -0.00000       -63.5599        730.429    
    4605.00        0.00000       -0.00000        0.00000       -0.00000      -0.100644E-01   0.141844E-02    0.00000       -0.00000        0.00000       -0.00000        0.00000       -0.00000        0.00000       -0.00000        0.00000       -0.00000        0.00000       -0.00000        0.00000       -0.00000        361.104        679.584    
    4610.00        0.00000       -0.00000        0.00000       -0.00000      -0.793034E-02   0.332932E-02    0.00000       -0.00000        0.00000       -0.00000        0.00000       -0.00000        0.00000       -0.00000        0.00000       -0.00000        0.00000       -0.00000        0.00000       -0.00000        697.702        401.865    
    4615.00        0.00000       -0.00000        0.00000       -0.00000      -0.532009E-02   0.439813E-02    0.00000       -0.00000        0.00000       -0.00000        0.00000       -0.00000        0.00000       -0.00000        0.00000       -0.00000        0.00000       -0.00000        0.00000       -0.00000        840.143       -18.1204    
    4620.00        0.00000       -0.00000        0.00000       -0.00000      -0.250156E-02   0.454515E-02    0.00000       -0.00000        0.00000       -0.00000        0.00000       -0.00000        0.00000       -0.00000        0.00000       -0.00000        0.00000       -0.00000        0.00000       -0.00000        746.580       -457.138    
    4625.00        0.00000       -0.00000        0.00000       -0.00000       0.255334E-03   0.376717E-02    0.00000       -0.00000        0.00000       -0.00000        0.00000       -0.00000        0.00000       -0.00000        0.00000       -0.00000        0.00000       -0.00000        0.00000       -0.00000        444.718       -794.084    
    4630.00        0.00000       -0.00000        0.00000       -0.00000       0.269655E-02   0.213505E-02    0.00000       -0.00000        0.00000       -0.00000        0.00000       -0.00000        0.00000       -0.00000        0.00000       -0.00000        0.00000       -0.00000        0.00000       -0.00000        15.5291       -944.416    
    4635.00        0.00000       -0.00000        0.00000       -0.00000       0.460338E-02  -0.216805E-03    0.00000       -0.00000        0.00000       -0.00000        0.00000       -0.00000        0.00000       -0.00000        0.00000       -0.00000        0.00000       -0.00000        0.00000       -0.00000       -435.810       -876.294    
    4640.00        0.00000       -0.00000        0.00000       -0.00000       0.580604E-02  -0.310353E-02    0.00000       -0.00000        0.00000       -0.00000        0.00000       -0.00000        0.00000       -0.00000        0.00000       -0.00000        0.00000       -0.00000        0.00000       -0.00000       -807.588       -609.729    
    4645.00        0.00000       -0.00000        0.00000       -0.00000       0.619612E-02  -0.630331E-02    0.00000       -0.00000        0.00000       -0.00000        0.00000       -0.00000        0.00000       -0.00000        0.00000       -0.00000        0.00000       -0.00000        0.00000       -0.00000       -1024.04       -205.201    
