    1077.00        0.00000        0.00000        0.00000        0.00000        0.00000        0.00000        0.00000        0.00000       -0.00000        0.00000        0.00000        0.00000        0.00000        0.00000        0.00000       -0.00000        0.00000        0.00000        0.00000        0.00000        0.00000       -0.00000    
    4155.00      -0.338067E-08   0.750457E-09    0.00000        0.00000        0.00000        0.00000        0.00000        0.00000        0.00000        0.00000        0.00000        0.00000        0.00000       -0.00000        0.00000        0.00000        0.00000       -0.00000        0.00000       -0.00000        0.00000       -0.00000    
    4160.00      -0.340285E-05   0.864088E-06    0.00000        0.00000        0.00000        0.00000        0.00000        0.00000        0.00000        0.00000        0.00000        0.00000        0.00000       -0.00000        0.00000        0.00000        0.00000       -0.00000        0.00000       -0.00000        0.00000       -0.00000    
    4165.00      -0.298401E-04   0.689875E-05    0.00000        0.00000        0.00000        0.00000       -0.00000        0.00000        0.00000        0.00000        0.00000        0.00000        0.00000       -0.00000        0.00000        0.00000        0.00000       -0.00000        0.00000        0.00000        0.00000        0.00000    
    4170.00      -0.991043E-04   0.172917E-04    0.00000        0.00000        0.00000        0.00000       -0.00000        0.00000        0.00000        0.00000        0.00000        0.00000        0.00000       -0.00000        0.00000        0.00000        0.00000        0.00000        0.00000        0.00000        0.00000        0.00000    
    4175.00      -0.221887E-03   0.347537E-04    0.00000        0.00000        0.00000        0.00000       -0.00000        0.00000        0.00000        0.00000        0.00000        0.00000        0.00000       -0.00000       -0.00000        0.00000        0.00000        0.00000        0.00000        0.00000        0.00000        0.00000    
    4180.00      -0.396160E-03   0.772918E-04    0.00000        0.00000       -0.00000        0.00000        0.00000       -0.00000       -0.00000        0.00000        0.00000       -0.00000        0.00000       -0.00000        0.00000       -0.00000        0.00000        0.00000        0.00000        0.00000        0.00000        0.00000    
    4185.00      -0.597305E-03   0.180038E-03    0.00000        0.00000       -0.00000        0.00000        0.00000       -0.00000        0.00000       -0.00000        0.00000       -0.00000        0.00000       -0.00000        0.00000       -0.00000        0.00000        0.00000       -0.00000        0.00000        0.00000        0.00000    
    4190.00      -0.756436E-03   0.358090E-03    0.00000        0.00000       -0.00000        0.00000        0.00000       -0.00000        0.00000       -0.00000        0.00000       -0.00000        0.00000       -0.00000        0.00000        0.00000       -0.00000        0.00000       -0.00000        0.00000        0.00000       -0.00000    
    4195.00      -0.812815E-03   0.553498E-03    0.00000        0.00000       -0.00000        0.00000        0.00000       -0.00000        0.00000       -0.00000        0.00000        0.00000        0.00000       -0.00000        0.00000        0.00000       -0.00000        0.00000       -0.00000        0.00000        0.00000       -0.00000    
    4200.00      -0.788762E-03   0.687958E-03    0.00000        0.00000       -0.00000        0.00000        0.00000       -0.00000        0.00000        0.00000        0.00000        0.00000        0.00000       -0.00000        0.00000        0.00000       -0.00000        0.00000       -0.00000        0.00000        0.00000        0.00000    
    4205.00      -0.749161E-03   0.750065E-03    0.00000        0.00000        0.00000        0.00000        0.00000       -0.00000        0.00000        0.00000        0.00000        0.00000        0.00000       -0.00000        0.00000        0.00000       -0.00000        0.00000       -0.00000        0.00000        0.00000        0.00000    
    4210.00      -0.714126E-03   0.774664E-03    0.00000       -0.00000        0.00000        0.00000        0.00000       -0.00000        0.00000        0.00000        0.00000        0.00000        0.00000       -0.00000        0.00000        0.00000        0.00000       -0.00000        0.00000       -0.00000        0.00000        0.00000    
    4215.00      -0.662879E-03   0.764211E-03    0.00000       -0.00000        0.00000        0.00000        0.00000        0.00000       -0.00000        0.00000       -0.00000        0.00000        0.00000       -0.00000        0.00000        0.00000        0.00000       -0.00000        0.00000        0.00000        0.00000        0.00000    
    4220.00      -0.604600E-03   0.679959E-03    0.00000       -0.00000        0.00000        0.00000        0.00000        0.00000        0.00000       -0.00000        0.00000       -0.00000        0.00000       -0.00000       -0.00000        0.00000        0.00000        0.00000        0.00000        0.00000       -0.00000        0.00000    
    4225.00      -0.602413E-03   0.507521E-03    0.00000       -0.00000        0.00000        0.00000        0.00000        0.00000        0.00000       -0.00000        0.00000       -0.00000        0.00000       -0.00000        0.00000       -0.00000        0.00000        0.00000        0.00000        0.00000       -0.00000        0.00000    
    4230.00      -0.717974E-03   0.301813E-03    0.00000       -0.00000       -0.00000        0.00000        0.00000        0.00000        0.00000        0.00000        0.00000        0.00000        0.00000       -0.00000        0.00000       -0.00000        0.00000        0.00000       -0.00000        0.00000       -0.00000        0.00000    
    4235.00      -0.946481E-03   0.154937E-03    0.00000       -0.00000        0.00000       -0.00000        0.00000        0.00000        0.00000        0.00000        0.00000        0.00000        0.00000       -0.00000        0.00000        0.00000       -0.00000        0.00000       -0.00000        0.00000       -0.00000        0.00000    
    4240.00      -0.121311E-02   0.124704E-03    0.00000       -0.00000        0.00000        0.00000        0.00000        0.00000        0.00000        0.00000        0.00000        0.00000        0.00000       -0.00000        0.00000        0.00000        0.00000       -0.00000        0.00000       -0.00000       -0.00000        0.00000    
    4245.00      -0.142870E-02   0.194924E-03    0.00000        0.00000        0.00000        0.00000        0.00000        0.00000        0.00000       -0.00000        0.00000       -0.00000       -0.00000        0.00000        0.00000        0.00000        0.00000        0.00000        0.00000       -0.00000       -0.00000        0.00000    
    4250.00      -0.154952E-02   0.296438E-03    0.00000        0.00000        0.00000        0.00000        0.00000        0.00000        0.00000       -0.00000        0.00000       -0.00000       -0.00000        0.00000       -0.00000        0.00000        0.00000        0.00000        0.00000        0.00000       -0.00000        0.00000    
    4255.00      -0.159432E-02   0.361913E-03    0.00000        0.00000        0.00000        0.00000        0.00000        0.00000        0.00000        0.00000        0.00000        0.00000       -0.00000        0.00000       -0.00000        0.00000        0.00000        0.00000        0.00000        0.00000        0.00000       -0.00000    
    4260.00      -0.161493E-02   0.367332E-03    0.00000        0.00000        0.00000        0.00000        0.00000        0.00000       -0.00000        0.00000       -0.00000        0.00000       -0.00000        0.00000        0.00000       -0.00000       -0.00000        0.00000        0.00000        0.00000        0.00000       -0.00000    
    4265.00      -0.165239E-02   0.333885E-03    0.00000        0.00000        0.00000        0.00000        0.00000        0.00000        0.00000       -0.00000        0.00000       -0.00000        0.00000        0.00000        0.00000        0.00000        0.00000       -0.00000       -0.00000        0.00000        0.00000       -0.00000    
    4270.00      -0.171313E-02   0.300115E-03    0.00000        0.00000        0.00000        0.00000        0.00000        0.00000        0.00000        0.00000        0.00000        0.00000        0.00000        0.00000        0.00000        0.00000        0.00000        0.00000        0.00000       -0.00000        0.00000       -0.00000    
    4275.00      -0.177458E-02   0.293206E-03    0.00000       -0.00000        0.00000        0.00000       -0.00000        0.00000        0.00000        0.00000        0.00000        0.00000        0.00000        0.00000        0.00000        0.00000       -0.00000        0.00000        0.00000        0.00000        0.00000       -0.00000    
    4280.00      -0.180512E-02   0.318953E-03   -0.00000        0.00000        0.00000        0.00000       -0.00000        0.00000        0.00000        0.00000        0.00000        0.00000        0.00000        0.00000       -0.00000        0.00000        0.00000        0.00000        0.00000        0.00000        0.00000       -0.00000    
    4285.00      -0.177931E-02   0.370438E-03    0.00000       -0.00000        0.00000        0.00000       -0.00000        0.00000        0.00000        0.00000        0.00000        0.00000        0.00000        0.00000       -0.00000        0.00000        0.00000        0.00000        0.00000        0.00000        0.00000        0.00000    
    4290.00      -0.167852E-02   0.450775E-03   -0.00000        0.00000        0.00000        0.00000        0.00000       -0.00000        0.00000        0.00000        0.00000        0.00000        0.00000        0.00000       -0.00000        0.00000        0.00000        0.00000        0.00000        0.00000        0.00000        0.00000    
    4295.00      -0.144605E-02   0.657841E-03    0.00000        0.00000        0.00000        0.00000        0.00000        0.00000       -0.00000        0.00000        0.00000        0.00000        0.00000        0.00000        0.00000        0.00000        0.00000        0.00000       -0.00000        0.00000        0.00000        0.00000    
    4300.00      -0.136598E-02   0.211758E-02    0.00000        0.00000        0.00000        0.00000      -0.543227E-02  -0.128059E-03  -0.192660      -0.246754      -0.393354      -0.164465        0.00000        0.00000        0.00000        0.00000        0.00000        0.00000       -0.00000        0.00000       -0.00000        0.00000    
    4305.00      -0.255721E-02   0.100654E-02    0.00000        0.00000        0.00000        0.00000      -0.146664E-01   0.170199E-01   -1.50266        1.74350      -0.888257        1.97814       -0.00000        0.00000        0.00000        0.00000        0.00000        0.00000       -0.00000        0.00000       -0.00000        0.00000    
    4310.00      -0.195946E-02   0.295935E-02   -0.00000        0.00000        0.00000        0.00000       0.180520E-01   0.803805E-01    1.93750        3.14627        1.56244        3.52555       -0.00000        0.00000        0.00000        0.00000        0.00000        0.00000        0.00000        0.00000       -0.00000        0.00000    
    4315.00       0.119221E-01  -0.202837E-02    0.00000        0.00000        0.00000        0.00000      -0.240812E-01  -0.426361        14.4629       -6.25483        14.7316       -20.5309        0.00000        0.00000       -0.00000        0.00000       -0.00000        0.00000        0.00000       -0.00000       -0.00000        0.00000    
    4320.00      -0.214636E-02  -0.509613E-02    0.00000       -0.00000        0.00000        0.00000      -0.103413       0.101969       -14.6102        1.33835       -13.2290        11.3857        0.00000        0.00000        0.00000        0.00000        0.00000        0.00000       -0.00000        0.00000       -0.00000        0.00000    
    4325.00      -0.302315E-02  -0.361640E-02  -0.103149E-01  -0.681076E-02  -0.829250      -0.168441E-01   0.387395E-01   0.793762E-01    8.73666        15.2395        13.4349        7.91429        0.00000        0.00000        0.00000        0.00000        0.00000        0.00000        0.00000        0.00000       -0.00000        0.00000    
    4330.00      -0.182106E-02  -0.419141E-02   0.118583      -0.682700E-01    12.3283       -1.36043       0.109110      -0.326824E-01    17.3844       -16.8564       0.951524       -13.3269        0.00000        0.00000        0.00000       -0.00000        0.00000       -0.00000        0.00000        0.00000       -0.00000        0.00000    
    4335.00      -0.111164E-02  -0.326600E-02  -0.117602E-01  -0.525921E-02   0.140511       -4.57620       0.200383E-01  -0.118339       -17.2504       -28.2385       -19.5698       -5.14244        0.00000        0.00000        0.00000       -0.00000        0.00000       -0.00000        0.00000        0.00000        0.00000       -0.00000    
    4340.00      -0.381625E-03  -0.328834E-02  -0.199726E-01   0.626795E-02   -1.11339       0.585158      -0.479359E-01  -0.166975       -23.1702        10.6202       -6.40807        19.7200        0.00000        0.00000        0.00000       -0.00000       -0.00000        0.00000        0.00000        0.00000        0.00000       -0.00000    
    4345.00       0.931813E-04  -0.407000E-02  -0.592433E-01   0.149275E-01  -0.583911      -0.880461      -0.108330      -0.114272        17.8499        25.9971        22.8707        7.19927        0.00000        0.00000        0.00000       -0.00000       -0.00000        0.00000        0.00000       -0.00000        0.00000       -0.00000    
    4350.00       0.528803E-03  -0.513962E-02  -0.672199E-01   0.133188E-01   0.708484      -0.934237      -0.119404      -0.456875E-01    42.0207       -12.5803        19.0160       -25.8703        0.00000        0.00000       -0.00000        0.00000        0.00000       -0.00000        0.00000        0.00000        0.00000        0.00000    
    4355.00       0.735717E-03  -0.624891E-02  -0.736608E-01  -0.247903E-02   0.831438      -0.306852      -0.861773E-01  -0.142887E-01    9.82354       -51.2140       -16.9240       -33.9586        0.00000        0.00000       -0.00000        0.00000        0.00000        0.00000        0.00000        0.00000       -0.00000        0.00000    
    4360.00       0.609806E-03  -0.719404E-02  -0.615970E-01  -0.257146E-01   0.456199       0.174062      -0.713252E-01  -0.500559E-01   -46.1349       -36.3060       -43.7439      -0.717423       -0.00000        0.00000       -0.00000        0.00000        0.00000        0.00000        0.00000        0.00000        0.00000       -0.00000    
    4365.00       0.245374E-04  -0.778885E-02  -0.408010E-01  -0.364215E-01   0.201546       0.595212E-01  -0.149998      -0.128741       -66.4179        29.4938       -28.9559        47.2220       -0.00000        0.00000       -0.00000        0.00000        0.00000        0.00000        0.00000        0.00000        0.00000        0.00000    
    4370.00      -0.120780E-02  -0.789540E-02  -0.168398E-01  -0.178532E-01   0.215236       0.137155      -0.367045      -0.184603       -21.4239        98.0014        24.5954        71.8621        0.00000       -0.00000       -0.00000        0.00000        0.00000        0.00000        0.00000       -0.00000        0.00000        0.00000    
    4375.00      -0.339997E-02  -0.754228E-02  -0.233334E-01   0.363800E-01   0.835671E-01   0.324262      -0.718915      -0.146769        72.0233        119.826        91.7371        52.7894        0.00000       -0.00000       -0.00000        0.00000        0.00000        0.00000        0.00000       -0.00000        0.00000        0.00000    
    4380.00      -0.683704E-02  -0.717474E-02  -0.114546       0.841973E-01  -0.874087       0.512556       -1.15206       0.209550E-01    170.135        75.5888        146.046       -8.94916        0.00000        0.00000       -0.00000        0.00000        0.00000        0.00000        0.00000       -0.00000        0.00000        0.00000    
    4385.00      -0.111553E-01  -0.758440E-02  -0.229226      -0.146427E-01   -1.03104       -2.04961       -1.54784       0.299269        225.794       -18.0218        166.052       -93.0256        0.00000        0.00000        0.00000       -0.00000        0.00000        0.00000        0.00000       -0.00000        0.00000       -0.00000    
    4390.00      -0.153839E-01  -0.845360E-02  -0.214572      -0.155269        2.22478       -2.34517       -1.73859       0.729973        203.164       -130.752        127.578       -172.299        0.00000        0.00000       -0.00000        0.00000        0.00000        0.00000        0.00000        0.00000        0.00000       -0.00000    
    4395.00      -0.204442E-01  -0.928805E-02  -0.176023      -0.288767        5.31013      -0.352261       -1.76037        1.36244        108.247       -229.944        32.0629       -231.676        0.00000        0.00000        0.00000       -0.00000        0.00000        0.00000        0.00000        0.00000        0.00000        0.00000    
    4400.00      -0.265474E-01  -0.119636E-01  -0.103157      -0.574850        13.7069        7.07436       -1.67951        2.03666       -28.2758       -274.809       -91.8846       -245.681        0.00000        0.00000        0.00000       -0.00000        0.00000        0.00000        0.00000        0.00000        0.00000        0.00000    
    4405.00      -0.313963E-01  -0.171660E-01   0.946601       -2.16222        38.3530        248.676       -1.45328        2.60847       -171.360       -245.123       -213.770       -194.088       -0.00000        0.00000        0.00000       -0.00000        0.00000        0.00000        0.00000        0.00000        0.00000        0.00000    
    4410.00      -0.334659E-01  -0.235096E-01   0.165018E-01    1.11157        55.6044        20.1768       -1.10647        3.00871       -281.289       -152.486       -301.886       -83.1607        0.00000       -0.00000        0.00000        0.00000       -0.00000        0.00000        0.00000        0.00000        0.00000       -0.00000    
    4415.00      -0.320671E-01  -0.289737E-01  -0.101552       0.443139        9.19337        7.38345      -0.678779        3.10522       -321.246       -28.2686       -324.138        56.7172        0.00000        0.00000        0.00000        0.00000        0.00000       -0.00000        0.00000        0.00000        0.00000        0.00000    
    4420.00      -0.287989E-01  -0.306080E-01  -0.589371E-01   0.254369        3.97597        3.49997      -0.628772E-01    2.83834       -272.903        98.3101       -257.375        186.575        0.00000        0.00000        0.00000        0.00000       -0.00000        0.00000       -0.00000        0.00000        0.00000        0.00000    
    4425.00      -0.276249E-01  -0.290143E-01   0.183228E-02   0.189942        2.91498        1.89182       0.736197        2.39523       -159.405        196.356       -113.919        271.826        0.00000        0.00000        0.00000        0.00000        0.00000       -0.00000        0.00000        0.00000       -0.00000        0.00000    
    4430.00      -0.291850E-01  -0.276789E-01   0.512090E-01   0.177931        2.98220       0.901282        1.50518        1.92861       -21.0449        237.016        62.4895        283.544        0.00000        0.00000       -0.00000        0.00000        0.00000        0.00000       -0.00000        0.00000        0.00000        0.00000    
    4435.00      -0.312990E-01  -0.269657E-01   0.109862       0.171261        3.54918      -0.594051        2.07916        1.30141        112.352        199.514        216.641        196.689       -0.00000        0.00000       -0.00000        0.00000        0.00000        0.00000        0.00000        0.00000        0.00000        0.00000    
    4440.00      -0.290434E-01  -0.282005E-01   0.170279       0.118057        3.09461       -3.25622        2.10734       0.659672        176.048        111.213        276.503        62.9477        0.00000       -0.00000        0.00000       -0.00000        0.00000        0.00000        0.00000       -0.00000        0.00000       -0.00000    
    4445.00      -0.311795E-01  -0.318039E-01   0.207039       0.458668E-01   -1.66266       -5.27166        2.32620       0.208175        210.516        6.30986        288.432       -95.4827        0.00000        0.00000        0.00000        0.00000       -0.00000        0.00000        0.00000        0.00000        0.00000        0.00000    
    4450.00      -0.459221E-01  -0.251989E-01   0.307210      -0.642806E-01   -5.74272      -0.814830        2.99025       -1.47241        188.666       -201.469        133.359       -349.339        0.00000        0.00000        0.00000        0.00000       -0.00000        0.00000        0.00000        0.00000        0.00000       -0.00000    
    4455.00      -0.358622E-01  -0.231478E-01   0.132579      -0.160712       -2.25798        2.73240        1.66990       -1.81990        30.6554       -195.881       -50.0753       -281.996        0.00000        0.00000        0.00000        0.00000       -0.00000        0.00000        0.00000        0.00000        0.00000        0.00000    
    4460.00      -0.312064E-01  -0.286496E-01   0.646361E-01  -0.128162      -0.896554        2.66545        1.23145       -1.79862       -51.3087       -204.786       -160.297       -237.309        0.00000        0.00000        0.00000        0.00000        0.00000       -0.00000       -0.00000        0.00000        0.00000        0.00000    
    4465.00      -0.276266E-01  -0.337191E-01  -0.189449E-01  -0.875630E-01   0.269494        1.84074       0.627530       -1.49308       -104.514       -131.080       -206.619       -141.060        7.33412        1.24256        514.138        206.863       -413.117        343.075       -163.569        167.236        38853.4        38871.7    
    4470.00      -0.312209E-01  -0.346046E-01  -0.433407E-02  -0.316610E-01   0.947796        1.07288       0.575522       -1.63113       -143.004       -69.9949       -270.245       -34.9762       0.411754       -1.57202        35.1307        147.520        5.99541       -74.5214        168.513        131.429        4668.93       -2037.79    
    4475.00      -0.335382E-01  -0.350289E-01   0.180798E-01  -0.173577E-01   0.592065       0.984152       0.328225       -1.91312       -225.859       -56.9154       -298.771        125.186        2.61159       -3.98606       -787.190        559.297        402.520       -533.424        917.998        47.6296        5991.23        10119.6    
    4480.00      -0.414007E-01  -0.445935E-01   0.656194E-01  -0.811544E-01    1.36338       0.411782      -0.253899       -3.16809       -235.225        157.294       -209.501        341.027       -4.09480        4.72640        698.932       -243.512       -546.796        324.856       -1313.84        759.568       -4013.66       -973.395    
    4485.00      -0.683687E-01  -0.335500E-01  -0.576021E-01  -0.180618        1.60604      -0.894831       -3.31596       -2.90289        49.9146        301.436        160.123        409.037        11.1529        3.98097       -730.381       -859.820        892.872        653.529        1894.79        2935.64        3297.58        3483.97    
    4490.00      -0.584116E-01  -0.160553E-01  -0.135941      -0.854410E-01   0.829132       -1.45668       -3.31091      -0.655227        147.795        140.052        274.216        184.547        6.16783       -9.65718       -869.908        455.901        734.846       -756.873        2665.33       -851.486        2208.06       -4049.64    
    4495.00      -0.417055E-01  -0.167861E-01  -0.130792       0.219449E-01  -0.489348E-01   -1.51432       -2.15355       0.267078        109.863        39.5511        216.761        63.4334       -2.48923       -11.1814       -261.740        912.051       -156.717       -1060.66        227.373       -2401.48       -1552.42       -5498.04    
    4500.00      -0.288629E-01  -0.195277E-01  -0.120799       0.118745      -0.793970       -1.36272       -1.24413       0.795537        71.1093       -15.9676        141.965       -8.34016       -7.61017       -13.3926        135.993        1232.43       -852.673       -1209.91       -2482.35       -2168.42       -2282.87       -9152.96    
    4505.00      -0.265740E-01  -0.247638E-01  -0.835250E-01   0.158240       -1.09966       -1.12256       -1.00765       0.787546        79.4182       -10.2031        126.686       -66.1430       -1.44781       -17.3764       -194.546        1177.26       -533.195       -1495.70       -3282.50       -918.149        8781.99       -11474.3    
    4510.00      -0.291402E-01  -0.359554E-01   0.254767E-01   0.166123       -1.53120      -0.271563      -0.792115       0.254302        86.4964       -5.33126        143.516       -72.9329        6.42723       -18.5048       -739.593        708.820        241.969       -1677.75       -1362.85        1334.18        15791.6        9827.85    
    4515.00      -0.324834E-01  -0.464437E-01   0.144070       0.117913       -1.62281        1.34062      -0.678311      -0.520744        85.0696       -40.7752        157.117       -71.7164        5.96060       -27.1588       -2436.90        436.332        1290.27       -3172.78        3517.72        3659.39       -21824.2        84124.1    
    4520.00      -0.392205E-01  -0.766999E-01   0.246879       0.159015       -1.57793        1.32843       -1.39732      -0.683894        136.060       -60.7378        228.170       -173.850        53.9684       -27.0422       -2086.60       -1878.45        4321.06       -2620.96        7426.83        7950.33       -195275.       -94368.3    
    4525.00      -0.894081E-01  -0.452571E-01   0.211581      -0.110257       0.194501        1.83402       -2.33069       0.881622        91.8855       -139.845        36.0715       -481.022        36.1754       -47.5277       -839.279       -1733.37        2330.81       -3218.76        7219.81       -2078.33       -97090.2       -261197.    
    4530.00      -0.613554E-01  -0.204334E-01   0.528096E-01  -0.660204E-01   0.923587        1.18883       -1.43040        1.16314        9.69961       -155.627       -214.633       -323.804        1.47130       -25.7354       -842.375       -3713.48        2854.87       -461.578        490.014        1512.45        65593.8       -326505.    
    4535.00      -0.446269E-01  -0.235714E-01   0.867045E-02   0.239520E-01    1.32996       0.949560       -1.27855        1.27447       -86.6154       -163.523       -296.691       -140.495       -36.9146       -2.49645       -2341.57       -8822.64        7503.65        3087.86       -1443.92        9278.81        448433.       -621513.    
    4540.00      -0.416162E-01  -0.278113E-01  -0.285817E-01   0.240251        2.23310        1.18133       -1.05256        2.98630       -362.204       -135.495       -332.046        246.096       -341.026        114.083       -11183.2       -45754.9        41207.1        29219.6       -20735.3        51049.0       0.541400E+07  -0.284726E+07
    4545.00       0.973929E-01  -0.225092      -0.336283      -0.122211      -0.673175       -1.91239       -14.1862       -5.56737        380.858       -900.966       -967.709       -1634.96        8018.90        1898.94       -304909.        505223.       -66853.6       -873151.       0.112929E+07   -181606.       0.312845E+09  -0.440027E+09
    4550.00      -0.480197E-01   0.889655E-01   0.209611      -0.432697      -0.623956       0.233967        4.91259       -2.97163        361.188        75.4449        59.2342        83.4160       -677.177       -112.969       -11402.6       -48957.2        32490.0        47148.0       -65706.9        44663.5      -0.468731E+07   0.243624E+07
    4555.00      -0.289228E-01   0.386565E-01   0.100889      -0.215220      -0.952277E-01  -0.523116E-01    2.16098       -1.92195        166.485       -16.6081       -6.76639        90.3805       -220.125       -67.2892       -2559.01       -15812.4        9876.48        17335.6       -24269.0        18779.8       -931123.        130653.    
    4560.00      -0.289086E-01   0.273340E-01   0.661691E-01  -0.150796      -0.357988E-01  -0.134209        1.62513       -1.39138        95.9645       -15.1124        43.9175        158.018       -128.514       -54.1621       -1684.76       -9182.17        5856.18        10946.3       -13645.3        13257.9       -427877.        15798.9    
    4565.00      -0.310269E-01   0.201863E-01   0.460976E-01  -0.121156      -0.680841E-01  -0.162663        1.37495       -1.03038        61.0759       -1.33250        118.322        197.714       -99.7251       -44.9804       -1979.60       -6793.70        5289.41        8737.78       -8749.68        11545.6       -303128.        17292.5    
    4570.00      -0.322920E-01   0.139732E-01   0.293550E-01  -0.105356      -0.117787      -0.143479        1.16728      -0.790723        43.5204        11.8421        205.113        207.196       -96.2631       -32.7164       -2853.00       -5469.30        6586.32        7636.73       -5447.41        11656.8       -277624.        45385.7    
    4575.00      -0.316895E-01   0.934562E-02   0.150759E-01  -0.962157E-01  -0.169653      -0.653610E-01   0.947950      -0.672238        36.3044        20.1997        304.160        156.117       -106.556       -9.56198       -4197.49       -4232.67        9260.76        5533.28       -1402.28        12061.4       -308347.        145987.    
    4580.00      -0.302284E-01   0.548845E-02   0.703487E-02  -0.912651E-01  -0.206487       0.509510E-01   0.776469      -0.565439        38.5722        26.6185        357.630        44.4638       -115.999        30.1730       -5937.14       -2210.64        11940.5        1611.94        1784.30        11908.4       -198126.        402279.    
    4585.00      -0.286350E-01   0.219018E-02   0.232041E-02  -0.850283E-01  -0.213486       0.175468       0.693980      -0.438737        47.4059        31.2463        367.843       -70.7145       -91.6560        72.3745       -5700.16        1192.86        11420.2       -4235.71        5358.26        11159.1        179041.        358118.    
    4590.00      -0.261585E-01  -0.154181E-04   0.176797E-02  -0.751118E-01  -0.149359       0.277704       0.662388      -0.327934        60.0679        33.1708        358.580       -188.174       -55.6967        75.7657       -3153.12        2523.42        7615.55       -6397.93        6381.22        8537.98        156316.        83898.4    
    4595.00      -0.231560E-01   0.871182E-03   0.480499E-02  -0.613910E-01  -0.730119E-02   0.293808       0.657806      -0.274380        74.4739        29.8691        335.031       -328.852       -41.7825        58.0804       -1376.68        1770.52        5700.20       -5230.50        4326.33        7666.97        4929.94        65610.7    
    4600.00      -0.196349E-02   0.124295E-01   0.821674E-01  -0.401560E-01   0.409520       0.830160E-01   0.739825      -0.786428        102.101        24.6309        350.393       -719.540       -140.286        71.4169       -2291.52       -2095.28        16419.3        688.926       -3769.01        25928.8       -298567.        622991.    
    4605.00      -0.245292E-01   0.587641E-01   0.248727E-01   0.420633        1.69198        3.60598        1.71803        1.66044       -36.7924        15.1506        1327.79        19.4545       -241.459       -378.437        20248.4        3776.90       -25993.0        62686.8       -100900.       -27599.2      -0.369528E+07  -0.137045E+07
    4610.00      -0.244245E-01   0.200641E-01  -0.680689E-01   0.119610       0.363286        1.49851       0.367697       0.583247        38.2193       -25.2148        343.430       -229.256       -39.3501       -114.388        6399.48        3494.35       -14674.4        15309.0       -27249.4       -15638.2      -0.106532E+07   -625531.    
    4615.00      -0.152679E-01   0.161229E-01  -0.446066E-01   0.564681E-01   0.531573        1.06047       0.429277E-01   0.218266        33.0903       -51.3967        41.0356       -441.585       -43.4777       -39.6256        4885.87        2585.06       -6716.80        9796.58       -16125.4       -4967.30       -802461.       -147423.    
    4620.00      -0.211889E-01   0.155130E-01  -0.611301E-01   0.725160E-01   0.515791        1.38873       0.683601E-01   0.378991       -5.35521       -100.143       -69.1259       -269.014       -35.5910       -64.9634        9485.75        4349.03       -14080.6        17026.1       -29236.8       -12304.8      -0.138374E+07   -202786.    
    4625.00      -0.213753E-01   0.104360E-01  -0.789962E-01   0.249738E-01   0.804070       0.589141      -0.233001       0.221588       -14.1972       -50.2099       -229.763       -275.754        12.3836       -44.7940        6063.63       -1871.54       -6439.13        13833.4       -21563.1       -3073.61       -726945.        270828.    
    4630.00      -0.173226E-01   0.127829E-01  -0.442238E-01   0.134193E-01   0.799542       0.169421      -0.129040       0.783889E-01   -10.2641       -53.9952       -397.883       -352.860       -10.8543       -4.02918        2892.99       -3097.27        1867.03        8379.64       -10579.4        7638.82       -171640.        515076.    
    4635.00      -0.207625E-01   0.172769E-01  -0.320545E-02   0.314844E-01   0.901648      -0.342526       0.250873       0.519972E-02    3.57328       -35.9483       -458.588       -548.963       -63.8665        26.4824       -3315.72       -4985.90        15810.4       -2229.23        8388.68        24474.8        831470.        517145.    
    4640.00      -0.186824E-01   0.381283E-02  -0.658947E-01   0.894556E-01    1.15011      -0.679592       0.194507       0.820513       -11.0070       -9.10027        119.988       -662.693       -64.8457       -74.7942       -5150.89       -8449.62        33988.1        3617.93        4076.85        59074.6       0.114729E+07    830565.    
    4645.00      -0.222584E-01   0.999251E-02  -0.273636E-01   0.377384E-01   0.777891      -0.583085       0.577663E-01   0.406599       -37.4949        2.92355       -346.875       -137.517       -46.1689       -15.2534       -5988.56       -5939.84        21924.0       -1690.10        11788.5        34607.6       0.108082E+07    78115.1    
