    1077.00        0.00000       -0.00000       -0.00000        0.00000        0.00000        0.00000       -0.00000        0.00000        0.00000        0.00000        0.00000        0.00000        0.00000        0.00000        0.00000        0.00000        0.00000       -0.00000        0.00000        0.00000        0.00000        0.00000    
    4155.00      -0.171413E-02  -0.288479E-03    0.00000        0.00000       -0.00000        0.00000        0.00000        0.00000        0.00000        0.00000        0.00000        0.00000        0.00000       -0.00000        0.00000        0.00000        0.00000       -0.00000        0.00000        0.00000        0.00000       -0.00000    
    4160.00      -0.147369E-01  -0.424299E-02    0.00000        0.00000       -0.00000        0.00000        0.00000        0.00000        0.00000        0.00000        0.00000        0.00000        0.00000       -0.00000        0.00000        0.00000        0.00000       -0.00000        0.00000        0.00000        0.00000       -0.00000    
    4165.00      -0.346040E-01  -0.979933E-02    0.00000        0.00000        0.00000       -0.00000        0.00000        0.00000       -0.00000        0.00000        0.00000        0.00000        0.00000       -0.00000        0.00000        0.00000       -0.00000        0.00000        0.00000        0.00000        0.00000       -0.00000    
    4170.00      -0.585266E-01  -0.137529E-01    0.00000        0.00000        0.00000       -0.00000        0.00000        0.00000       -0.00000        0.00000       -0.00000        0.00000       -0.00000        0.00000        0.00000        0.00000        0.00000        0.00000        0.00000        0.00000        0.00000       -0.00000    
    4175.00      -0.844201E-01  -0.162617E-01    0.00000        0.00000        0.00000       -0.00000        0.00000        0.00000        0.00000       -0.00000       -0.00000        0.00000       -0.00000        0.00000        0.00000        0.00000        0.00000        0.00000       -0.00000        0.00000        0.00000       -0.00000    
    4180.00      -0.110553      -0.163043E-01    0.00000        0.00000        0.00000       -0.00000        0.00000        0.00000        0.00000        0.00000        0.00000        0.00000       -0.00000        0.00000        0.00000        0.00000       -0.00000        0.00000       -0.00000        0.00000        0.00000       -0.00000    
    4185.00      -0.137927      -0.156149E-01    0.00000        0.00000        0.00000       -0.00000        0.00000        0.00000        0.00000        0.00000        0.00000        0.00000       -0.00000        0.00000        0.00000        0.00000       -0.00000        0.00000        0.00000       -0.00000        0.00000       -0.00000    
    4190.00      -0.164768      -0.148366E-01    0.00000        0.00000        0.00000        0.00000        0.00000        0.00000        0.00000        0.00000        0.00000        0.00000       -0.00000        0.00000        0.00000        0.00000        0.00000       -0.00000        0.00000       -0.00000        0.00000       -0.00000    
    4195.00      -0.191534      -0.119455E-01    0.00000        0.00000        0.00000        0.00000        0.00000        0.00000        0.00000        0.00000        0.00000        0.00000       -0.00000        0.00000        0.00000        0.00000        0.00000       -0.00000        0.00000       -0.00000        0.00000       -0.00000    
    4200.00      -0.219832      -0.740604E-02    0.00000       -0.00000       -0.00000        0.00000        0.00000        0.00000        0.00000        0.00000        0.00000        0.00000       -0.00000        0.00000        0.00000        0.00000        0.00000       -0.00000        0.00000       -0.00000        0.00000       -0.00000    
    4205.00      -0.249074      -0.277577E-02    0.00000        0.00000        0.00000        0.00000        0.00000        0.00000       -0.00000        0.00000        0.00000        0.00000       -0.00000        0.00000       -0.00000        0.00000        0.00000       -0.00000        0.00000       -0.00000       -0.00000        0.00000    
    4210.00      -0.277574       0.255031E-02    0.00000        0.00000       -0.00000        0.00000        0.00000       -0.00000       -0.00000        0.00000       -0.00000        0.00000        0.00000       -0.00000       -0.00000        0.00000        0.00000        0.00000        0.00000        0.00000       -0.00000        0.00000    
    4215.00      -0.305008       0.104280E-01    0.00000        0.00000       -0.00000        0.00000        0.00000       -0.00000        0.00000       -0.00000        0.00000       -0.00000        0.00000       -0.00000        0.00000       -0.00000        0.00000        0.00000        0.00000        0.00000       -0.00000        0.00000    
    4220.00      -0.332094       0.214213E-01    0.00000        0.00000        0.00000       -0.00000        0.00000       -0.00000        0.00000        0.00000        0.00000        0.00000        0.00000       -0.00000        0.00000        0.00000       -0.00000        0.00000       -0.00000        0.00000        0.00000       -0.00000    
    4225.00      -0.359307       0.343198E-01    0.00000        0.00000        0.00000       -0.00000        0.00000       -0.00000        0.00000        0.00000        0.00000        0.00000       -0.00000        0.00000        0.00000        0.00000       -0.00000        0.00000       -0.00000        0.00000        0.00000       -0.00000    
    4230.00      -0.386319       0.473447E-01    0.00000       -0.00000        0.00000        0.00000        0.00000       -0.00000        0.00000        0.00000        0.00000        0.00000       -0.00000        0.00000        0.00000        0.00000        0.00000       -0.00000        0.00000       -0.00000        0.00000       -0.00000    
    4235.00      -0.412304       0.596565E-01    0.00000       -0.00000        0.00000        0.00000        0.00000       -0.00000       -0.00000        0.00000        0.00000        0.00000       -0.00000        0.00000        0.00000        0.00000        0.00000       -0.00000        0.00000       -0.00000        0.00000       -0.00000    
    4240.00      -0.436696       0.718063E-01    0.00000        0.00000       -0.00000        0.00000        0.00000        0.00000        0.00000       -0.00000        0.00000       -0.00000       -0.00000        0.00000       -0.00000        0.00000        0.00000        0.00000        0.00000        0.00000        0.00000       -0.00000    
    4245.00      -0.459583       0.849656E-01    0.00000        0.00000       -0.00000        0.00000        0.00000        0.00000        0.00000        0.00000        0.00000        0.00000       -0.00000        0.00000        0.00000       -0.00000        0.00000        0.00000        0.00000        0.00000        0.00000       -0.00000    
    4250.00      -0.481518       0.999291E-01    0.00000        0.00000       -0.00000        0.00000        0.00000        0.00000        0.00000        0.00000        0.00000        0.00000       -0.00000        0.00000        0.00000       -0.00000        0.00000        0.00000        0.00000        0.00000        0.00000       -0.00000    
    4255.00      -0.503148       0.116629        0.00000        0.00000        0.00000       -0.00000        0.00000        0.00000       -0.00000        0.00000        0.00000        0.00000       -0.00000        0.00000        0.00000        0.00000       -0.00000        0.00000        0.00000        0.00000        0.00000        0.00000    
    4260.00      -0.524957       0.134212        0.00000        0.00000        0.00000        0.00000        0.00000        0.00000        0.00000        0.00000        0.00000        0.00000       -0.00000        0.00000        0.00000        0.00000        0.00000        0.00000        0.00000       -0.00000        0.00000        0.00000    
    4265.00      -0.547141       0.151448        0.00000        0.00000        0.00000        0.00000        0.00000        0.00000        0.00000        0.00000        0.00000        0.00000       -0.00000        0.00000       -0.00000        0.00000        0.00000        0.00000        0.00000        0.00000        0.00000        0.00000    
    4270.00      -0.569620       0.167207        0.00000        0.00000       -0.00000        0.00000        0.00000        0.00000        0.00000       -0.00000        0.00000       -0.00000       -0.00000        0.00000        0.00000       -0.00000       -0.00000        0.00000        0.00000        0.00000        0.00000        0.00000    
    4275.00      -0.592193       0.180723       -0.00000        0.00000       -0.00000        0.00000       -0.00000        0.00000        0.00000        0.00000        0.00000        0.00000       -0.00000        0.00000        0.00000        0.00000        0.00000       -0.00000        0.00000       -0.00000        0.00000        0.00000    
    4280.00      -0.614806       0.191360       -0.00000        0.00000        0.00000       -0.00000        0.00000       -0.00000        0.00000        0.00000        0.00000        0.00000       -0.00000        0.00000        0.00000       -0.00000       -0.00000        0.00000        0.00000        0.00000        0.00000        0.00000    
    4285.00      -0.637891       0.197335       -0.00000        0.00000       -0.00000        0.00000        0.00000        0.00000        0.00000        0.00000        0.00000        0.00000       -0.00000        0.00000       -0.00000        0.00000        0.00000        0.00000        0.00000        0.00000        0.00000        0.00000    
    4290.00      -0.662968       0.189952       -0.00000        0.00000       -0.00000        0.00000        0.00000        0.00000        0.00000        0.00000        0.00000        0.00000        0.00000       -0.00000        0.00000        0.00000        0.00000        0.00000        0.00000       -0.00000        0.00000        0.00000    
    4295.00      -0.672826       0.653639E-01    0.00000       -0.00000        0.00000       -0.00000        0.00000        0.00000        0.00000       -0.00000        0.00000       -0.00000        0.00000       -0.00000        0.00000        0.00000        0.00000        0.00000        0.00000       -0.00000       -0.00000        0.00000    
    4300.00      -0.583618       0.233018        0.00000       -0.00000        0.00000       -0.00000      -0.126717      -0.265861E-01    1.55384       0.824430       -1.46048       -1.61413        0.00000        0.00000       -0.00000        0.00000       -0.00000        0.00000        0.00000        0.00000        0.00000       -0.00000    
    4305.00      -0.631507       0.356832        0.00000       -0.00000        0.00000        0.00000      -0.327867       0.667188       -6.25920       -1.18626        2.92918        1.11154        0.00000        0.00000        0.00000        0.00000        0.00000        0.00000        0.00000        0.00000        0.00000       -0.00000    
    4310.00      -0.661606       0.364377       -0.00000        0.00000       -0.00000        0.00000       0.523455E-01   0.220344       -3.79379        7.71159       -7.87415       0.284257        0.00000        0.00000        0.00000        0.00000        0.00000        0.00000        0.00000        0.00000        0.00000       -0.00000    
    4315.00      -0.701949       0.382035        0.00000        0.00000       -0.00000        0.00000      -0.779310E-01  -0.194338E-01    11.0658       -3.88081        15.3178        6.92240       -0.00000        0.00000        0.00000        0.00000        0.00000        0.00000        0.00000        0.00000        0.00000        0.00000    
    4320.00      -0.712071       0.421143        0.00000        0.00000       -0.00000        0.00000       0.334166       0.361864       -20.4382       -8.65257       -18.7882       -21.0078        0.00000        0.00000        0.00000       -0.00000       -0.00000        0.00000        0.00000       -0.00000        0.00000        0.00000    
    4325.00      -0.714322       0.419144      -0.147314       0.332516E-01   0.264836        3.53522       0.241042      -0.371709        7.68157        21.5327       -8.03735        28.9080        0.00000        0.00000       -0.00000        0.00000        0.00000        0.00000       -0.00000        0.00000        0.00000        0.00000    
    4330.00      -0.743293       0.454377       0.177820      -0.530616E-01   -1.51444       -2.61134       0.860594E-01  -0.383141        24.1943       -20.4428        25.9973       -13.3677        0.00000        0.00000        0.00000        0.00000        0.00000        0.00000        0.00000        0.00000        0.00000        0.00000    
    4335.00      -0.752934       0.475207      -0.189962       0.265569        4.29703       0.142405      -0.105764      -0.448402E-01   -19.9621       -34.2540       -18.8586       -21.1643        0.00000        0.00000        0.00000        0.00000        0.00000        0.00000        0.00000        0.00000        0.00000        0.00000    
    4340.00      -0.763058       0.495228      -0.770697E-04   0.991544E-01  -0.158345      -0.202178      -0.600748E-01   0.391534       -30.5662        18.1568       -24.7445        21.9234        0.00000       -0.00000        0.00000        0.00000        0.00000       -0.00000        0.00000        0.00000        0.00000        0.00000    
    4345.00      -0.774477       0.512240      -0.196216E-01   0.323429E-01  -0.725225E-01   0.210078       0.156841       0.567059        24.3705        44.4644        16.9579        30.0682        0.00000       -0.00000        0.00000        0.00000        0.00000       -0.00000        0.00000        0.00000        0.00000        0.00000    
    4350.00      -0.782075       0.528541      -0.365026E-01   0.738846E-01  -0.513827E-01   0.609915E-01   0.343116       0.565584        65.7588       -5.14266        34.8719       -9.45940        0.00000        0.00000        0.00000        0.00000        0.00000       -0.00000        0.00000        0.00000       -0.00000        0.00000    
    4355.00      -0.788334       0.546078      -0.350977E-01   0.119070      -0.273758      -0.454871E-01   0.391677       0.419760        27.8743       -63.3380        1.95416       -38.8429        0.00000        0.00000        0.00000        0.00000        0.00000        0.00000        0.00000        0.00000        0.00000       -0.00000    
    4360.00      -0.793090       0.563019      -0.310249E-01   0.170978      -0.253550      -0.456906E-01   0.301995       0.250471       -47.1380       -50.2078       -37.7339       -17.5619        0.00000        0.00000        0.00000        0.00000        0.00000       -0.00000        0.00000        0.00000        0.00000       -0.00000    
    4365.00      -0.795307       0.580673      -0.386408E-01   0.224457      -0.544814      -0.210179       0.123395       0.180423       -71.6248        27.2909       -34.1793        28.3317        0.00000        0.00000        0.00000        0.00000        0.00000       -0.00000        0.00000        0.00000        0.00000       -0.00000    
    4370.00      -0.797045       0.600169      -0.669897E-01   0.274705      -0.152228      -0.716709      -0.559847E-01   0.225405       -13.9285        90.7548        9.05818        46.8914        0.00000        0.00000        0.00000        0.00000        0.00000       -0.00000        0.00000        0.00000        0.00000       -0.00000    
    4375.00      -0.799976       0.619882      -0.109747       0.305653       0.632789      -0.938093E-01  -0.153408       0.344151        75.6412        76.1059        48.1889        18.9394        0.00000        0.00000        0.00000       -0.00000        0.00000       -0.00000        0.00000        0.00000        0.00000       -0.00000    
    4380.00      -0.803486       0.638407      -0.154396       0.302152      -0.201547        1.43963      -0.127974       0.471176        119.203       -10.0899        47.6192       -30.6446        0.00000        0.00000        0.00000       -0.00000        0.00000       -0.00000        0.00000        0.00000        0.00000       -0.00000    
    4385.00      -0.806654       0.656016      -0.151195       0.272799       -2.11976       0.459898       0.706768E-02   0.526168        77.9431       -104.620        7.23308       -62.4977        0.00000        0.00000        0.00000       -0.00000        0.00000       -0.00000        0.00000        0.00000        0.00000        0.00000    
    4390.00      -0.809470       0.673582      -0.118202       0.282983       -1.89756      -0.900748       0.205928       0.473157       -23.2617       -142.324       -43.6252       -54.7099       -0.00000        0.00000        0.00000        0.00000        0.00000        0.00000       -0.00000        0.00000       -0.00000        0.00000    
    4395.00      -0.812281       0.692115      -0.100597       0.317831       -1.68565       -1.65277       0.387818       0.391819       -117.744       -98.4154       -69.1887       -14.2665       -0.00000        0.00000        0.00000        0.00000        0.00000        0.00000       -0.00000        0.00000        0.00000       -0.00000    
    4400.00      -0.818214       0.712041      -0.970821E-01   0.365634       -2.20143       -4.09634       0.407214       0.292203       -150.159        5.34294       -55.0500        34.4915       -0.00000        0.00000        0.00000        0.00000        0.00000        0.00000       -0.00000        0.00000        0.00000       -0.00000    
    4405.00      -0.826974       0.728048      -0.224340       0.480878        18.0247       -57.7712       0.325605       0.172476       -106.407        109.059       -13.1199        61.9347       -0.00000        0.00000        0.00000        0.00000        0.00000        0.00000        0.00000        0.00000        0.00000       -0.00000    
    4410.00      -0.833682       0.741240      -0.176780E-01   0.305766       -11.5547       -7.80963       0.167229       0.116137       -9.60637        159.546        33.5079        54.5496       -0.00000        0.00000        0.00000        0.00000        0.00000        0.00000       -0.00000        0.00000        0.00000        0.00000    
    4415.00      -0.838766       0.754063      -0.288396E-01   0.387684       -2.57878       -1.85917      -0.207777E-01   0.129813        92.9361        136.420        62.0862        19.2915       -0.00000        0.00000        0.00000        0.00000        0.00000       -0.00000        0.00000        0.00000        0.00000       -0.00000    
    4420.00      -0.842723       0.766740      -0.286486E-01   0.425425       -1.66302      -0.739755      -0.158311       0.218155        157.071        55.7369        61.5757       -24.7005        0.00000       -0.00000        0.00000        0.00000        0.00000        0.00000       -0.00000        0.00000        0.00000       -0.00000    
    4425.00      -0.845934       0.779733      -0.245964E-01   0.455505       -1.45584      -0.227561      -0.218582       0.401499        158.944       -42.0365        34.1291       -56.6315        0.00000        0.00000        0.00000        0.00000        0.00000        0.00000        0.00000       -0.00000        0.00000        0.00000    
    4430.00      -0.848226       0.791415      -0.230359E-01   0.481123       -1.41684       0.228587      -0.208136       0.582935        103.374       -117.736       -7.11657       -65.1394       -0.00000        0.00000        0.00000        0.00000        0.00000        0.00000        0.00000       -0.00000        0.00000        0.00000    
    4435.00      -0.851890       0.814226      -0.288458E-01   0.511277       -1.31450       0.883203      -0.127662       0.781382        18.2603       -143.344       -44.6054       -47.4019        0.00000       -0.00000        0.00000        0.00000        0.00000        0.00000        0.00000        0.00000        0.00000        0.00000    
    4440.00      -0.801328       0.788660      -0.767238E-02   0.540754      -0.519903        1.77253      -0.153242       0.826997       -61.4249       -117.477       -64.6367       -12.3441       -0.00000        0.00000        0.00000       -0.00000       -0.00000        0.00000        0.00000       -0.00000        0.00000        0.00000    
    4445.00      -0.853283       0.807083      -0.358479E-01   0.566318        1.38409        1.30446       0.195808       0.904747       -109.592       -56.1950       -61.0261        26.5281       -0.00000        0.00000       -0.00000        0.00000       -0.00000        0.00000        0.00000       -0.00000        0.00000        0.00000    
    4450.00      -0.814785       0.860824      -0.148245E-01   0.640889        1.26062      -0.836786       0.400132        1.00945       -116.027        15.2804       -37.9200        56.1660        0.00000       -0.00000        0.00000        0.00000        0.00000        0.00000        0.00000        0.00000        0.00000       -0.00000    
    4455.00      -0.849466       0.826600       0.163366E-01   0.636058      -0.147337       -1.20151       0.483025       0.867759       -83.3766        74.3254       -1.68792        67.7724       -0.00000        0.00000        0.00000       -0.00000        0.00000        0.00000        0.00000       -0.00000        0.00000        0.00000    
    4460.00      -0.810880       0.800219       0.772504E-01   0.634772      -0.762229      -0.710589       0.811411        1.10599       -27.0938        103.840        35.0149        58.6393        0.00000        0.00000        0.00000        0.00000       -0.00000        0.00000        0.00000        0.00000        0.00000        0.00000    
    4465.00       -1.17725       0.994722      -0.132141       0.670570       -1.04553      -0.292749       0.126977       -1.95915        7.68023        106.006        42.0405        47.2519        80.3331       -282.293       -1466.26       -846.848        1628.48        241.820        1074.20       -864.602       -148660.       -12734.1    
    4470.00      -0.839228       0.862352       0.102579       0.670817      -0.899581       0.841032E-01   0.394216       0.729646        72.4150        82.9767        66.7620        6.37324       -1.88300        5.35881       -20.9755        4.70127        17.9761       -11.5193        33.2551        47.3548       -6147.19        485.696    
    4475.00      -0.755590       0.900224       0.171881       0.717326      -0.764941       0.380421      -0.612194E-01  -0.113463        99.6598        27.0768        64.8274       -35.1914       -121.961        126.758        113.829        1170.91        230.863       -860.360       -32.2749        286.269        128049.        211672.    
    4480.00      -0.819105       0.922863       0.153023       0.722012      -0.609928       0.582225       0.475941       0.248557        102.216       -16.3339        45.8433       -56.3494       -18.7383        34.0508       -417.863       -336.148        281.843        237.697       -18.0889       -31.9756        8519.56       -2608.88    
    4485.00      -0.814057       0.919110       0.182422       0.736618      -0.368717       0.759754       0.921368E-01   0.243242        73.8962       -56.7534        11.6654       -70.8875       -6.21428        35.5794       -278.929        306.095        245.765       -189.800       -101.837        153.041        4919.28       -3655.39    
    4490.00      -0.803239       0.930508       0.198546       0.761267      -0.990404E-01   0.840903      -0.253232       0.858991E-01    37.8631       -70.8162       -22.1033       -64.2816        2.04760        34.8004        260.290        275.038       -86.5555       -229.393        77.6998        241.394        2555.12       -4245.16    
    4495.00      -0.783199       0.955291       0.223287       0.782071       0.192452       0.743681      -0.442532       0.439007        18.2341       -76.7672       -37.7294       -47.7407        9.35936        43.8657        341.877       -192.722       -191.966        18.2080        151.578        150.564        994.912       -7148.30    
    4500.00      -0.790780       0.996653       0.231501       0.806813       0.374120       0.482870      -0.612415       0.769710       -7.51705       -79.7552       -48.8524       -31.6191       -2.77988        54.9219        196.132       -638.515       -118.206        348.200        50.3249       -29.3595        6053.25       -6275.42    
    4505.00      -0.827034       0.987703       0.227819       0.812898       0.352780       0.165118      -0.907619       0.652887       -30.6189       -65.4292       -51.8457       -8.75079       -14.7600        36.6189        289.740       -713.043       -111.615        499.946       -35.6094       -95.3218        532.540        565.399    
    4510.00      -0.810136       0.955544       0.254113       0.817114       0.162353      -0.348315E-01   -1.01343       0.727872E-01   -36.5751       -36.8139       -36.9156        19.3681        3.53349        17.5271        882.906       -476.747       -236.385        444.282       0.320691       -150.989       -7284.29       -11191.2    
    4515.00      -0.756842       0.981247       0.289185       0.861405      -0.949661E-01  -0.337931E-01   0.165257      -0.562537       -40.2956        26.4963       -19.7905        68.4016        28.2389        48.3390        1580.20       -479.616       -161.515        877.813        617.049       -363.350        36691.0       -22347.1    
    4520.00      -0.769523        1.01975       0.294116       0.886553      -0.304690       0.533676E-01   0.675088       0.501860       -61.7804        67.3810       -22.0586        83.9890       -5.74678        70.0464        3925.81        410.738       -1907.00        1119.70        1677.69        165.788        13299.6        86107.5    
    4525.00      -0.770137        1.03580       0.340410       0.901527      -0.353576       0.167745       0.528498E-01    1.17148       -51.1761        102.340       -12.5427        82.2128       -44.1923        47.6694        3833.87        3178.56       -2442.59       -629.190        1735.26        856.507       -96670.4        9226.51    
    4530.00      -0.780659        1.06267       0.382924       0.952087      -0.298666       0.352542      -0.661585        1.32086       -20.0027        126.643       -1.18810        83.0403       -32.0118        9.96607        3269.07        4065.74       -2227.97       -1407.01        1511.01        1043.91       -49530.8       -48670.7    
    4535.00      -0.801488        1.06697       0.383384       0.991203      -0.252840       0.555310      -0.900877        1.04044        12.9851        116.100        16.3868        74.2620        1.65497        11.7798        5045.95        5173.12       -3306.38       -1862.13        1773.98        1708.41       -49293.7       -47676.4    
    4540.00      -0.806788        1.06132       0.384682        1.00285      -0.186107       0.696674       -1.04688       0.594000        32.2961        80.3630        27.9524        56.2277        44.3544        41.5327        12194.7        10278.6       -7322.38       -3409.38        3391.83        4484.84       -248556.       -125603.    
    4545.00      -0.796425        1.06064       0.405117        1.00439      -0.698550E-01   0.782866       -1.80139      -0.308561        16.2193        25.9092        9.48854        42.6600       -107.106        880.184       -34582.6        155614.       -3657.15       -78138.9       -38439.7        49921.8       0.244761E+08  -0.979207E+07
    4550.00      -0.617290        1.40059       0.795381        1.30448       0.645112       0.991005       -17.0185       -11.8538       -651.562       -132.121       -583.212        390.286       -1015.83       -13.3242       -58053.7        9294.52        35842.6       -22163.4       -33646.6       -33362.2      -0.158298E+07   0.155965E+07
    4555.00      -0.975988        1.11012       0.311487        1.20699       0.273153        1.14482        6.47079        7.05907        108.313        255.983        127.069       -46.2094        214.403       -53.3990       -8230.62        5279.76        4582.88       -3949.59       -6866.90        3194.39        98812.7       -58774.5    
    4560.00      -0.834304        1.04382       0.418650        1.02370       0.356663       0.846184        1.38415        4.42658        50.7026        152.668        78.3255        4.41171        26.7266       -2.34374       -11266.5        4665.75        5359.60       -3322.10       -5885.93        1511.83       -40210.5       -19355.3    
    4565.00      -0.789177        1.07269       0.519052        1.01248       0.575402       0.662236       -1.20477        2.75385       -32.3818        96.7609        1.63945        18.8381       -1.36131       -18.2382       -11429.1        5885.25        5811.82       -3284.98       -5583.68        1427.42       -33384.8       -25078.7    
    4570.00      -0.806061        1.09655       0.553389        1.06174       0.770119       0.568215       -1.53028       0.969883       -35.3005        17.9911       -33.4950       -19.0434        10.9571       -13.5031       -9764.04        9126.22        4882.09       -4072.08       -4857.63        2967.61       -18147.8       -4834.02    
    4575.00      -0.813951        1.08397       0.558880        1.06768       0.849086       0.436942       -1.54362       0.315139       -8.91934       -24.6183       -28.2506       -42.8593        16.9147        7.95878       -5941.15        14845.4        3167.00       -6114.54       -3581.40        5796.83        4281.51        30994.1    
    4580.00      -0.793828        1.07489       0.589683        1.05658       0.880803       0.266564       -1.80844      -0.258063        12.7831       -67.2393       -11.1597       -62.8502        27.9469        27.1327        4180.34        19499.0       -510.752       -7809.58        492.513        8352.39        84230.6        25565.3    
    4585.00      -0.767498        1.09704       0.639851        1.07130       0.889353       0.134578       -1.84793       -1.07597        21.4667       -131.476        15.2557       -95.6530        49.0836        22.3562        17362.3        13010.6       -5112.61       -5874.88        6195.71        5880.86        79811.9       -106965.    
    4590.00      -0.774945        1.13672       0.662388        1.11854       0.847154       0.102926       -1.34608       -1.63759       -26.8824       -210.372        26.6636       -149.131        60.1134       -5.27118        20208.1        64.0255       -6686.59       -1913.49        6928.48        507.197       -49688.3       -110238.    
    4595.00      -0.795880        1.15627       0.662391        1.14971       0.770191       0.120783       -1.54580       -2.12006       -229.264       -258.380       -58.5370       -244.906        76.1333       -31.0074        17514.0       -8917.53       -7416.20        1063.22        4651.91       -1075.41       -92514.2       -21868.8    
    4600.00      -0.764161        1.13213       0.669453        1.06256       0.560517       0.322598E-01   -2.39184        2.31580       -140.827        214.864       -192.104        81.8372        36.2640       -112.267        6192.44       -15891.4       -1856.88        6804.28        8995.42       -5658.97        7973.70       -26796.4    
    4605.00      -0.821271        1.12648       0.632783        1.08246       0.439170       0.177730       0.678685        2.68637       -46.2749        78.2516       -63.8396        84.8230        39.8556       -76.3049        2624.89       -13867.8       -510.208        3821.43        2526.68       -8914.05       -40946.2       -16228.4    
    4610.00      -0.864985        1.01757       0.527091        1.21731       0.608435       0.369905      -0.832130       0.336844       -7.95518        57.9640       -16.2090        13.2047        6.13658        45.5038       -1753.52       -17083.6        1010.89        6581.99        1727.52       -7952.48       -137888.        87342.8    
    4615.00      -0.716007        1.08014       0.574076        1.05278       0.401435       0.520819        1.12406      -0.850340        39.4669        89.8789        20.6749        56.5647       -41.3488       -79.0733       -4971.87       -16683.5        88.0351        7499.56       -1962.02       -5972.25       -109590.       -18707.9    
    4620.00      -0.820305        1.06997       0.559520        1.10704       0.411842       0.659979        1.85935      -0.950406       -20.3245       -12.6522        1.18180       -21.4661       -61.3398       -99.7455       -9048.96       -15902.2        825.028        8375.86       -4439.76       -4207.45       -129774.        3824.27    
    4625.00      -0.778550        1.10278       0.640193        1.13204       0.476855       0.681688       0.385280        1.81678       -108.217        68.3495       -102.196        12.5149        21.8305       -124.279       -14048.9       -11148.7        2630.74        7158.07       -5367.39       -2488.23       -7546.11       -68522.0    
    4630.00      -0.825069        1.05753       0.600036        1.15147       0.532981       0.850390       0.364257       0.913320       -57.8671        190.285       -97.4170        122.684        7.56214       -123.809       -19419.0       -5121.60        6390.65        6237.64       -6175.44       -1547.24       -50075.7       -35982.1    
    4635.00      -0.723213        1.06334       0.674607       0.995628       0.426029       0.821191       -2.00976      -0.372957        40.2328        215.158       -40.3867        172.329       -60.3989       -155.614       -22401.8        3865.90        10400.1        3393.40       -5285.23       -927.550       -158100.       -14827.1    
    4640.00      -0.833581        1.12004       0.720273        1.20028       0.814670       0.867988       0.284092       -2.12199        111.520        198.717        29.4644        172.845       -69.4019       -150.778       -19461.7        11227.6        10963.4        1031.87       -5575.30        2430.81       -93461.4        84333.9    
    4645.00      -0.773903        1.10709       0.651754        1.23570        1.00816       0.929069        2.62872       -2.11425        25.7178        140.424       -5.77920        127.409       -89.2382       -29.3222       -12241.5        14290.2        9249.99        405.160       -620.013        5446.50        84800.7        113691.    
