    1077.00       -0.00000        0.00000        0.00000        0.00000        0.00000       -0.00000        0.00000       -0.00000        0.00000       -0.00000        0.00000        0.00000       -0.00000        0.00000       -0.00000        0.00000        0.00000        0.00000        0.00000        0.00000        0.00000        0.00000    
    4155.00       0.559871E-01   0.389987E-02    0.00000       -0.00000        0.00000       -0.00000        0.00000       -0.00000        0.00000       -0.00000        0.00000        0.00000        0.00000        0.00000        0.00000       -0.00000        0.00000        0.00000        0.00000        0.00000        0.00000        0.00000    
    4160.00       0.104975       0.106859E-01    0.00000       -0.00000        0.00000       -0.00000        0.00000       -0.00000        0.00000       -0.00000        0.00000        0.00000        0.00000        0.00000       -0.00000        0.00000        0.00000        0.00000        0.00000        0.00000        0.00000        0.00000    
    4165.00       0.126715       0.161754E-01    0.00000       -0.00000        0.00000        0.00000        0.00000       -0.00000        0.00000        0.00000        0.00000        0.00000        0.00000        0.00000       -0.00000        0.00000        0.00000        0.00000        0.00000        0.00000        0.00000        0.00000    
    4170.00       0.140805       0.213484E-01    0.00000       -0.00000        0.00000        0.00000        0.00000       -0.00000        0.00000        0.00000        0.00000        0.00000        0.00000        0.00000       -0.00000        0.00000        0.00000        0.00000        0.00000        0.00000        0.00000        0.00000    
    4175.00       0.149158       0.223464E-01    0.00000       -0.00000        0.00000        0.00000        0.00000       -0.00000        0.00000        0.00000       -0.00000        0.00000        0.00000        0.00000       -0.00000        0.00000        0.00000        0.00000        0.00000        0.00000        0.00000        0.00000    
    4180.00       0.155876       0.252202E-01    0.00000       -0.00000        0.00000        0.00000        0.00000       -0.00000       -0.00000        0.00000        0.00000       -0.00000        0.00000        0.00000       -0.00000        0.00000        0.00000        0.00000       -0.00000        0.00000        0.00000        0.00000    
    4185.00       0.159002       0.264531E-01    0.00000       -0.00000        0.00000        0.00000        0.00000       -0.00000       -0.00000        0.00000        0.00000        0.00000        0.00000        0.00000       -0.00000        0.00000        0.00000        0.00000       -0.00000        0.00000        0.00000        0.00000    
    4190.00       0.162627       0.267136E-01    0.00000       -0.00000        0.00000        0.00000        0.00000        0.00000       -0.00000        0.00000        0.00000        0.00000        0.00000        0.00000       -0.00000        0.00000        0.00000        0.00000       -0.00000        0.00000        0.00000        0.00000    
    4195.00       0.165643       0.280636E-01    0.00000       -0.00000        0.00000        0.00000        0.00000        0.00000        0.00000       -0.00000        0.00000        0.00000       -0.00000        0.00000       -0.00000        0.00000        0.00000        0.00000       -0.00000        0.00000        0.00000        0.00000    
    4200.00       0.167220       0.292337E-01    0.00000       -0.00000        0.00000        0.00000        0.00000        0.00000        0.00000       -0.00000        0.00000        0.00000       -0.00000        0.00000       -0.00000        0.00000        0.00000        0.00000       -0.00000        0.00000        0.00000        0.00000    
    4205.00       0.168617       0.295137E-01    0.00000       -0.00000        0.00000       -0.00000        0.00000        0.00000        0.00000       -0.00000        0.00000        0.00000       -0.00000        0.00000       -0.00000        0.00000        0.00000        0.00000       -0.00000        0.00000        0.00000        0.00000    
    4210.00       0.170603       0.297310E-01    0.00000       -0.00000        0.00000       -0.00000        0.00000        0.00000        0.00000        0.00000        0.00000        0.00000       -0.00000        0.00000       -0.00000        0.00000        0.00000        0.00000       -0.00000        0.00000        0.00000        0.00000    
    4215.00       0.172817       0.304903E-01    0.00000       -0.00000        0.00000        0.00000        0.00000       -0.00000        0.00000        0.00000        0.00000       -0.00000       -0.00000        0.00000        0.00000       -0.00000       -0.00000        0.00000        0.00000       -0.00000        0.00000        0.00000    
    4220.00       0.174835       0.316234E-01    0.00000       -0.00000        0.00000        0.00000        0.00000        0.00000       -0.00000        0.00000        0.00000        0.00000        0.00000       -0.00000        0.00000       -0.00000        0.00000        0.00000        0.00000        0.00000        0.00000        0.00000    
    4225.00       0.176730       0.327114E-01    0.00000       -0.00000        0.00000       -0.00000        0.00000        0.00000       -0.00000        0.00000        0.00000        0.00000        0.00000       -0.00000        0.00000       -0.00000        0.00000        0.00000        0.00000        0.00000        0.00000        0.00000    
    4230.00       0.178936       0.336072E-01    0.00000       -0.00000        0.00000       -0.00000        0.00000        0.00000        0.00000       -0.00000        0.00000        0.00000        0.00000       -0.00000       -0.00000        0.00000        0.00000        0.00000        0.00000        0.00000        0.00000        0.00000    
    4235.00       0.181839       0.345240E-01    0.00000       -0.00000        0.00000       -0.00000        0.00000        0.00000        0.00000       -0.00000        0.00000        0.00000        0.00000       -0.00000       -0.00000        0.00000        0.00000        0.00000        0.00000        0.00000        0.00000        0.00000    
    4240.00       0.185586       0.357892E-01    0.00000       -0.00000        0.00000       -0.00000        0.00000        0.00000        0.00000        0.00000       -0.00000        0.00000        0.00000       -0.00000       -0.00000        0.00000        0.00000        0.00000        0.00000        0.00000        0.00000        0.00000    
    4245.00       0.190187       0.376347E-01    0.00000       -0.00000        0.00000       -0.00000        0.00000        0.00000       -0.00000        0.00000        0.00000        0.00000        0.00000       -0.00000        0.00000       -0.00000        0.00000        0.00000        0.00000        0.00000        0.00000        0.00000    
    4250.00       0.195689       0.401659E-01    0.00000       -0.00000        0.00000       -0.00000        0.00000        0.00000        0.00000       -0.00000        0.00000        0.00000        0.00000       -0.00000        0.00000       -0.00000        0.00000        0.00000        0.00000        0.00000        0.00000        0.00000    
    4255.00       0.202320       0.434451E-01    0.00000       -0.00000        0.00000       -0.00000        0.00000        0.00000        0.00000       -0.00000        0.00000        0.00000        0.00000       -0.00000       -0.00000        0.00000        0.00000        0.00000        0.00000        0.00000        0.00000        0.00000    
    4260.00       0.210583       0.476284E-01    0.00000       -0.00000        0.00000       -0.00000        0.00000        0.00000       -0.00000        0.00000        0.00000       -0.00000        0.00000       -0.00000        0.00000       -0.00000        0.00000        0.00000        0.00000        0.00000        0.00000        0.00000    
    4265.00       0.221341       0.531385E-01    0.00000       -0.00000        0.00000       -0.00000        0.00000        0.00000        0.00000       -0.00000        0.00000        0.00000        0.00000       -0.00000        0.00000       -0.00000        0.00000        0.00000        0.00000        0.00000        0.00000        0.00000    
