     4253.    0.00000000D+00    0.00000000D+00
     4256.    0.00000000D+00    0.00000000D+00
     4259.    0.00000000D+00    0.00000000D+00
     4262.    0.00000000D+00    0.00000000D+00
     4265.    0.00000000D+00    0.00000000D+00
     4268.    0.00000000D+00    0.00000000D+00
     4271.    0.00000000D+00    0.00000000D+00
     4274.    0.00000000D+00    0.00000000D+00
     4277.    0.00000000D+00    0.00000000D+00
     4280.    0.00000000D+00    0.00000000D+00
     4283.    0.00000000D+00    0.00000000D+00
     4286.    0.00000000D+00    0.00000000D+00
     4289.    0.00000000D+00    0.00000000D+00
     4292.    0.00000000D+00    0.00000000D+00
     4295.    0.00000000D+00    0.00000000D+00
     4298.    0.00000000D+00    0.00000000D+00
     4301.    0.00000000D+00    0.00000000D+00
     4304.    0.00000000D+00    0.00000000D+00
     4307.    0.00000000D+00    0.00000000D+00
     4310.    0.00000000D+00    0.00000000D+00
     4313.    0.00000000D+00    0.00000000D+00
     4316.    0.00000000D+00    0.00000000D+00
     4319.    0.00000000D+00    0.00000000D+00
     4322.    0.00000000D+00    0.00000000D+00
     4325.    0.00000000D+00    0.00000000D+00
     4328.    0.00000000D+00    0.00000000D+00
     4331.    0.00000000D+00    0.00000000D+00
     4334.    0.00000000D+00    0.00000000D+00
     4337.    0.00000000D+00    0.00000000D+00
     4340.    0.00000000D+00    0.00000000D+00
     4343.    0.00000000D+00    0.00000000D+00
     4346.    0.00000000D+00    0.00000000D+00
     4349.    0.00000000D+00    0.00000000D+00
     4352.    0.00000000D+00    0.00000000D+00
     4355.    0.00000000D+00    0.00000000D+00
     4358.    0.00000000D+00    0.00000000D+00
     4361.    0.00000000D+00    0.00000000D+00
     4364.    0.00000000D+00    0.00000000D+00
     4367.    0.00000000D+00    0.00000000D+00
     4370.    0.00000000D+00    0.00000000D+00
     4373.    0.00000000D+00    0.00000000D+00
     4376.    0.00000000D+00    0.00000000D+00
     4379.    0.00000000D+00    0.00000000D+00
     4382.    0.00000000D+00    0.00000000D+00
     4385.    0.00000000D+00    0.00000000D+00
     4388.    0.00000000D+00    0.00000000D+00
     4391.    0.00000000D+00    0.00000000D+00
     4394.    0.00000000D+00    0.00000000D+00
     4397.    0.00000000D+00    0.00000000D+00
     4400.    0.00000000D+00    0.00000000D+00
     4403.    0.00000000D+00    0.00000000D+00
     4406.    0.00000000D+00    0.00000000D+00
     4409.    0.00000000D+00    0.00000000D+00
     4412.    0.00000000D+00    0.00000000D+00
     4415.    0.00000000D+00    0.00000000D+00
     4418.    0.00000000D+00    0.00000000D+00
     4421.    0.00000000D+00    0.00000000D+00
     4424.    0.00000000D+00    0.00000000D+00
     4427.    0.00000000D+00    0.00000000D+00
     4430.    0.00000000D+00    0.00000000D+00
     4433.    0.00000000D+00    0.00000000D+00
     4436.    0.00000000D+00    0.00000000D+00
     4439.    0.00000000D+00    0.00000000D+00
     4442.    0.00000000D+00    0.00000000D+00
     4445.    0.00000000D+00    0.00000000D+00
     4448.    0.00000000D+00    0.00000000D+00
     4451.    0.00000000D+00    0.00000000D+00
     4454.    0.00000000D+00    0.00000000D+00
     4457.    0.00000000D+00    0.00000000D+00
     4460.    0.00000000D+00    0.00000000D+00
     4463.    0.00000000D+00    0.00000000D+00
     4466.    0.00000000D+00    0.00000000D+00
     4469.    0.00000000D+00    0.00000000D+00
     4472.    0.00000000D+00    0.00000000D+00
     4475.    0.00000000D+00    0.00000000D+00
     4478.    0.00000000D+00    0.00000000D+00
     4481.    0.00000000D+00    0.00000000D+00
     4484.    0.00000000D+00    0.00000000D+00
     4487.    0.00000000D+00    0.00000000D+00
     4490.    0.00000000D+00    0.00000000D+00
     4493.    0.00000000D+00    0.00000000D+00
     4496.    0.00000000D+00    0.00000000D+00
     4499.    0.00000000D+00    0.00000000D+00
     4502.    0.00000000D+00    0.00000000D+00
     4505.    0.00000000D+00    0.00000000D+00
     4508.    0.00000000D+00    0.00000000D+00
     4511.    0.00000000D+00    0.00000000D+00
     4514.    0.00000000D+00    0.00000000D+00
     4517.    0.00000000D+00    0.00000000D+00
     4520.    0.00000000D+00    0.00000000D+00
     4523.    0.00000000D+00    0.00000000D+00
     4526.    0.00000000D+00    0.00000000D+00
     4529.    0.00000000D+00    0.00000000D+00
     4532.    0.00000000D+00    0.00000000D+00
     4535.    0.00000000D+00    0.00000000D+00
     4538.    0.00000000D+00    0.00000000D+00
     4541.    0.00000000D+00    0.00000000D+00
     4544.    0.00000000D+00    0.00000000D+00
     4547.    0.00000000D+00    0.00000000D+00
