     4253.       -3.55872822       -0.42630232        3.58417078        0.00000019       -0.00000161        0.00000162
     4256.       -2.01280002       -0.40282235        2.05271278        0.00000018       -0.00000091        0.00000093
     4259.       -0.64017559       -0.38072409        0.74483261        0.00000017       -0.00000029        0.00000034
     4262.        0.62951936       -0.35991281        0.72514264        0.00000017        0.00000029        0.00000033
     4265.        1.85836919       -0.34031056        1.88927164        0.00000016        0.00000086        0.00000088
     4268.        3.11017138       -0.32184277        3.12677930        0.00000015        0.00000145        0.00000146
     4271.        4.46291275       -0.30444463        4.47328478        0.00000014        0.00000210        0.00000210
     4274.        6.03003040       -0.28806084        6.03690697        0.00000014        0.00000285        0.00000286
     4277.        8.00767092       -0.27264739        8.01231116        0.00000013        0.00000381        0.00000382
     4280.       10.80588530       -0.25816499       10.80896879        0.00000012        0.00000519        0.00000519
     4283.       15.54767678       -0.24459753       15.54960068        0.00000012        0.00000752        0.00000752
     4286.       27.57016849       -0.23195535       27.57114423        0.00000011        0.00001343        0.00001343
     4289.     -149.76807856       -0.22030680      149.76824059        0.00000011       -0.00007351        0.00007351
     4292.       19.05921138       -0.20990930       19.06036727        0.00000010        0.00000943        0.00000943
     4295.     -492.47909741       -0.20240886      492.47913901        0.00000010       -0.00024558        0.00024558
     4298.      -33.23986754       -0.19165445       33.24042005        0.00000010       -0.00001671        0.00001671
     4301.      -17.69688284       -0.17933552       17.69779148        0.00000009       -0.00000897        0.00000897
     4304.      -11.82405846       -0.16930197       11.82527047        0.00000009       -0.00000605        0.00000605
     4307.       -8.59777427       -0.15720778        8.59921139        0.00000008       -0.00000443        0.00000443
     4310.       -6.48013448       -0.14776280        6.48181894        0.00000008       -0.00000337        0.00000337
     4313.       -4.92677819       -0.13697151        4.92868183        0.00000007       -0.00000259        0.00000259
     4316.       -3.68895069       -0.12724800        3.69114470        0.00000007       -0.00000195        0.00000196
     4319.       -2.62620706       -0.11883437        2.62889428        0.00000006       -0.00000141        0.00000141
     4322.       -1.64620196       -0.11046781        1.64990425        0.00000006       -0.00000089        0.00000089
     4325.       -0.67226370       -0.10215463        0.67998092        0.00000006       -0.00000037        0.00000037
     4328.        0.38152368       -0.09451949        0.39305757        0.00000005        0.00000021        0.00000022
     4331.        1.64211170       -0.08768251        1.64445099        0.00000005        0.00000091        0.00000092
     4334.        3.35096099       -0.08136333        3.35194862        0.00000005        0.00000189        0.00000189
     4337.        6.11603462       -0.07532547        6.11649846        0.00000004        0.00000348        0.00000348
     4340.       12.37178666       -0.06952642       12.37198202        0.00000004        0.00000712        0.00000712
     4343.      136.73839557       -0.06405071      136.73841057        0.00000004        0.00007962        0.00007962
     4346.       26.44279907       -0.05897738       26.44286484        0.00000003        0.00001558        0.00001558
     4349.      -39.05368540       -0.05431261       39.05372316        0.00000003       -0.00002329        0.00002329
     4352.      -16.78399756       -0.05000512       16.78407205        0.00000003       -0.00001014        0.00001014
     4355.      -11.50376736       -0.04599062       11.50385929        0.00000003       -0.00000704        0.00000704
     4358.       -9.03995960       -0.04222023        9.04005819        0.00000003       -0.00000561        0.00000561
     4361.       -7.56917015       -0.03866837        7.56926892        0.00000002       -0.00000476        0.00000476
     4364.       -6.50967692       -0.03532914        6.50977279        0.00000002       -0.00000415        0.00000415
     4367.       -5.39638351       -0.03220498        5.39647961        0.00000002       -0.00000349        0.00000349
     4370.       13.37088241       -0.02929762       13.37091451        0.00000002        0.00000878        0.00000878
     4373.        7.47021726       -0.02660259        7.47026463        0.00000002        0.00000498        0.00000498
     4376.       -9.89534295       -0.02410886        9.89537232        0.00000002       -0.00000671        0.00000671
     4379.      -10.01517558       -0.02180153       10.01519931        0.00000002       -0.00000691        0.00000691
     4382.      -13.83334895       -0.01966495       13.83336293        0.00000001       -0.00000971        0.00000971
     4385.       -5.46010374       -0.01768474        5.46013238        0.00000001       -0.00000390        0.00000390
     4388.        9.88585874       -0.01584920        9.88587145        0.00000001        0.00000720        0.00000720
     4391.       19.33579057       -0.01414909       19.33579575        0.00000001        0.00001437        0.00001437
     4394.       20.11075275       -0.01257705       20.11075668        0.00000001        0.00001526        0.00001526
     4397.        5.12163251       -0.01112736        5.12164460        0.00000001        0.00000397        0.00000397
     4400.        2.75681545       -0.00979480        2.75683285        0.00000001        0.00000219        0.00000219
     4403.        1.73088514       -0.00857433        1.73090638        0.00000001        0.00000141        0.00000141
     4406.        1.16349527       -0.00746079        1.16351919        0.00000001        0.00000097        0.00000097
     4409.        0.81192571       -0.00644881        0.81195132        0.00000001        0.00000069        0.00000069
     4412.        0.57927027       -0.00553281        0.57929669        0.00000000        0.00000051        0.00000051
     4415.        0.41867152       -0.00470723        0.41869799        0.00000000        0.00000038        0.00000038
     4418.        0.30461308       -0.00396666        0.30463890        0.00000000        0.00000029        0.00000029
     4421.        0.22201166       -0.00330591        0.22203627        0.00000000        0.00000022        0.00000022
     4424.        0.16140606       -0.00272007        0.16142898        0.00000000        0.00000016        0.00000016
     4427.        0.11658422       -0.00220458        0.11660506        0.00000000        0.00000012        0.00000012
     4430.        0.08331364       -0.00175509        0.08333212        0.00000000        0.00000009        0.00000009
     4433.        0.05862777       -0.00136747        0.05864372        0.00000000        0.00000007        0.00000007
     4436.        0.04039545       -0.00103774        0.04040878        0.00000000        0.00000005        0.00000005
     4439.        0.02705390       -0.00076199        0.02706463        0.00000000        0.00000003        0.00000003
     4442.        0.01743683       -0.00053636        0.01744508        0.00000000        0.00000002        0.00000002
     4445.        0.01065997       -0.00035690        0.01066595        0.00000000        0.00000002        0.00000002
     4448.        0.00604342       -0.00021960        0.00604740        0.00000000        0.00000001        0.00000001
     4451.        0.00305636       -0.00012025        0.00305873        0.00000000        0.00000001        0.00000001
     4454.        0.00127794       -0.00005434        0.00127910        0.00000000        0.00000000        0.00000000
     4457.        0.00036683       -0.00001683        0.00036721        0.00000000        0.00000000        0.00000000
     4460.        0.00003459       -0.00000171        0.00003463        0.00000000        0.00000000        0.00000000
     4463.       -0.00000031       -0.00000571        0.00000572        0.00000000        0.00000000        0.00000000
     4466.       -0.00000990       -0.00017108        0.00017136        0.00000000        0.00000000        0.00000000
     4469.       -0.00004071       -0.00065026        0.00065153        0.00000000        0.00000000        0.00000000
     4472.       -0.00010063       -0.00149150        0.00149489        0.00000000        0.00000000        0.00000000
     4475.       -0.00019708       -0.00270766        0.00271483        0.00000000        0.00000000        0.00000000
     4478.       -0.00033511       -0.00429690        0.00430995        0.00000000        0.00000001        0.00000001
     4481.       -0.00051909       -0.00624410        0.00626564        0.00000000        0.00000001        0.00000001
     4484.       -0.00075773       -0.00853363        0.00856721        0.00000000        0.00000001        0.00000001
     4487.       -0.00105237       -0.01115184        0.01120139        0.00000000        0.00000001        0.00000001
     4490.       -0.00139933       -0.01407597        0.01414535        0.00000000        0.00000002        0.00000002
     4493.       -0.00180417       -0.01727823        0.01737217        0.00000000        0.00000002        0.00000002
     4496.       -0.00227798       -0.02074125        0.02086597        0.00000000        0.00000002        0.00000002
     4499.       -0.00282345       -0.02445673        0.02461917        0.00000000        0.00000002        0.00000002
     4502.       -0.00343242       -0.02841380        0.02862037        0.00000000        0.00000003        0.00000003
     4505.       -0.00409416       -0.03259094        0.03284709        0.00000000        0.00000003        0.00000003
     4508.       -0.00480715       -0.03695989        0.03727120        0.00000000        0.00000003        0.00000003
     4511.       -0.00558173       -0.04149778        0.04187149        0.00000000        0.00000004        0.00000004
     4514.       -0.00643056       -0.04619519        0.04664062        0.00000001        0.00000004        0.00000004
     4517.       -0.00735864       -0.05105231        0.05157992        0.00000001        0.00000004        0.00000004
     4520.       -0.00836015       -0.05607060        0.05669042        0.00000001        0.00000004        0.00000004
     4523.       -0.00942124       -0.06124629        0.06196667        0.00000001        0.00000005        0.00000005
     4526.       -0.01052609       -0.06656620        0.06739331        0.00000001        0.00000005        0.00000005
     4529.       -0.01166421       -0.07200878        0.07294736        0.00000001        0.00000005        0.00000005
     4532.       -0.01283549       -0.07754977        0.07860481        0.00000001        0.00000006        0.00000006
     4535.       -0.01404958       -0.08317010        0.08434842        0.00000001        0.00000006        0.00000006
     4538.       -0.01532066       -0.08886063        0.09017169        0.00000001        0.00000006        0.00000006
     4541.       -0.01666102       -0.09462286        0.09607849        0.00000001        0.00000006        0.00000006
     4544.       -0.01807541       -0.10046466        0.10207776        0.00000001        0.00000007        0.00000007
     4547.       -0.01956045       -0.10639545        0.10817858        0.00000001        0.00000007        0.00000007
