     4253.       -2.23168851       -0.33507775        2.25670350        0.00000015       -0.00000101        0.00000102
     4256.       -0.82303623       -0.31585149        0.88156157        0.00000014       -0.00000037        0.00000040
     4259.        0.42591920       -0.29777562        0.51968980        0.00000014        0.00000019        0.00000024
     4262.        1.58199127       -0.28076936        1.60671336        0.00000013        0.00000073        0.00000074
     4265.        2.70403600       -0.26475985        2.71696677        0.00000012        0.00000125        0.00000126
     4268.        3.85259523       -0.24968190        3.86067754        0.00000012        0.00000180        0.00000180
     4271.        5.10169740       -0.23547147        5.10712867        0.00000011        0.00000240        0.00000240
     4274.        6.55930683       -0.22207623        6.56306514        0.00000011        0.00000310        0.00000310
     4277.        8.41236187       -0.20944662        8.41496882        0.00000010        0.00000401        0.00000401
     4280.       11.05191550       -0.19753915       11.05368074        0.00000009        0.00000530        0.00000530
     4283.       15.54935234       -0.18631458       15.55046852        0.00000009        0.00000752        0.00000752
     4286.       26.99572582       -0.17574106       26.99629785        0.00000009        0.00001315        0.00001315
     4289.     -142.14968272       -0.16579576      142.14977941        0.00000008       -0.00006977        0.00006977
     4292.       18.88369064       -0.15647220       18.88433890        0.00000008        0.00000934        0.00000934
     4295.     -470.11957099       -0.14781733      470.11959423        0.00000007       -0.00023443        0.00023443
     4298.      -31.16747276       -0.14000370       31.16778721        0.00000007       -0.00001567        0.00001567
     4301.      -16.32790024       -0.13227732       16.32843604        0.00000007       -0.00000828        0.00000828
     4304.      -10.72733777       -0.12466995       10.72806218        0.00000006       -0.00000548        0.00000549
     4307.       -7.65170634       -0.11683489        7.65259827        0.00000006       -0.00000395        0.00000395
     4310.       -5.63287908       -0.10962065        5.63394564        0.00000006       -0.00000293        0.00000293
     4313.       -4.14982413       -0.10217932        4.15108189        0.00000005       -0.00000218        0.00000218
     4316.       -2.96299563       -0.09535821        2.96452969        0.00000005       -0.00000157        0.00000157
     4319.       -1.93842608       -0.08909115        1.94047234        0.00000005       -0.00000104        0.00000104
     4322.       -0.98637577       -0.08298993        0.98986085        0.00000004       -0.00000053        0.00000053
     4325.       -0.03053381       -0.07711423        0.08293924        0.00000004       -0.00000002        0.00000005
     4328.        1.01559186       -0.07167172        1.01811770        0.00000004        0.00000056        0.00000056
     4331.        2.28111518       -0.06666165        2.28208901        0.00000004        0.00000127        0.00000127
     4334.        4.01378102       -0.06196618        4.01425932        0.00000003        0.00000226        0.00000226
     4337.        6.83971789       -0.05750389        6.83995961        0.00000003        0.00000389        0.00000389
     4340.       13.26845056       -0.05326315       13.26855747        0.00000003        0.00000764        0.00000764
     4343.      141.49955855       -0.04926984      141.49956712        0.00000003        0.00008239        0.00008239
     4346.       27.70789595       -0.04554230       27.70793338        0.00000003        0.00001633        0.00001633
     4349.      -39.74093208       -0.04207060       39.74095434        0.00000003       -0.00002370        0.00002370
     4352.      -16.80519052       -0.03882832       16.80523538        0.00000002       -0.00001015        0.00001015
     4355.      -11.35964318       -0.03578703       11.35969955        0.00000002       -0.00000695        0.00000695
     4358.       -8.80436162       -0.03292630        8.80442319        0.00000002       -0.00000546        0.00000546
     4361.       -7.25424077       -0.03023367        7.25430378        0.00000002       -0.00000456        0.00000456
     4364.       -6.09141794       -0.02770362        6.09148094        0.00000002       -0.00000388        0.00000388
     4367.       -4.76144304       -0.02533255        4.76151043        0.00000002       -0.00000308        0.00000308
     4370.       19.71600405       -0.02311676       19.71601760        0.00000002        0.00001295        0.00001295
     4373.       11.83607910       -0.02105023       11.83609781        0.00000001        0.00000790        0.00000790
     4376.      -10.40905660       -0.01912522       10.40907417        0.00000001       -0.00000706        0.00000706
     4379.      -10.14160162       -0.01733298       10.14161644        0.00000001       -0.00000699        0.00000699
     4382.      -13.72298008       -0.01566477       13.72298903        0.00000001       -0.00000963        0.00000963
     4385.       -5.57076016       -0.01411310        5.57077803        0.00000001       -0.00000398        0.00000398
     4388.        9.31323397       -0.01267098        9.31324259        0.00000001        0.00000678        0.00000678
     4391.       19.07041346       -0.01133272       19.07041683        0.00000001        0.00001417        0.00001417
     4394.       19.92001518       -0.01009333       19.92001773        0.00000001        0.00001511        0.00001511
     4397.        5.02112362       -0.00894830        5.02113159        0.00000001        0.00000389        0.00000389
     4400.        2.68704994       -0.00789346        2.68706154        0.00000001        0.00000213        0.00000213
     4403.        1.67985581       -0.00692475        1.67987009        0.00000001        0.00000136        0.00000136
     4406.        1.12525098       -0.00603814        1.12526718        0.00000001        0.00000094        0.00000094
     4409.        0.78290198       -0.00522964        0.78291944        0.00000000        0.00000067        0.00000067
     4412.        0.55710711       -0.00449529        0.55712525        0.00000000        0.00000049        0.00000049
     4415.        0.40171758       -0.00383121        0.40173585        0.00000000        0.00000036        0.00000036
     4418.        0.29166307       -0.00323365        0.29168099        0.00000000        0.00000027        0.00000027
     4421.        0.21216587       -0.00269900        0.21218303        0.00000000        0.00000021        0.00000021
     4424.        0.15397683       -0.00222383        0.15399289        0.00000000        0.00000015        0.00000015
     4427.        0.11103605       -0.00180478        0.11105071        0.00000000        0.00000012        0.00000012
     4430.        0.07922888       -0.00143868        0.07924194        0.00000000        0.00000009        0.00000009
     4433.        0.05567464       -0.00112239        0.05568595        0.00000000        0.00000006        0.00000006
     4436.        0.03831010       -0.00085287        0.03831959        0.00000000        0.00000005        0.00000005
     4439.        0.02562552       -0.00062709        0.02563320        0.00000000        0.00000003        0.00000003
     4442.        0.01649703       -0.00044201        0.01650295        0.00000000        0.00000002        0.00000002
     4445.        0.01007449       -0.00029454        0.01007880        0.00000000        0.00000002        0.00000002
     4448.        0.00570562       -0.00018149        0.00570850        0.00000000        0.00000001        0.00000001
     4451.        0.00288276       -0.00009953        0.00288447        0.00000000        0.00000001        0.00000001
     4454.        0.00120427       -0.00004504        0.00120511        0.00000000        0.00000000        0.00000000
     4457.        0.00034539       -0.00001398        0.00034567        0.00000000        0.00000000        0.00000000
     4460.        0.00003254       -0.00000142        0.00003257        0.00000000        0.00000000        0.00000000
     4463.       -0.00000025       -0.00000537        0.00000537        0.00000000        0.00000000        0.00000000
     4466.       -0.00000824       -0.00016073        0.00016094        0.00000000        0.00000000        0.00000000
     4469.       -0.00003396       -0.00061052        0.00061146        0.00000000        0.00000000        0.00000000
     4472.       -0.00008401       -0.00139940        0.00140192        0.00000000        0.00000000        0.00000000
     4475.       -0.00016479       -0.00253892        0.00254426        0.00000000        0.00000000        0.00000000
     4478.       -0.00028034       -0.00402662        0.00403637        0.00000000        0.00000001        0.00000001
     4481.       -0.00043443       -0.00584776        0.00586387        0.00000000        0.00000001        0.00000001
     4484.       -0.00063470       -0.00798738        0.00801256        0.00000000        0.00000001        0.00000001
     4487.       -0.00088177       -0.01043204        0.01046924        0.00000000        0.00000001        0.00000001
     4490.       -0.00117217       -0.01315973        0.01321183        0.00000000        0.00000002        0.00000002
     4493.       -0.00151093       -0.01614438        0.01621493        0.00000000        0.00000002        0.00000002
     4496.       -0.00190782       -0.01936983        0.01946356        0.00000000        0.00000002        0.00000002
     4499.       -0.00236475       -0.02282752        0.02294968        0.00000000        0.00000002        0.00000002
     4502.       -0.00287408       -0.02650655        0.02666191        0.00000000        0.00000003        0.00000003
     4505.       -0.00342628       -0.03038643        0.03057899        0.00000000        0.00000003        0.00000003
     4508.       -0.00402021       -0.03444118        0.03467502        0.00000000        0.00000003        0.00000003
     4511.       -0.00466505       -0.03865007        0.03893059        0.00000000        0.00000003        0.00000003
     4514.       -0.00537188       -0.04300407        0.04333828        0.00000000        0.00000004        0.00000004
     4517.       -0.00614480       -0.04750266        0.04789845        0.00000001        0.00000004        0.00000004
     4520.       -0.00697833       -0.05214670        0.05261155        0.00000001        0.00000004        0.00000004
     4523.       -0.00786005       -0.05693171        0.05747174        0.00000001        0.00000004        0.00000004
     4526.       -0.00877614       -0.06184517        0.06246476        0.00000001        0.00000005        0.00000005
     4529.       -0.00971774       -0.06686759        0.06757003        0.00000001        0.00000005        0.00000005
     4532.       -0.01068507       -0.07197738        0.07276615        0.00000001        0.00000005        0.00000005
     4535.       -0.01168666       -0.07715775        0.07803779        0.00000001        0.00000005        0.00000005
     4538.       -0.01273478       -0.08240100        0.08337925        0.00000001        0.00000006        0.00000006
     4541.       -0.01383955       -0.08770761        0.08879278        0.00000001        0.00000006        0.00000006
     4544.       -0.01500505       -0.09308441        0.09428605        0.00000001        0.00000006        0.00000006
     4547.       -0.01622801       -0.09853923        0.09986655        0.00000001        0.00000006        0.00000006
