     4253.       -3.53866183        0.00654592        3.53866788       -0.00000000       -0.00000160        0.00000160
     4256.       -2.82961210        0.00625204        2.82961901       -0.00000000       -0.00000129        0.00000129
     4259.       -2.26098048        0.00596732        2.26098835       -0.00000000       -0.00000103        0.00000103
     4262.       -1.78792327        0.00569173        1.78793233       -0.00000000       -0.00000082        0.00000082
     4265.       -1.37579081        0.00542525        1.37580151       -0.00000000       -0.00000064        0.00000064
     4268.       -0.99347772        0.00516775        0.99349116       -0.00000000       -0.00000046        0.00000046
     4271.       -0.60620886        0.00491914        0.60622881       -0.00000000       -0.00000028        0.00000028
     4274.       -0.16327253        0.00467928        0.16333957       -0.00000000       -0.00000008        0.00000008
     4277.        0.43133309        0.00444801        0.43135603       -0.00000000        0.00000021        0.00000021
     4280.        1.41112049        0.00422517        1.41112681       -0.00000000        0.00000068        0.00000068
     4283.        3.54803358        0.00401059        3.54803585       -0.00000000        0.00000172        0.00000172
     4286.       11.35519997        0.00380407       11.35520061       -0.00000000        0.00000553        0.00000553
     4289.     -174.32728979        0.00360546      174.32728982       -0.00000000       -0.00008557        0.00008557
     4292.      -31.23856773        0.00341458       31.23856792       -0.00000000       -0.00001545        0.00001545
     4295.      234.94347585        0.00323118      234.94347588       -0.00000000        0.00011716        0.00011716
     4298.        9.11879557        0.00305513        9.11879608       -0.00000000        0.00000458        0.00000458
     4301.        3.36760921        0.00288620        3.36761044       -0.00000000        0.00000171        0.00000171
     4304.        1.72148358        0.00272421        1.72148574       -0.00000000        0.00000088        0.00000088
     4307.        1.02908930        0.00256898        1.02909251       -0.00000000        0.00000053        0.00000053
     4310.        0.68352764        0.00242028        0.68353193       -0.00000000        0.00000036        0.00000036
     4313.        0.49665258        0.00227797        0.49665780       -0.00000000        0.00000026        0.00000026
     4316.        0.39497865        0.00214186        0.39498446       -0.00000000        0.00000021        0.00000021
     4319.        0.34647369        0.00201174        0.34647953       -0.00000000        0.00000019        0.00000019
     4322.        0.33793962        0.00188744        0.33794489       -0.00000000        0.00000018        0.00000018
     4325.        0.36788414        0.00176878        0.36788840       -0.00000000        0.00000020        0.00000020
     4328.        0.44699664        0.00165560        0.44699970       -0.00000000        0.00000025        0.00000025
     4331.        0.60787125        0.00154772        0.60787322       -0.00000000        0.00000034        0.00000034
     4334.        0.94116110        0.00144498        0.94116221       -0.00000000        0.00000053        0.00000053
     4337.        1.75282036        0.00134720        1.75282088       -0.00000000        0.00000100        0.00000100
     4340.        4.70407583        0.00125424        4.70407599       -0.00000000        0.00000271        0.00000271
     4343.      121.53657683        0.00116593      121.53657684       -0.00000000        0.00007077        0.00007077
     4346.      -28.80361173        0.00108211       28.80361175       -0.00000000       -0.00001697        0.00001697
     4349.       11.37050387        0.00100264       11.37050391       -0.00000000        0.00000678        0.00000678
     4352.        2.62345682        0.00092738        2.62345698       -0.00000000        0.00000158        0.00000158
     4355.        1.17454671        0.00085617        1.17454702       -0.00000000        0.00000072        0.00000072
     4358.        0.66814477        0.00078887        0.66814524       -0.00000000        0.00000041        0.00000041
     4361.        0.44461245        0.00072535        0.44461304       -0.00000000        0.00000028        0.00000028
     4364.        0.36666357        0.00066548        0.36666417       -0.00000000        0.00000023        0.00000023
     4367.        0.53440037        0.00060912        0.53440072       -0.00000000        0.00000035        0.00000035
     4370.       17.93151471        0.00055613       17.93151471       -0.00000000        0.00001178        0.00001178
     4373.       -8.68622456        0.00050641        8.68622457       -0.00000000       -0.00000580        0.00000580
     4376.        0.26981763        0.00045982        0.26981802       -0.00000000        0.00000018        0.00000018
     4379.       -0.49736760        0.00041624        0.49736778       -0.00000000       -0.00000034        0.00000034
     4382.       -2.49514557        0.00037556        2.49514560       -0.00000000       -0.00000175        0.00000175
     4385.       15.37200884        0.00033767       15.37200884       -0.00000000        0.00001099        0.00001099
     4388.       -6.68354149        0.00030244        6.68354150       -0.00000000       -0.00000487        0.00000487
     4391.       25.20705722        0.00026977       25.20705722       -0.00000000        0.00001873        0.00001873
     4394.       -6.54817773        0.00023955        6.54817773       -0.00000000       -0.00000497        0.00000497
     4397.       -0.83595359        0.00021168        0.83595361       -0.00000000       -0.00000065        0.00000065
     4400.       -0.33153682        0.00018605        0.33153687       -0.00000000       -0.00000026        0.00000026
     4403.       -0.17311437        0.00016257        0.17311444       -0.00000000       -0.00000014        0.00000014
     4406.       -0.10248972        0.00014113        0.10248982       -0.00000000       -0.00000009        0.00000009
     4409.       -0.06511906        0.00012163        0.06511917       -0.00000000       -0.00000006        0.00000006
     4412.       -0.04322610        0.00010399        0.04322622       -0.00000000       -0.00000004        0.00000004
     4415.       -0.02951321        0.00008810        0.02951334       -0.00000000       -0.00000003        0.00000003
     4418.       -0.02051424        0.00007388        0.02051437       -0.00000000       -0.00000002        0.00000002
     4421.       -0.01440800        0.00006124        0.01440813       -0.00000000       -0.00000001        0.00000001
     4424.       -0.01016332        0.00005007        0.01016345       -0.00000000       -0.00000001        0.00000001
     4427.       -0.00716197        0.00004031        0.00716208       -0.00000000       -0.00000001        0.00000001
     4430.       -0.00501587        0.00003185        0.00501597       -0.00000000       -0.00000001        0.00000001
     4433.       -0.00347217        0.00002462        0.00347226       -0.00000000       -0.00000000        0.00000000
     4436.       -0.00236083        0.00001852        0.00236091       -0.00000000       -0.00000000        0.00000000
     4439.       -0.00156443        0.00001347        0.00156449       -0.00000000       -0.00000000        0.00000000
     4442.       -0.00099994        0.00000939        0.00099998       -0.00000000       -0.00000000        0.00000000
     4445.       -0.00060743        0.00000618        0.00060746       -0.00000000       -0.00000000        0.00000000
     4448.       -0.00034276        0.00000376        0.00034278       -0.00000000       -0.00000000        0.00000000
     4451.       -0.00017279        0.00000203        0.00017280       -0.00000000       -0.00000000        0.00000000
     4454.       -0.00007211        0.00000090        0.00007211       -0.00000000       -0.00000000        0.00000000
     4457.       -0.00002068        0.00000028        0.00002068       -0.00000000       -0.00000000        0.00000000
     4460.       -0.00000195        0.00000003        0.00000195       -0.00000000       -0.00000000        0.00000000
     4463.        0.00000000        0.00000032        0.00000032       -0.00000000       -0.00000000        0.00000000
     4466.        0.00000015        0.00000967        0.00000967       -0.00000000       -0.00000000        0.00000000
     4469.        0.00000060        0.00003684        0.00003685       -0.00000000       -0.00000000        0.00000000
     4472.        0.00000145        0.00008470        0.00008471       -0.00000000       -0.00000000        0.00000000
     4475.        0.00000275        0.00015416        0.00015418       -0.00000000       -0.00000000        0.00000000
     4478.        0.00000456        0.00024520        0.00024524       -0.00000000       -0.00000000        0.00000000
     4481.        0.00000691        0.00035732        0.00035738       -0.00000000       -0.00000000        0.00000000
     4484.        0.00000981        0.00048971        0.00048981       -0.00000000       -0.00000000        0.00000000
     4487.        0.00001332        0.00064143        0.00064157       -0.00000000       -0.00000000        0.00000000
     4490.        0.00001746        0.00081148        0.00081166       -0.00000000       -0.00000000        0.00000000
     4493.        0.00002225        0.00099885        0.00099910       -0.00000000       -0.00000000        0.00000000
     4496.        0.00002768        0.00120254        0.00120286       -0.00000000       -0.00000000        0.00000000
     4499.        0.00003375        0.00142148        0.00142188       -0.00000000       -0.00000000        0.00000000
     4502.        0.00004053        0.00165471        0.00165521       -0.00000000       -0.00000000        0.00000000
     4505.        0.00004806        0.00190135        0.00190196       -0.00000000       -0.00000000        0.00000000
     4508.        0.00005635        0.00216057        0.00216130       -0.00000000       -0.00000000        0.00000000
     4511.        0.00006537        0.00243155        0.00243243       -0.00000000       -0.00000000        0.00000000
     4514.        0.00007510        0.00271351        0.00271455       -0.00000000       -0.00000000        0.00000000
     4517.        0.00008552        0.00300565        0.00300686       -0.00000000       -0.00000000        0.00000000
     4520.        0.00009669        0.00330723        0.00330864       -0.00000000       -0.00000000        0.00000000
     4523.        0.00010865        0.00361759        0.00361922       -0.00000000       -0.00000000        0.00000000
     4526.        0.00012147        0.00393613        0.00393800       -0.00000000       -0.00000000        0.00000000
     4529.        0.00013519        0.00426233        0.00426447       -0.00000000       -0.00000000        0.00000000
     4532.        0.00014978        0.00459569        0.00459813       -0.00000000       -0.00000000        0.00000000
     4535.        0.00016521        0.00493573        0.00493849       -0.00000000       -0.00000000        0.00000000
     4538.        0.00018143        0.00528195        0.00528506       -0.00000000       -0.00000000        0.00000000
     4541.        0.00019840        0.00563385        0.00563734       -0.00000000       -0.00000000        0.00000000
     4544.        0.00021613        0.00599095        0.00599485       -0.00000000       -0.00000000        0.00000000
     4547.        0.00023464        0.00635278        0.00635711       -0.00000000       -0.00000000        0.00000000
