     4253.       -3.26823064        0.00288227        3.26823191       -0.00000000       -0.00000148        0.00000148
     4256.       -2.60265505        0.00275522        2.60265651       -0.00000000       -0.00000118        0.00000118
     4259.       -2.07034180        0.00263141        2.07034347       -0.00000000       -0.00000095        0.00000095
     4262.       -1.62836758        0.00251100        1.62836951       -0.00000000       -0.00000075        0.00000075
     4265.       -1.24367527        0.00239409        1.24367757       -0.00000000       -0.00000058        0.00000058
     4268.       -0.88664483        0.00228074        0.88664776       -0.00000000       -0.00000041        0.00000041
     4271.       -0.52419558        0.00217096        0.52420008       -0.00000000       -0.00000025        0.00000025
     4274.       -0.10806478        0.00206480        0.10808450       -0.00000000       -0.00000005        0.00000005
     4277.        0.45317453        0.00196224        0.45317877       -0.00000000        0.00000022        0.00000022
     4280.        1.38204533        0.00186325        1.38204658       -0.00000000        0.00000066        0.00000066
     4283.        3.41448586        0.00176782        3.41448632       -0.00000000        0.00000165        0.00000165
     4286.       10.85417428        0.00167588       10.85417441       -0.00000000        0.00000529        0.00000529
     4289.     -166.24723473        0.00158739      166.24723473       -0.00000000       -0.00008160        0.00008160
     4292.      -29.79870337        0.00150230       29.79870341       -0.00000000       -0.00001474        0.00001474
     4295.      224.62199760        0.00142053      224.62199761       -0.00000000        0.00011201        0.00011201
     4298.        8.75400317        0.00134201        8.75400327       -0.00000000        0.00000440        0.00000440
     4301.        3.25235200        0.00126668        3.25235225       -0.00000000        0.00000165        0.00000165
     4304.        1.67604066        0.00119446        1.67604109       -0.00000000        0.00000086        0.00000086
     4307.        1.01230354        0.00112527        1.01230417       -0.00000000        0.00000052        0.00000052
     4310.        0.68082550        0.00105903        0.68082632       -0.00000000        0.00000035        0.00000035
     4313.        0.50171864        0.00099567        0.50171962       -0.00000000        0.00000026        0.00000026
     4316.        0.40479278        0.00093511        0.40479386       -0.00000000        0.00000021        0.00000021
     4319.        0.35960089        0.00087726        0.35960196       -0.00000000        0.00000019        0.00000019
     4322.        0.35384828        0.00082205        0.35384923       -0.00000000        0.00000019        0.00000019
     4325.        0.38673684        0.00076940        0.38673760       -0.00000000        0.00000021        0.00000021
     4328.        0.46973899        0.00071923        0.46973954       -0.00000000        0.00000026        0.00000026
     4331.        0.63676090        0.00067146        0.63676125       -0.00000000        0.00000035        0.00000035
     4334.        0.98153748        0.00062602        0.98153768       -0.00000000        0.00000055        0.00000055
     4337.        1.81984720        0.00058284        1.81984730       -0.00000000        0.00000104        0.00000104
     4340.        4.86529081        0.00054183        4.86529084       -0.00000000        0.00000280        0.00000280
     4343.      125.35330452        0.00050293      125.35330452       -0.00000000        0.00007299        0.00007299
     4346.      -29.66579206        0.00046607       29.66579206       -0.00000000       -0.00001748        0.00001748
     4349.       11.71473079        0.00043117       11.71473080       -0.00000000        0.00000699        0.00000699
     4352.        2.71081156        0.00039817        2.71081159       -0.00000000        0.00000164        0.00000164
     4355.        1.22260391        0.00036700        1.22260396       -0.00000000        0.00000075        0.00000075
     4358.        0.70657459        0.00033759        0.70657468       -0.00000000        0.00000044        0.00000044
     4361.        0.48606057        0.00030988        0.48606067       -0.00000000        0.00000031        0.00000031
     4364.        0.42784657        0.00028380        0.42784666       -0.00000000        0.00000027        0.00000027
     4367.        0.68020284        0.00025930        0.68020289       -0.00000000        0.00000044        0.00000044
     4370.       23.45183143        0.00023632       23.45183143       -0.00000000        0.00001541        0.00001541
     4373.      -11.19351650        0.00021479       11.19351650       -0.00000000       -0.00000747        0.00000747
     4376.        0.43128798        0.00019466        0.43128802       -0.00000000        0.00000029        0.00000029
     4379.       -0.42963253        0.00017587        0.42963257       -0.00000000       -0.00000030        0.00000030
     4382.       -2.39389457        0.00015837        2.39389457       -0.00000000       -0.00000168        0.00000168
     4385.       14.91049744        0.00014210       14.91049744       -0.00000000        0.00001066        0.00001066
     4388.       -6.51157699        0.00012701        6.51157699       -0.00000000       -0.00000474        0.00000474
     4391.       25.13936722        0.00011305       25.13936722       -0.00000000        0.00001868        0.00001868
     4394.       -6.51311470        0.00010016        6.51311470       -0.00000000       -0.00000494        0.00000494
     4397.       -0.82612585        0.00008831        0.82612585       -0.00000000       -0.00000064        0.00000064
     4400.       -0.32584008        0.00007744        0.32584009       -0.00000000       -0.00000026        0.00000026
     4403.       -0.16932995        0.00006751        0.16932996       -0.00000000       -0.00000014        0.00000014
     4406.       -0.09982038        0.00005846        0.09982040       -0.00000000       -0.00000008        0.00000008
     4409.       -0.06317296        0.00005026        0.06317298       -0.00000000       -0.00000005        0.00000005
     4412.       -0.04177988        0.00004286        0.04177990       -0.00000000       -0.00000004        0.00000004
     4415.       -0.02842672        0.00003621        0.02842675       -0.00000000       -0.00000003        0.00000003
     4418.       -0.01969412        0.00003029        0.01969414       -0.00000000       -0.00000002        0.00000002
     4421.       -0.01378886        0.00002503        0.01378888       -0.00000000       -0.00000001        0.00000001
     4424.       -0.00969768        0.00002041        0.00969770       -0.00000000       -0.00000001        0.00000001
     4427.       -0.00681450        0.00001638        0.00681452       -0.00000000       -0.00000001        0.00000001
     4430.       -0.00475968        0.00001290        0.00475970       -0.00000000       -0.00000001        0.00000001
     4433.       -0.00328637        0.00000994        0.00328638       -0.00000000       -0.00000000        0.00000000
     4436.       -0.00222903        0.00000745        0.00222904       -0.00000000       -0.00000000        0.00000000
     4439.       -0.00147365        0.00000540        0.00147366       -0.00000000       -0.00000000        0.00000000
     4442.       -0.00093983        0.00000375        0.00093983       -0.00000000       -0.00000000        0.00000000
     4445.       -0.00056970        0.00000246        0.00056971       -0.00000000       -0.00000000        0.00000000
     4448.       -0.00032082        0.00000149        0.00032082       -0.00000000       -0.00000000        0.00000000
     4451.       -0.00016142        0.00000080        0.00016142       -0.00000000       -0.00000000        0.00000000
     4454.       -0.00006724        0.00000035        0.00006724       -0.00000000       -0.00000000        0.00000000
     4457.       -0.00001925        0.00000011        0.00001925       -0.00000000       -0.00000000        0.00000000
     4460.       -0.00000181        0.00000001        0.00000181       -0.00000000       -0.00000000        0.00000000
     4463.        0.00000000        0.00000030        0.00000030       -0.00000000       -0.00000000        0.00000000
     4466.        0.00000006        0.00000896        0.00000896       -0.00000000       -0.00000000        0.00000000
     4469.        0.00000023        0.00003409        0.00003409       -0.00000000       -0.00000000        0.00000000
     4472.        0.00000054        0.00007825        0.00007826       -0.00000000       -0.00000000        0.00000000
     4475.        0.00000102        0.00014224        0.00014225       -0.00000000       -0.00000000        0.00000000
     4478.        0.00000168        0.00022597        0.00022598       -0.00000000       -0.00000000        0.00000000
     4481.        0.00000252        0.00032891        0.00032892       -0.00000000       -0.00000000        0.00000000
     4484.        0.00000355        0.00045027        0.00045029       -0.00000000       -0.00000000        0.00000000
     4487.        0.00000477        0.00058915        0.00058917       -0.00000000       -0.00000000        0.00000000
     4490.        0.00000623        0.00074459        0.00074462       -0.00000000       -0.00000000        0.00000000
     4493.        0.00000789        0.00091564        0.00091568       -0.00000000       -0.00000000        0.00000000
     4496.        0.00000975        0.00110134        0.00110138       -0.00000000       -0.00000000        0.00000000
     4499.        0.00001182        0.00130074        0.00130079       -0.00000000       -0.00000000        0.00000000
     4502.        0.00001412        0.00151291        0.00151298       -0.00000000       -0.00000000        0.00000000
     4505.        0.00001669        0.00173706        0.00173714       -0.00000000       -0.00000000        0.00000000
     4508.        0.00001954        0.00197242        0.00197251       -0.00000000       -0.00000000        0.00000000
     4511.        0.00002263        0.00221823        0.00221835       -0.00000000       -0.00000000        0.00000000
     4514.        0.00002594        0.00247377        0.00247391       -0.00000000       -0.00000000        0.00000000
     4517.        0.00002946        0.00273836        0.00273851       -0.00000000       -0.00000000        0.00000000
     4520.        0.00003323        0.00301129        0.00301148       -0.00000000       -0.00000000        0.00000000
     4523.        0.00003729        0.00329200        0.00329222       -0.00000000       -0.00000000        0.00000000
     4526.        0.00004169        0.00357994        0.00358018       -0.00000000       -0.00000000        0.00000000
     4529.        0.00004644        0.00387463        0.00387490       -0.00000000       -0.00000000        0.00000000
     4532.        0.00005155        0.00417563        0.00417595       -0.00000000       -0.00000000        0.00000000
     4535.        0.00005697        0.00448250        0.00448286       -0.00000000       -0.00000000        0.00000000
     4538.        0.00006266        0.00479482        0.00479523       -0.00000000       -0.00000000        0.00000000
     4541.        0.00006861        0.00511212        0.00511258       -0.00000000       -0.00000000        0.00000000
     4544.        0.00007480        0.00543399        0.00543451       -0.00000000       -0.00000000        0.00000000
     4547.        0.00008127        0.00576003        0.00576061       -0.00000000       -0.00000000        0.00000000
