     4253.        3.37959248        0.10141324        3.38111371       -0.00000005        0.00000153        0.00000153
     4256.        2.83625883        0.09360614        2.83780307       -0.00000004        0.00000129        0.00000129
     4259.        2.47607661        0.08644367        2.47758509       -0.00000004        0.00000113        0.00000113
     4262.        2.26584734        0.07986910        2.26725456       -0.00000004        0.00000104        0.00000104
     4265.        2.18873898        0.07383341        2.18998395       -0.00000003        0.00000101        0.00000101
     4268.        2.24251320        0.06829429        2.24355289       -0.00000003        0.00000105        0.00000105
     4271.        2.44142883        0.06321699        2.44224715       -0.00000003        0.00000115        0.00000115
     4274.        2.82475264        0.05857389        2.82535987       -0.00000003        0.00000134        0.00000134
     4277.        3.47922130        0.05434706        3.47964573       -0.00000003        0.00000166        0.00000166
     4280.        4.60619953        0.05053330        4.60647671       -0.00000002        0.00000221        0.00000221
     4283.        6.78033934        0.04715418        6.78050331       -0.00000002        0.00000328        0.00000328
     4286.       12.76925691        0.04427787       12.76933368       -0.00000002        0.00000622        0.00000622
     4289.      -79.63804949        0.04203218       79.63806058       -0.00000002       -0.00003909        0.00003909
     4292.        7.93027075        0.03993031        7.93037128       -0.00000002        0.00000392        0.00000392
     4295.     -259.56702966        0.03220855      259.56703165       -0.00000002       -0.00012944        0.00012944
     4298.      -19.86608886        0.02705829       19.86610729       -0.00000001       -0.00000999        0.00000999
     4301.      -11.97347395        0.02559822       11.97350132       -0.00000001       -0.00000607        0.00000607
     4304.       -9.13707027        0.02414691        9.13710218       -0.00000001       -0.00000467        0.00000467
     4307.       -7.69389858        0.02247319        7.69393140       -0.00000001       -0.00000397        0.00000397
     4310.       -6.85009403        0.02083574        6.85012572       -0.00000001       -0.00000356        0.00000356
     4313.       -6.33024730        0.01911579        6.33027616       -0.00000001       -0.00000332        0.00000332
     4316.       -6.01596198        0.01749331        6.01598741       -0.00000001       -0.00000319        0.00000319
     4319.       -5.85236264        0.01600489        5.85238452       -0.00000001       -0.00000313        0.00000313
     4322.       -5.81669393        0.01456988        5.81671218       -0.00000001       -0.00000314        0.00000314
     4325.       -5.90828345        0.01319661        5.90829819       -0.00000001       -0.00000322        0.00000322
     4328.       -6.14925405        0.01193915        6.14926564       -0.00000001       -0.00000339        0.00000339
     4331.       -6.59748727        0.01080484        6.59749612       -0.00000001       -0.00000367        0.00000367
     4334.       -7.38851059        0.00976620        7.38851704       -0.00000001       -0.00000416        0.00000416
     4337.       -8.88886236        0.00880076        8.88886672       -0.00000001       -0.00000506        0.00000506
     4340.      -12.59534020        0.00790330       12.59534267       -0.00000000       -0.00000725        0.00000725
     4343.      -89.21779153        0.00707899       89.21779181       -0.00000000       -0.00005195        0.00005195
     4346.      -21.08523088        0.00633148       21.08523183       -0.00000000       -0.00001242        0.00001242
     4349.       19.16963873        0.00565727       19.16963957       -0.00000000        0.00001143        0.00001143
     4352.        5.35948469        0.00504813        5.35948707       -0.00000000        0.00000324        0.00000324
     4355.        1.88912513        0.00449528        1.88913048       -0.00000000        0.00000116        0.00000116
     4358.       -0.02136139        0.00399188        0.02173118       -0.00000000       -0.00000001        0.00000001
     4361.       -1.62567953        0.00353342        1.62568337       -0.00000000       -0.00000102        0.00000102
     4364.       -3.63206829        0.00311718        3.63206963       -0.00000000       -0.00000232        0.00000232
     4367.       -7.75106198        0.00274106        7.75106247       -0.00000000       -0.00000501        0.00000501
     4370.     -116.27557194        0.00240290      116.27557197       -0.00000000       -0.00007638        0.00007638
     4373.      -81.87952304        0.00210009       81.87952306       -0.00000000       -0.00005464        0.00005464
     4376.       15.81070261        0.00182967       15.81070272       -0.00000000        0.00001072        0.00001072
     4379.        9.32374689        0.00158853        9.32374703       -0.00000000        0.00000643        0.00000643
     4382.        8.05367894        0.00137374        8.05367906       -0.00000000        0.00000565        0.00000565
     4385.        6.14571187        0.00118269        6.14571198       -0.00000000        0.00000439        0.00000439
     4388.        4.61311798        0.00101308        4.61311809       -0.00000000        0.00000336        0.00000336
     4391.      -12.76278179        0.00086294       12.76278182       -0.00000000       -0.00000948        0.00000948
     4394.      -15.22552457        0.00073055       15.22552459       -0.00000000       -0.00001155        0.00001155
     4397.       -2.90125273        0.00061434        2.90125280       -0.00000000       -0.00000225        0.00000225
     4400.       -1.29820829        0.00051288        1.29820839       -0.00000000       -0.00000103        0.00000103
     4403.       -0.70244050        0.00042480        0.70244063       -0.00000000       -0.00000057        0.00000057
     4406.       -0.41416627        0.00034881        0.41416642       -0.00000000       -0.00000035        0.00000035
     4409.       -0.25601782        0.00028369        0.25601798       -0.00000000       -0.00000022        0.00000022
     4412.       -0.16271121        0.00022828        0.16271137       -0.00000000       -0.00000014        0.00000014
     4415.       -0.10506860        0.00018148        0.10506876       -0.00000000       -0.00000010        0.00000010
     4418.       -0.06836639        0.00014232        0.06836654       -0.00000000       -0.00000006        0.00000006
     4421.       -0.04453615        0.00010986        0.04453628       -0.00000000       -0.00000004        0.00000004
     4424.       -0.02888214        0.00008327        0.02888226       -0.00000000       -0.00000003        0.00000003
     4427.       -0.01854513        0.00006177        0.01854523       -0.00000000       -0.00000002        0.00000002
     4430.       -0.01172284        0.00004468        0.01172292       -0.00000000       -0.00000001        0.00000001
     4433.       -0.00724803        0.00003134        0.00724809       -0.00000000       -0.00000001        0.00000001
     4436.       -0.00434880        0.00002118        0.00434885       -0.00000000       -0.00000001        0.00000001
     4439.       -0.00250650        0.00001366        0.00250654       -0.00000000       -0.00000000        0.00000000
     4442.       -0.00136862        0.00000830        0.00136864       -0.00000000       -0.00000000        0.00000000
     4445.       -0.00069379        0.00000466        0.00069381       -0.00000000       -0.00000000        0.00000000
     4448.       -0.00031636        0.00000234        0.00031637       -0.00000000       -0.00000000        0.00000000
     4451.       -0.00012291        0.00000100        0.00012292       -0.00000000       -0.00000000        0.00000000
     4454.       -0.00003658        0.00000033        0.00003658       -0.00000000       -0.00000000        0.00000000
     4457.       -0.00000643        0.00000006        0.00000643       -0.00000000       -0.00000000        0.00000000
     4460.       -0.00000024        0.00000000        0.00000024       -0.00000000       -0.00000000        0.00000000
     4463.       -0.00000000       -0.00000002        0.00000002        0.00000000        0.00000000        0.00000000
     4466.       -0.00000003       -0.00000227        0.00000227        0.00000000        0.00000000        0.00000000
     4469.       -0.00000020       -0.00001480        0.00001480        0.00000000        0.00000000        0.00000000
     4472.       -0.00000070       -0.00004765        0.00004765        0.00000000        0.00000000        0.00000000
     4475.       -0.00000176       -0.00011052        0.00011053        0.00000000        0.00000000        0.00000000
     4478.       -0.00000364       -0.00021215        0.00021218        0.00000000        0.00000000        0.00000000
     4481.       -0.00000666       -0.00036002        0.00036008        0.00000000        0.00000000        0.00000000
     4484.       -0.00001116       -0.00056041        0.00056052        0.00000000        0.00000000        0.00000000
     4487.       -0.00001751       -0.00081841        0.00081860        0.00000000        0.00000000        0.00000000
     4490.       -0.00002603       -0.00113805        0.00113835        0.00000000        0.00000000        0.00000000
     4493.       -0.00003714       -0.00152234        0.00152279        0.00000000        0.00000000        0.00000000
     4496.       -0.00005131       -0.00197353        0.00197420        0.00000000        0.00000000        0.00000000
     4499.       -0.00006900       -0.00249330        0.00249425        0.00000000        0.00000000        0.00000000
     4502.       -0.00009051       -0.00308268        0.00308401        0.00000000        0.00000000        0.00000000
     4505.       -0.00011608       -0.00374208        0.00374388        0.00000000        0.00000000        0.00000000
     4508.       -0.00014606       -0.00447136        0.00447375        0.00000000        0.00000000        0.00000000
     4511.       -0.00018096       -0.00527004        0.00527314        0.00000000        0.00000000        0.00000000
     4514.       -0.00022138       -0.00613756        0.00614155        0.00000000        0.00000001        0.00000001
     4517.       -0.00026779       -0.00707327        0.00707834        0.00000000        0.00000001        0.00000001
     4520.       -0.00032044       -0.00807644        0.00808280        0.00000000        0.00000001        0.00000001
     4523.       -0.00037935       -0.00914604        0.00915390        0.00000000        0.00000001        0.00000001
     4526.       -0.00044444       -0.01028072        0.01029032        0.00000000        0.00000001        0.00000001
     4529.       -0.00051573       -0.01147875        0.01149033        0.00000000        0.00000001        0.00000001
     4532.       -0.00059346       -0.01273824        0.01275205        0.00000000        0.00000001        0.00000001
     4535.       -0.00067816       -0.01405735        0.01407370        0.00000000        0.00000001        0.00000001
     4538.       -0.00077047       -0.01543445        0.01545367        0.00000000        0.00000001        0.00000001
     4541.       -0.00087101       -0.01686818        0.01689065        0.00000000        0.00000001        0.00000001
     4544.       -0.00098017       -0.01835756        0.01838371        0.00000000        0.00000001        0.00000001
     4547.       -0.00109802       -0.01990143        0.01993170        0.00000000        0.00000001        0.00000001
