     4253.        3.40504091        0.07759382        3.40592490       -0.00000004        0.00000154        0.00000154
     4256.        2.95284062        0.07133763        2.95370222       -0.00000003        0.00000134        0.00000134
     4259.        2.67492462        0.06560607        2.67572904       -0.00000003        0.00000122        0.00000122
     4262.        2.54196299        0.06034894        2.54267927       -0.00000003        0.00000117        0.00000117
     4265.        2.54089602        0.05552220        2.54150256       -0.00000003        0.00000118        0.00000118
     4268.        2.67350190        0.05108647        2.67398995       -0.00000002        0.00000125        0.00000125
     4271.        2.95937155        0.04700701        2.95974486       -0.00000002        0.00000139        0.00000139
     4274.        3.44567730        0.04325268        3.44594875       -0.00000002        0.00000163        0.00000163
     4277.        4.23320721        0.03979570        4.23339427       -0.00000002        0.00000202        0.00000202
     4280.        5.55285102        0.03661111        5.55297171       -0.00000002        0.00000266        0.00000266
     4283.        8.06079223        0.03367695        8.06086258       -0.00000002        0.00000390        0.00000390
     4286.       14.91440404        0.03097330       14.91443620       -0.00000002        0.00000726        0.00000726
     4289.      -90.54062302        0.02848250       90.54062750       -0.00000001       -0.00004444        0.00004444
     4292.        9.35380195        0.02618944        9.35383862       -0.00000001        0.00000463        0.00000463
     4295.     -293.94856154        0.02408271      293.94856252       -0.00000001       -0.00014658        0.00014658
     4298.      -22.08804056        0.02216104       22.08805168       -0.00000001       -0.00001110        0.00001110
     4301.      -13.10852959        0.02039380       13.10854546       -0.00000001       -0.00000665        0.00000665
     4304.       -9.86536181        0.01874705        9.86537963       -0.00000001       -0.00000504        0.00000504
     4307.       -8.20210567        0.01717812        8.20212366       -0.00000001       -0.00000423        0.00000423
     4310.       -7.21692093        0.01573080        7.21693807       -0.00000001       -0.00000376        0.00000376
     4313.       -6.59612004        0.01433763        6.59613563       -0.00000001       -0.00000346        0.00000346
     4316.       -6.20394192        0.01306121        6.20395567       -0.00000001       -0.00000329        0.00000329
     4319.       -5.97597106        0.01189478        5.97598290       -0.00000001       -0.00000320        0.00000320
     4322.       -5.88337184        0.01080078        5.88338175       -0.00000001       -0.00000318        0.00000318
     4325.       -5.92076516        0.00978077        5.92077324       -0.00000001       -0.00000323        0.00000323
     4328.       -6.10554736        0.00885045        6.10555378       -0.00000000       -0.00000337        0.00000337
     4331.       -6.48898501        0.00800611        6.48898995       -0.00000000       -0.00000361        0.00000361
     4334.       -7.19457818        0.00723304        7.19458181       -0.00000000       -0.00000405        0.00000405
     4337.       -8.55897300        0.00652027        8.55897548       -0.00000000       -0.00000487        0.00000487
     4340.      -11.95925420        0.00586373       11.95925563       -0.00000000       -0.00000688        0.00000688
     4343.      -82.42452119        0.00526296       82.42452135       -0.00000000       -0.00004799        0.00004799
     4346.      -19.82403757        0.00471670       19.82403814       -0.00000000       -0.00001168        0.00001168
     4349.       17.34027827        0.00422123       17.34027879       -0.00000000        0.00001034        0.00001034
     4352.        4.58458393        0.00377140        4.58458548       -0.00000000        0.00000277        0.00000277
     4355.        1.36083760        0.00336230        1.36084175       -0.00000000        0.00000083        0.00000083
     4358.       -0.44026082        0.00298996        0.44027097       -0.00000000       -0.00000027        0.00000027
     4361.       -1.98863496        0.00265131        1.98863673       -0.00000000       -0.00000125        0.00000125
     4364.       -3.97275457        0.00234407        3.97275526       -0.00000000       -0.00000253        0.00000253
     4367.       -8.11442827        0.00206618        8.11442853       -0.00000000       -0.00000525        0.00000525
     4370.     -118.06630289        0.00181567      118.06630290       -0.00000000       -0.00007756        0.00007756
     4373.      -83.15622579        0.00159046       83.15622581       -0.00000000       -0.00005549        0.00005549
     4376.       15.77384027        0.00138846       15.77384033       -0.00000000        0.00001070        0.00001070
     4379.        9.17338399        0.00120762        9.17338407       -0.00000000        0.00000633        0.00000633
     4382.        7.76766302        0.00104603        7.76766309       -0.00000000        0.00000545        0.00000545
     4385.        6.11854439        0.00090195        6.11854446       -0.00000000        0.00000437        0.00000437
     4388.        5.05505357        0.00077383        5.05505363       -0.00000000        0.00000368        0.00000368
     4391.      -12.56303573        0.00066026       12.56303574       -0.00000000       -0.00000934        0.00000934
     4394.      -15.07868168        0.00055998       15.07868170       -0.00000000       -0.00001144        0.00001144
     4397.       -2.84696090        0.00047182        2.84696094       -0.00000000       -0.00000221        0.00000221
     4400.       -1.26644626        0.00039470        1.26644632       -0.00000000       -0.00000100        0.00000100
     4403.       -0.68215065        0.00032759        0.68215073       -0.00000000       -0.00000055        0.00000055
     4406.       -0.40069109        0.00026954        0.40069118       -0.00000000       -0.00000033        0.00000033
     4409.       -0.24688172        0.00021965        0.24688182       -0.00000000       -0.00000021        0.00000021
     4412.       -0.15645225        0.00017707        0.15645235       -0.00000000       -0.00000014        0.00000014
     4415.       -0.10076290        0.00014101        0.10076300       -0.00000000       -0.00000009        0.00000009
     4418.       -0.06540829        0.00011076        0.06540839       -0.00000000       -0.00000006        0.00000006
     4421.       -0.04251551        0.00008562        0.04251559       -0.00000000       -0.00000004        0.00000004
     4424.       -0.02751539        0.00006498        0.02751547       -0.00000000       -0.00000003        0.00000003
     4427.       -0.01763383        0.00004827        0.01763390       -0.00000000       -0.00000002        0.00000002
     4430.       -0.01112679        0.00003496        0.01112685       -0.00000000       -0.00000001        0.00000001
     4433.       -0.00686788        0.00002456        0.00686793       -0.00000000       -0.00000001        0.00000001
     4436.       -0.00411415        0.00001662        0.00411418       -0.00000000       -0.00000000        0.00000000
     4439.       -0.00236768        0.00001074        0.00236771       -0.00000000       -0.00000000        0.00000000
     4442.       -0.00129096        0.00000653        0.00129098       -0.00000000       -0.00000000        0.00000000
     4445.       -0.00065354        0.00000367        0.00065355       -0.00000000       -0.00000000        0.00000000
     4448.       -0.00029762        0.00000185        0.00029763       -0.00000000       -0.00000000        0.00000000
     4451.       -0.00011549        0.00000079        0.00011549       -0.00000000       -0.00000000        0.00000000
     4454.       -0.00003433        0.00000026        0.00003433       -0.00000000       -0.00000000        0.00000000
     4457.       -0.00000603        0.00000005        0.00000603       -0.00000000       -0.00000000        0.00000000
     4460.       -0.00000022        0.00000000        0.00000022       -0.00000000       -0.00000000        0.00000000
     4463.       -0.00000000       -0.00000002        0.00000002        0.00000000        0.00000000        0.00000000
     4466.       -0.00000002       -0.00000212        0.00000212        0.00000000        0.00000000        0.00000000
     4469.       -0.00000016       -0.00001382        0.00001382        0.00000000        0.00000000        0.00000000
     4472.       -0.00000056       -0.00004444        0.00004444        0.00000000        0.00000000        0.00000000
     4475.       -0.00000140       -0.00010299        0.00010300        0.00000000        0.00000000        0.00000000
     4478.       -0.00000291       -0.00019753        0.00019755        0.00000000        0.00000000        0.00000000
     4481.       -0.00000533       -0.00033493        0.00033498        0.00000000        0.00000000        0.00000000
     4484.       -0.00000895       -0.00052094        0.00052101        0.00000000        0.00000000        0.00000000
     4487.       -0.00001405       -0.00076017        0.00076030        0.00000000        0.00000000        0.00000000
     4490.       -0.00002090       -0.00105625        0.00105645        0.00000000        0.00000000        0.00000000
     4493.       -0.00002985       -0.00141186        0.00141218        0.00000000        0.00000000        0.00000000
     4496.       -0.00004129       -0.00182901        0.00182947        0.00000000        0.00000000        0.00000000
     4499.       -0.00005557       -0.00230908        0.00230975        0.00000000        0.00000000        0.00000000
     4502.       -0.00007293       -0.00285294        0.00285387        0.00000000        0.00000000        0.00000000
     4505.       -0.00009358       -0.00346086        0.00346212        0.00000000        0.00000000        0.00000000
     4508.       -0.00011781       -0.00413260        0.00413428        0.00000000        0.00000000        0.00000000
     4511.       -0.00014602       -0.00486766        0.00486985        0.00000000        0.00000000        0.00000000
     4514.       -0.00017872       -0.00566541        0.00566823        0.00000000        0.00000000        0.00000000
     4517.       -0.00021628       -0.00652518        0.00652876        0.00000000        0.00000001        0.00000001
     4520.       -0.00025888       -0.00744613        0.00745063        0.00000000        0.00000001        0.00000001
     4523.       -0.00030653       -0.00842725        0.00843282        0.00000000        0.00000001        0.00000001
     4526.       -0.00035917       -0.00946719        0.00947400        0.00000000        0.00000001        0.00000001
     4529.       -0.00041680       -0.01056434        0.01057256        0.00000000        0.00000001        0.00000001
     4532.       -0.00047963       -0.01171691        0.01172673        0.00000000        0.00000001        0.00000001
     4535.       -0.00054810       -0.01292320        0.01293482        0.00000000        0.00000001        0.00000001
     4538.       -0.00062272       -0.01418169        0.01419535        0.00000000        0.00000001        0.00000001
     4541.       -0.00070398       -0.01549103        0.01550702        0.00000000        0.00000001        0.00000001
     4544.       -0.00079219       -0.01685018        0.01686879        0.00000000        0.00000001        0.00000001
     4547.       -0.00088737       -0.01825817        0.01827972        0.00000000        0.00000001        0.00000001
