     4253.        2.43649417        0.00115414        2.43649444       -0.00000000        0.00000110        0.00000110
     4256.        1.98077689        0.00107480        1.98077718       -0.00000000        0.00000090        0.00000090
     4259.        1.64439198        0.00100087        1.64439229       -0.00000000        0.00000075        0.00000075
     4262.        1.39712044        0.00093188        1.39712075       -0.00000000        0.00000064        0.00000064
     4265.        1.22055856        0.00086745        1.22055886       -0.00000000        0.00000057        0.00000057
     4268.        1.10542546        0.00080722        1.10542575       -0.00000000        0.00000052        0.00000052
     4271.        1.05159105        0.00075089        1.05159132       -0.00000000        0.00000049        0.00000049
     4274.        1.07210665        0.00069818        1.07210688       -0.00000000        0.00000051        0.00000051
     4277.        1.20694423        0.00064884        1.20694441       -0.00000000        0.00000057        0.00000057
     4280.        1.56988144        0.00060265        1.56988156       -0.00000000        0.00000075        0.00000075
     4283.        2.55614803        0.00055939        2.55614809       -0.00000000        0.00000124        0.00000124
     4286.        6.50637417        0.00051889        6.50637419       -0.00000000        0.00000317        0.00000317
     4289.      -90.10341177        0.00048097       90.10341178       -0.00000000       -0.00004423        0.00004423
     4292.      -15.83015941        0.00044546       15.83015941       -0.00000000       -0.00000783        0.00000783
     4295.      123.15206031        0.00041223      123.15206031       -0.00000000        0.00006141        0.00006141
     4298.        5.10086786        0.00038114        5.10086787       -0.00000000        0.00000256        0.00000256
     4301.        2.03778211        0.00035205        2.03778214       -0.00000000        0.00000103        0.00000103
     4304.        1.12493231        0.00032486        1.12493235       -0.00000000        0.00000058        0.00000058
     4307.        0.71371976        0.00029945        0.71371982       -0.00000000        0.00000037        0.00000037
     4310.        0.48511594        0.00027571        0.48511602       -0.00000000        0.00000025        0.00000025
     4313.        0.33872493        0.00025356        0.33872502       -0.00000000        0.00000018        0.00000018
     4316.        0.23352573        0.00023289        0.23352585       -0.00000000        0.00000012        0.00000012
     4319.        0.14907030        0.00021363        0.14907046       -0.00000000        0.00000008        0.00000008
     4322.        0.07263319        0.00019569        0.07263346       -0.00000000        0.00000004        0.00000004
     4325.       -0.00663385        0.00017899        0.00663627       -0.00000000       -0.00000000        0.00000000
     4328.       -0.10242479        0.00016347        0.10242492       -0.00000000       -0.00000006        0.00000006
     4331.       -0.23941421        0.00014905        0.23941426       -0.00000000       -0.00000013        0.00000013
     4334.       -0.47669145        0.00013567        0.47669147       -0.00000000       -0.00000027        0.00000027
     4337.       -1.00543426        0.00012328        1.00543427       -0.00000000       -0.00000057        0.00000057
     4340.       -2.85282251        0.00011180        2.85282251       -0.00000000       -0.00000164        0.00000164
     4343.      -74.96040809        0.00010119       74.96040809       -0.00000000       -0.00004365        0.00004365
     4346.       17.74122715        0.00009139       17.74122715       -0.00000000        0.00001045        0.00001045
     4349.       -7.01051972        0.00008236        7.01051972       -0.00000000       -0.00000418        0.00000418
     4352.       -1.67058485        0.00007405        1.67058485       -0.00000000       -0.00000101        0.00000101
     4355.       -0.83472059        0.00006640        0.83472059       -0.00000000       -0.00000051        0.00000051
     4358.       -0.61090324        0.00005940        0.61090324       -0.00000000       -0.00000038        0.00000038
     4361.       -0.63710959        0.00005298        0.63710959       -0.00000000       -0.00000040        0.00000040
     4364.       -0.97633391        0.00004711        0.97633391       -0.00000000       -0.00000062        0.00000062
     4367.       -2.52796910        0.00004176        2.52796910       -0.00000000       -0.00000164        0.00000164
     4370.     -104.51928550        0.00003689      104.51928550       -0.00000000       -0.00006866        0.00006866
     4373.       49.82782470        0.00003248       49.82782470       -0.00000000        0.00003325        0.00003325
     4376.       -2.97023515        0.00002848        2.97023515       -0.00000000       -0.00000201        0.00000201
     4379.       -0.75689911        0.00002487        0.75689911       -0.00000000       -0.00000052        0.00000052
     4382.        0.10716721        0.00002161        0.10716722       -0.00000000        0.00000008        0.00000008
     4385.       -2.54259347        0.00001870        2.54259347       -0.00000000       -0.00000182        0.00000182
     4388.        1.85998387        0.00001609        1.85998387       -0.00000000        0.00000136        0.00000136
     4391.      -22.76429593        0.00001377       22.76429593       -0.00000000       -0.00001692        0.00001692
     4394.        5.45571411        0.00001171        5.45571411       -0.00000000        0.00000414        0.00000414
     4397.        0.57663754        0.00000989        0.57663754       -0.00000000        0.00000045        0.00000045
     4400.        0.19352898        0.00000830        0.19352898       -0.00000000        0.00000015        0.00000015
     4403.        0.08710700        0.00000690        0.08710700       -0.00000000        0.00000007        0.00000007
     4406.        0.04496183        0.00000569        0.04496183       -0.00000000        0.00000004        0.00000004
     4409.        0.02507695        0.00000464        0.02507695       -0.00000000        0.00000002        0.00000002
     4412.        0.01466922        0.00000375        0.01466922       -0.00000000        0.00000001        0.00000001
     4415.        0.00884279        0.00000299        0.00884279       -0.00000000        0.00000001        0.00000001
     4418.        0.00542857        0.00000235        0.00542857       -0.00000000        0.00000001        0.00000001
     4421.        0.00336407        0.00000182        0.00336407       -0.00000000        0.00000000        0.00000000
     4424.        0.00208912        0.00000138        0.00208912       -0.00000000        0.00000000        0.00000000
     4427.        0.00129154        0.00000102        0.00129154       -0.00000000        0.00000000        0.00000000
     4430.        0.00078965        0.00000074        0.00078965       -0.00000000        0.00000000        0.00000000
     4433.        0.00047405        0.00000052        0.00047405       -0.00000000        0.00000000        0.00000000
     4436.        0.00027709        0.00000035        0.00027709       -0.00000000        0.00000000        0.00000000
     4439.        0.00015604        0.00000023        0.00015604       -0.00000000        0.00000000        0.00000000
     4442.        0.00008345        0.00000014        0.00008346       -0.00000000        0.00000000        0.00000000
     4445.        0.00004153        0.00000008        0.00004153       -0.00000000        0.00000000        0.00000000
     4448.        0.00001863        0.00000004        0.00001863       -0.00000000        0.00000000        0.00000000
     4451.        0.00000713        0.00000002        0.00000713       -0.00000000        0.00000000        0.00000000
     4454.        0.00000210        0.00000001        0.00000210       -0.00000000        0.00000000        0.00000000
     4457.        0.00000036        0.00000000        0.00000036       -0.00000000        0.00000000        0.00000000
     4460.        0.00000001        0.00000000        0.00000001       -0.00000000        0.00000000        0.00000000
     4463.       -0.00000000        0.00000000        0.00000000        0.00000000       -0.00000000        0.00000000
     4466.       -0.00000000        0.00000012        0.00000012        0.00000000       -0.00000000        0.00000000
     4469.       -0.00000000        0.00000081        0.00000081        0.00000000       -0.00000000        0.00000000
     4472.       -0.00000001        0.00000259        0.00000259        0.00000000       -0.00000000        0.00000000
     4475.       -0.00000003        0.00000598        0.00000598        0.00000000       -0.00000000        0.00000000
     4478.       -0.00000006        0.00001142        0.00001142        0.00000000       -0.00000000        0.00000000
     4481.       -0.00000010        0.00001930        0.00001930        0.00000000       -0.00000000        0.00000000
     4484.       -0.00000017        0.00002994        0.00002994        0.00000000       -0.00000000        0.00000000
     4487.       -0.00000027        0.00004360        0.00004360        0.00000000       -0.00000000        0.00000000
     4490.       -0.00000039        0.00006048        0.00006048        0.00000000       -0.00000000        0.00000000
     4493.       -0.00000056        0.00008074        0.00008074        0.00000000       -0.00000000        0.00000000
     4496.       -0.00000077        0.00010451        0.00010451        0.00000000       -0.00000000        0.00000000
     4499.       -0.00000102        0.00013187        0.00013187        0.00000000       -0.00000000        0.00000000
     4502.       -0.00000133        0.00016288        0.00016289        0.00000000       -0.00000000        0.00000000
     4505.       -0.00000170        0.00019759        0.00019759        0.00000000       -0.00000000        0.00000000
     4508.       -0.00000214        0.00023600        0.00023601        0.00000000       -0.00000000        0.00000000
     4511.       -0.00000264        0.00027813        0.00027814        0.00000000       -0.00000000        0.00000000
     4514.       -0.00000322        0.00032396        0.00032398        0.00000000       -0.00000000        0.00000000
     4517.       -0.00000389        0.00037347        0.00037349        0.00000000       -0.00000000        0.00000000
     4520.       -0.00000465        0.00042662        0.00042665        0.00000000       -0.00000000        0.00000000
     4523.       -0.00000550        0.00048339        0.00048342        0.00000000       -0.00000000        0.00000000
     4526.       -0.00000645        0.00054371        0.00054375        0.00000000       -0.00000000        0.00000000
     4529.       -0.00000750        0.00060755        0.00060760        0.00000000       -0.00000000        0.00000000
     4532.       -0.00000866        0.00067485        0.00067491        0.00000000       -0.00000000        0.00000000
     4535.       -0.00000993        0.00074556        0.00074562        0.00000000       -0.00000000        0.00000000
     4538.       -0.00001132        0.00081961        0.00081969        0.00000000       -0.00000000        0.00000000
     4541.       -0.00001284        0.00089695        0.00089704        0.00000000       -0.00000000        0.00000000
     4544.       -0.00001450        0.00097751        0.00097761        0.00000000       -0.00000000        0.00000000
     4547.       -0.00001629        0.00106122        0.00106134        0.00000000       -0.00000000        0.00000000
