     4253.        2.24052569        0.00059888        2.24052577       -0.00000000        0.00000101        0.00000101
     4256.        1.82501463        0.00055420        1.82501471       -0.00000000        0.00000083        0.00000083
     4259.        1.52196257        0.00051304        1.52196266       -0.00000000        0.00000070        0.00000070
     4262.        1.30334671        0.00047506        1.30334680       -0.00000000        0.00000060        0.00000060
     4265.        1.15262421        0.00043996        1.15262429       -0.00000000        0.00000053        0.00000053
     4268.        1.06235445        0.00040745        1.06235453       -0.00000000        0.00000050        0.00000050
     4271.        1.03469319        0.00037732        1.03469326       -0.00000000        0.00000049        0.00000049
     4274.        1.08626720        0.00034935        1.08626725       -0.00000000        0.00000051        0.00000051
     4277.        1.26404892        0.00032338        1.26404896       -0.00000000        0.00000060        0.00000060
     4280.        1.69905459        0.00029923        1.69905461       -0.00000000        0.00000082        0.00000082
     4283.        2.84349490        0.00027678        2.84349491       -0.00000000        0.00000137        0.00000137
     4286.        7.37023493        0.00025588        7.37023494       -0.00000000        0.00000359        0.00000359
     4289.     -102.86403126        0.00023643      102.86403126       -0.00000000       -0.00005049        0.00005049
     4292.      -18.05733019        0.00021833       18.05733019       -0.00000000       -0.00000893        0.00000893
     4295.      139.58561036        0.00020147      139.58561036       -0.00000000        0.00006961        0.00006961
     4298.        5.72966732        0.00018578        5.72966732       -0.00000000        0.00000288        0.00000288
     4301.        2.26748776        0.00017117        2.26748777       -0.00000000        0.00000115        0.00000115
     4304.        1.24138932        0.00015756        1.24138933       -0.00000000        0.00000063        0.00000063
     4307.        0.78286190        0.00014491        0.78286192       -0.00000000        0.00000040        0.00000040
     4310.        0.53073339        0.00013313        0.53073341       -0.00000000        0.00000028        0.00000028
     4313.        0.37159145        0.00012218        0.37159147       -0.00000000        0.00000020        0.00000020
     4316.        0.25933382        0.00011200        0.25933385       -0.00000000        0.00000014        0.00000014
     4319.        0.17127907        0.00010255        0.17127910       -0.00000000        0.00000009        0.00000009
     4322.        0.09373096        0.00009377        0.09373100       -0.00000000        0.00000005        0.00000005
     4325.        0.01560543        0.00008562        0.01560567       -0.00000000        0.00000001        0.00000001
     4328.       -0.07633594        0.00007807        0.07633598       -0.00000000       -0.00000004        0.00000004
     4331.       -0.20516319        0.00007108        0.20516320       -0.00000000       -0.00000011        0.00000011
     4334.       -0.42540959        0.00006460        0.42540960       -0.00000000       -0.00000024        0.00000024
     4337.       -0.91289305        0.00005862        0.91289305       -0.00000000       -0.00000052        0.00000052
     4340.       -2.61184267        0.00005309        2.61184267       -0.00000000       -0.00000150        0.00000150
     4343.      -68.91938845        0.00004799       68.91938845       -0.00000000       -0.00004013        0.00004013
     4346.       16.35527227        0.00004329       16.35527227       -0.00000000        0.00000964        0.00000964
     4349.       -6.48426213        0.00003897        6.48426213       -0.00000000       -0.00000387        0.00000387
     4352.       -1.55550707        0.00003500        1.55550707       -0.00000000       -0.00000094        0.00000094
     4355.       -0.78753781        0.00003136        0.78753781       -0.00000000       -0.00000048        0.00000048
     4358.       -0.58848208        0.00002802        0.58848208       -0.00000000       -0.00000036        0.00000036
     4361.       -0.62819796        0.00002497        0.62819796       -0.00000000       -0.00000039        0.00000039
     4364.       -0.97954911        0.00002219        0.97954911       -0.00000000       -0.00000062        0.00000062
     4367.       -2.55724242        0.00001965        2.55724242       -0.00000000       -0.00000165        0.00000165
     4370.     -105.91542539        0.00001735      105.91542539       -0.00000000       -0.00006957        0.00006957
     4373.       50.46490222        0.00001526       50.46490222       -0.00000000        0.00003367        0.00003367
     4376.       -3.01436675        0.00001337        3.01436675       -0.00000000       -0.00000204        0.00000204
     4379.       -0.78606844        0.00001167        0.78606844       -0.00000000       -0.00000054        0.00000054
     4382.        0.02844132        0.00001014        0.02844132       -0.00000000        0.00000002        0.00000002
     4385.       -2.09125238        0.00000877        2.09125238       -0.00000000       -0.00000149        0.00000149
     4388.        1.70160852        0.00000754        1.70160852       -0.00000000        0.00000124        0.00000124
     4391.      -22.65906018        0.00000645       22.65906018       -0.00000000       -0.00001684        0.00001684
     4394.        5.41835749        0.00000548        5.41835749       -0.00000000        0.00000411        0.00000411
     4397.        0.56956503        0.00000463        0.56956503       -0.00000000        0.00000044        0.00000044
     4400.        0.19025316        0.00000388        0.19025316       -0.00000000        0.00000015        0.00000015
     4403.        0.08528594        0.00000323        0.08528594       -0.00000000        0.00000007        0.00000007
     4406.        0.04386473        0.00000266        0.04386473       -0.00000000        0.00000004        0.00000004
     4409.        0.02438566        0.00000217        0.02438566       -0.00000000        0.00000002        0.00000002
     4412.        0.01422196        0.00000175        0.01422196       -0.00000000        0.00000001        0.00000001
     4415.        0.00854888        0.00000140        0.00854888       -0.00000000        0.00000001        0.00000001
     4418.        0.00523401        0.00000110        0.00523401       -0.00000000        0.00000000        0.00000000
     4421.        0.00323512        0.00000085        0.00323512       -0.00000000        0.00000000        0.00000000
     4424.        0.00200404        0.00000064        0.00200404       -0.00000000        0.00000000        0.00000000
     4427.        0.00123595        0.00000048        0.00123595       -0.00000000        0.00000000        0.00000000
     4430.        0.00075389        0.00000035        0.00075389       -0.00000000        0.00000000        0.00000000
     4433.        0.00045155        0.00000024        0.00045155       -0.00000000        0.00000000        0.00000000
     4436.        0.00026335        0.00000016        0.00026335       -0.00000000        0.00000000        0.00000000
     4439.        0.00014798        0.00000011        0.00014798       -0.00000000        0.00000000        0.00000000
     4442.        0.00007898        0.00000006        0.00007898       -0.00000000        0.00000000        0.00000000
     4445.        0.00003922        0.00000004        0.00003922       -0.00000000        0.00000000        0.00000000
     4448.        0.00001756        0.00000002        0.00001756       -0.00000000        0.00000000        0.00000000
     4451.        0.00000671        0.00000001        0.00000671       -0.00000000        0.00000000        0.00000000
     4454.        0.00000197        0.00000000        0.00000197       -0.00000000        0.00000000        0.00000000
     4457.        0.00000034        0.00000000        0.00000034       -0.00000000        0.00000000        0.00000000
     4460.        0.00000001        0.00000000        0.00000001       -0.00000000        0.00000000        0.00000000
     4463.       -0.00000000        0.00000000        0.00000000        0.00000000       -0.00000000        0.00000000
     4466.       -0.00000000        0.00000012        0.00000012        0.00000000       -0.00000000        0.00000000
     4469.       -0.00000000        0.00000075        0.00000075        0.00000000       -0.00000000        0.00000000
     4472.       -0.00000001        0.00000241        0.00000241        0.00000000       -0.00000000        0.00000000
     4475.       -0.00000001        0.00000554        0.00000554        0.00000000       -0.00000000        0.00000000
     4478.       -0.00000003        0.00001057        0.00001057        0.00000000       -0.00000000        0.00000000
     4481.       -0.00000005        0.00001784        0.00001784        0.00000000       -0.00000000        0.00000000
     4484.       -0.00000008        0.00002764        0.00002764        0.00000000       -0.00000000        0.00000000
     4487.       -0.00000013        0.00004019        0.00004019        0.00000000       -0.00000000        0.00000000
     4490.       -0.00000019        0.00005567        0.00005567        0.00000000       -0.00000000        0.00000000
     4493.       -0.00000027        0.00007422        0.00007422        0.00000000       -0.00000000        0.00000000
     4496.       -0.00000037        0.00009594        0.00009594        0.00000000       -0.00000000        0.00000000
     4499.       -0.00000049        0.00012090        0.00012090        0.00000000       -0.00000000        0.00000000
     4502.       -0.00000064        0.00014915        0.00014915        0.00000000       -0.00000000        0.00000000
     4505.       -0.00000082        0.00018071        0.00018071        0.00000000       -0.00000000        0.00000000
     4508.       -0.00000103        0.00021559        0.00021559        0.00000000       -0.00000000        0.00000000
     4511.       -0.00000127        0.00025379        0.00025379        0.00000000       -0.00000000        0.00000000
     4514.       -0.00000155        0.00029528        0.00029528        0.00000000       -0.00000000        0.00000000
     4517.       -0.00000188        0.00034004        0.00034004        0.00000000       -0.00000000        0.00000000
     4520.       -0.00000224        0.00038803        0.00038804        0.00000000       -0.00000000        0.00000000
     4523.       -0.00000266        0.00043922        0.00043923        0.00000000       -0.00000000        0.00000000
     4526.       -0.00000311        0.00049355        0.00049356        0.00000000       -0.00000000        0.00000000
     4529.       -0.00000362        0.00055098        0.00055099        0.00000000       -0.00000000        0.00000000
     4532.       -0.00000418        0.00061146        0.00061148        0.00000000       -0.00000000        0.00000000
     4535.       -0.00000479        0.00067493        0.00067495        0.00000000       -0.00000000        0.00000000
     4538.       -0.00000547        0.00074134        0.00074136        0.00000000       -0.00000000        0.00000000
     4541.       -0.00000620        0.00081063        0.00081065        0.00000000       -0.00000000        0.00000000
     4544.       -0.00000700        0.00088273        0.00088276        0.00000000       -0.00000000        0.00000000
     4547.       -0.00000786        0.00095759        0.00095762        0.00000000       -0.00000000        0.00000000
