     4253.       -6.44609607       -0.02358200        6.44613921        0.00000001       -0.00000291        0.00000291
     4256.       -6.09876641       -0.02124775        6.09880342        0.00000001       -0.00000277        0.00000277
     4259.       -5.89648995       -0.01914699        5.89652104        0.00000001       -0.00000270        0.00000270
     4262.       -5.81791696       -0.01725518        5.81794255        0.00000001       -0.00000268        0.00000268
     4265.       -5.85562243       -0.01555055        5.85564308        0.00000001       -0.00000271        0.00000271
     4268.       -6.01542751       -0.01401387        6.01544384        0.00000001       -0.00000281        0.00000281
     4271.       -6.31969735       -0.01262809        6.31970997        0.00000001       -0.00000297        0.00000297
     4274.       -6.81712693       -0.01137802        6.81713642        0.00000001       -0.00000322        0.00000322
     4277.       -7.60854265       -0.01025021        7.60854955        0.00000000       -0.00000362        0.00000362
     4280.       -8.92185586       -0.00923268        8.92186064        0.00000000       -0.00000428        0.00000428
     4283.      -11.40126419       -0.00831481       11.40126722        0.00000000       -0.00000551        0.00000551
     4286.      -18.13990578       -0.00748722       18.13990733        0.00000000       -0.00000884        0.00000884
     4289.       85.08444666       -0.00674165       85.08444693        0.00000000        0.00004176        0.00004176
     4292.      -12.76900738       -0.00607124       12.76900883        0.00000000       -0.00000632        0.00000632
     4295.      284.13443398       -0.00547145      284.13443403        0.00000000        0.00014169        0.00014169
     4298.       17.90120243       -0.00494206       17.90120311        0.00000000        0.00000900        0.00000900
     4301.        9.03286675       -0.00445615        9.03286785        0.00000000        0.00000458        0.00000458
     4304.        5.76315741       -0.00401006        5.76315880        0.00000000        0.00000295        0.00000295
     4307.        4.01840374       -0.00358768        4.01840534        0.00000000        0.00000207        0.00000207
     4310.        2.90999606       -0.00321100        2.90999784        0.00000000        0.00000151        0.00000151
     4313.        2.12317292       -0.00284960        2.12317483        0.00000000        0.00000111        0.00000111
     4316.        1.51435562       -0.00252894        1.51435773        0.00000000        0.00000080        0.00000080
     4319.        1.00488808       -0.00224488        1.00489059        0.00000000        0.00000054        0.00000054
     4322.        0.54305470       -0.00198253        0.54305832        0.00000000        0.00000029        0.00000029
     4325.        0.08612764       -0.00174250        0.08614526        0.00000000        0.00000005        0.00000005
     4328.       -0.41273161       -0.00153029        0.41273444        0.00000000       -0.00000023        0.00000023
     4331.       -1.02232729       -0.00134415        1.02232817        0.00000000       -0.00000057        0.00000057
     4334.       -1.87450237       -0.00117862        1.87450274        0.00000000       -0.00000106        0.00000106
     4337.       -3.30349717       -0.00102980        3.30349733        0.00000000       -0.00000188        0.00000188
     4340.       -6.65382335       -0.00089624        6.65382341        0.00000000       -0.00000383        0.00000383
     4343.      -75.36607388       -0.00077770       75.36607389        0.00000000       -0.00004388        0.00004388
     4346.      -14.17638305       -0.00067360       14.17638307        0.00000000       -0.00000835        0.00000835
     4349.       22.29888295       -0.00058256       22.29888296        0.00000000        0.00001330        0.00001330
     4352.       10.19987428       -0.00050284       10.19987430        0.00000000        0.00000616        0.00000616
     4355.        7.59508946       -0.00043282        7.59508947        0.00000000        0.00000465        0.00000465
     4358.        6.69101162       -0.00037122        6.69101163        0.00000000        0.00000415        0.00000415
     4361.        6.60416304       -0.00031710        6.60416304        0.00000000        0.00000415        0.00000415
     4364.        7.35202931       -0.00026974        7.35202932        0.00000000        0.00000469        0.00000469
     4367.       10.07286592       -0.00022852       10.07286592        0.00000000        0.00000652        0.00000652
     4370.       95.33042892       -0.00019282       95.33042892        0.00000000        0.00006262        0.00006262
     4373.       68.03226619       -0.00016205       68.03226619        0.00000000        0.00004540        0.00004540
     4376.       -8.76772378       -0.00013562        8.76772378        0.00000000       -0.00000595        0.00000595
     4379.       -3.05329049       -0.00011298        3.05329050        0.00000000       -0.00000211        0.00000211
     4382.        0.32357866       -0.00009362        0.32357868        0.00000000        0.00000023        0.00000023
     4385.       -4.08825796       -0.00007713        4.08825796        0.00000000       -0.00000292        0.00000292
     4388.      -14.39351669       -0.00006313       14.39351669        0.00000000       -0.00001049        0.00001049
     4391.        7.91375529       -0.00005129        7.91375529        0.00000000        0.00000588        0.00000588
     4394.       11.30387044       -0.00004135       11.30387044        0.00000000        0.00000858        0.00000858
     4397.        1.67581041       -0.00003304        1.67581041        0.00000000        0.00000130        0.00000130
     4400.        0.62719604       -0.00002616        0.62719604        0.00000000        0.00000050        0.00000050
     4403.        0.29252299       -0.00002050        0.29252299        0.00000000        0.00000024        0.00000024
     4406.        0.15108043       -0.00001589        0.15108043        0.00000000        0.00000013        0.00000013
     4409.        0.08257561       -0.00001216        0.08257561        0.00000000        0.00000007        0.00000007
     4412.        0.04665830       -0.00000918        0.04665830        0.00000000        0.00000004        0.00000004
     4415.        0.02686420       -0.00000682        0.02686421        0.00000000        0.00000002        0.00000002
     4418.        0.01560184       -0.00000498        0.01560184        0.00000000        0.00000001        0.00000001
     4421.        0.00906645       -0.00000356        0.00906645        0.00000000        0.00000001        0.00000001
     4424.        0.00523463       -0.00000249        0.00523463        0.00000000        0.00000001        0.00000001
     4427.        0.00298224       -0.00000169        0.00298224        0.00000000        0.00000000        0.00000000
     4430.        0.00166442       -0.00000111        0.00166442        0.00000000        0.00000000        0.00000000
     4433.        0.00090250       -0.00000070        0.00090250        0.00000000        0.00000000        0.00000000
     4436.        0.00047069       -0.00000042        0.00047069        0.00000000        0.00000000        0.00000000
     4439.        0.00023306       -0.00000024        0.00023306        0.00000000        0.00000000        0.00000000
     4442.        0.00010762       -0.00000013        0.00010762        0.00000000        0.00000000        0.00000000
     4445.        0.00004516       -0.00000006        0.00004516        0.00000000        0.00000000        0.00000000
     4448.        0.00001654       -0.00000002        0.00001654        0.00000000        0.00000000        0.00000000
     4451.        0.00000493       -0.00000001        0.00000493        0.00000000        0.00000000        0.00000000
     4454.        0.00000104       -0.00000000        0.00000104        0.00000000        0.00000000        0.00000000
     4457.        0.00000011       -0.00000000        0.00000011        0.00000000        0.00000000        0.00000000
     4460.        0.00000000       -0.00000000        0.00000000        0.00000000        0.00000000        0.00000000
     4463.       -0.00000000       -0.00000000        0.00000000        0.00000000        0.00000000        0.00000000
     4466.       -0.00000000       -0.00000003        0.00000003        0.00000000        0.00000000        0.00000000
     4469.       -0.00000000       -0.00000033        0.00000033        0.00000000        0.00000000        0.00000000
     4472.       -0.00000000       -0.00000150        0.00000150        0.00000000        0.00000000        0.00000000
     4475.       -0.00000002       -0.00000444        0.00000444        0.00000000        0.00000000        0.00000000
     4478.       -0.00000004       -0.00001031        0.00001031        0.00000000        0.00000000        0.00000000
     4481.       -0.00000009       -0.00002042        0.00002042        0.00000000        0.00000000        0.00000000
     4484.       -0.00000017       -0.00003619        0.00003619        0.00000000        0.00000000        0.00000000
     4487.       -0.00000030       -0.00005908        0.00005908        0.00000000        0.00000000        0.00000000
     4490.       -0.00000049       -0.00009055        0.00009055        0.00000000        0.00000000        0.00000000
     4493.       -0.00000077       -0.00013201        0.00013202        0.00000000        0.00000000        0.00000000
     4496.       -0.00000116       -0.00018485        0.00018486        0.00000000        0.00000000        0.00000000
     4499.       -0.00000169       -0.00025035        0.00025036        0.00000000        0.00000000        0.00000000
     4502.       -0.00000238       -0.00032972        0.00032973        0.00000000        0.00000000        0.00000000
     4505.       -0.00000328       -0.00042408        0.00042409        0.00000000        0.00000000        0.00000000
     4508.       -0.00000441       -0.00053444        0.00053446        0.00000000        0.00000000        0.00000000
     4511.       -0.00000582       -0.00066172        0.00066174        0.00000000        0.00000000        0.00000000
     4514.       -0.00000754       -0.00080675        0.00080678        0.00000000        0.00000000        0.00000000
     4517.       -0.00000964       -0.00097027        0.00097031        0.00000000        0.00000000        0.00000000
     4520.       -0.00001214       -0.00115293        0.00115300        0.00000000        0.00000000        0.00000000
     4523.       -0.00001510       -0.00135531        0.00135540        0.00000000        0.00000000        0.00000000
     4526.       -0.00001856       -0.00157788        0.00157799        0.00000000        0.00000000        0.00000000
     4529.       -0.00002255       -0.00182108        0.00182122        0.00000000        0.00000000        0.00000000
     4532.       -0.00002714       -0.00208521        0.00208538        0.00000000        0.00000000        0.00000000
     4535.       -0.00003237       -0.00237053        0.00237075        0.00000000        0.00000000        0.00000000
     4538.       -0.00003831       -0.00267729        0.00267756        0.00000000        0.00000000        0.00000000
     4541.       -0.00004504       -0.00300563        0.00300597        0.00000000        0.00000000        0.00000000
     4544.       -0.00005260       -0.00335570        0.00335611        0.00000000        0.00000000        0.00000000
     4547.       -0.00006107       -0.00372760        0.00372810        0.00000000        0.00000000        0.00000000
