     4253.       -6.07737057       -0.01789103        6.07739690        0.00000001       -0.00000274        0.00000274
     4256.       -5.75819878       -0.01607590        5.75822122        0.00000001       -0.00000262        0.00000262
     4259.       -5.57150585       -0.01444639        5.57152458        0.00000001       -0.00000255        0.00000255
     4262.       -5.49745855       -0.01298252        5.49747388        0.00000001       -0.00000253        0.00000253
     4265.       -5.52904032       -0.01166666        5.52905263        0.00000001       -0.00000256        0.00000256
     4268.       -5.67134397       -0.01048318        5.67135366        0.00000000       -0.00000265        0.00000265
     4271.       -5.94448268       -0.00941831        5.94449014        0.00000000       -0.00000279        0.00000279
     4274.       -6.39239501       -0.00845982        6.39240061        0.00000000       -0.00000302        0.00000302
     4277.       -7.10605330       -0.00759683        7.10605736        0.00000000       -0.00000339        0.00000339
     4280.       -8.29112997       -0.00681968        8.29113278        0.00000000       -0.00000398        0.00000398
     4283.      -10.52861176       -0.00611980       10.52861354        0.00000000       -0.00000509        0.00000509
     4286.      -16.60671050       -0.00548948       16.60671141        0.00000000       -0.00000809        0.00000809
     4289.       76.37506003       -0.00492193       76.37506019        0.00000000        0.00003749        0.00003749
     4292.      -11.82845637       -0.00441106       11.82845719        0.00000000       -0.00000585        0.00000585
     4295.      256.99819079       -0.00395158      256.99819082        0.00000000        0.00012816        0.00012816
     4298.       15.95767843       -0.00353928       15.95767882        0.00000000        0.00000802        0.00000802
     4301.        7.92702486       -0.00316970        7.92702549        0.00000000        0.00000402        0.00000402
     4304.        4.96259609       -0.00283700        4.96259691        0.00000000        0.00000254        0.00000254
     4307.        3.37652326       -0.00253425        3.37652421        0.00000000        0.00000174        0.00000174
     4310.        2.36407031       -0.00226125        2.36407139        0.00000000        0.00000123        0.00000123
     4313.        1.63983493       -0.00201039        1.63983616        0.00000000        0.00000086        0.00000086
     4316.        1.07305752       -0.00178490        1.07305900        0.00000000        0.00000057        0.00000057
     4319.        0.59134472       -0.00158289        0.59134684        0.00000000        0.00000032        0.00000032
     4322.        0.14604053       -0.00139959        0.14604724        0.00000000        0.00000008        0.00000008
     4325.       -0.30449869       -0.00123388        0.30450119        0.00000000       -0.00000017        0.00000017
     4328.       -0.80778822       -0.00108613        0.80778895        0.00000000       -0.00000045        0.00000045
     4331.       -1.43571500       -0.00095497        1.43571532        0.00000000       -0.00000080        0.00000080
     4334.       -2.32813049       -0.00083806        2.32813064        0.00000000       -0.00000131        0.00000131
     4337.       -3.84172199       -0.00073351        3.84172206        0.00000000       -0.00000219        0.00000219
     4340.       -7.41418684       -0.00064015        7.41418687        0.00000000       -0.00000427        0.00000427
     4343.      -80.93856844       -0.00055724       80.93856844        0.00000000       -0.00004713        0.00004713
     4346.      -15.40200293       -0.00048399       15.40200294        0.00000000       -0.00000907        0.00000907
     4349.       23.50303168       -0.00041947       23.50303168        0.00000000        0.00001402        0.00001402
     4352.       10.58042040       -0.00036266       10.58042040        0.00000000        0.00000639        0.00000639
     4355.        7.78022153       -0.00031264        7.78022153        0.00000000        0.00000476        0.00000476
     4358.        6.78102205       -0.00026863        6.78102206        0.00000000        0.00000420        0.00000420
     4361.        6.62867716       -0.00022998        6.62867717        0.00000000        0.00000417        0.00000417
     4364.        7.31161183       -0.00019614        7.31161183        0.00000000        0.00000466        0.00000466
     4367.        9.92093523       -0.00016662        9.92093523        0.00000000        0.00000642        0.00000642
     4370.       92.43660893       -0.00014097       92.43660893        0.00000000        0.00006072        0.00006072
     4373.       66.09480719       -0.00011877       66.09480719        0.00000000        0.00004410        0.00004410
     4376.       -8.34566466       -0.00009961        8.34566466        0.00000000       -0.00000566        0.00000566
     4379.       -2.77608109       -0.00008313        2.77608109        0.00000000       -0.00000191        0.00000191
     4382.        0.62257471       -0.00006900        0.62257472        0.00000000        0.00000044        0.00000044
     4385.       -3.99784425       -0.00005694        3.99784425        0.00000000       -0.00000286        0.00000286
     4388.      -14.63619967       -0.00004668       14.63619967        0.00000000       -0.00001066        0.00001066
     4391.        7.76931855       -0.00003799        7.76931855        0.00000000        0.00000577        0.00000577
     4394.       11.18248120       -0.00003068       11.18248120        0.00000000        0.00000848        0.00000848
     4397.        1.64514952       -0.00002457        1.64514952        0.00000000        0.00000128        0.00000128
     4400.        0.61233004       -0.00001950        0.61233004        0.00000000        0.00000049        0.00000049
     4403.        0.28432259       -0.00001531        0.28432259        0.00000000        0.00000023        0.00000023
     4406.        0.14629059       -0.00001189        0.14629059        0.00000000        0.00000012        0.00000012
     4409.        0.07969346       -0.00000912        0.07969346        0.00000000        0.00000007        0.00000007
     4412.        0.04489629       -0.00000689        0.04489629        0.00000000        0.00000004        0.00000004
     4415.        0.02578003       -0.00000513        0.02578003        0.00000000        0.00000002        0.00000002
     4418.        0.01493496       -0.00000375        0.01493496        0.00000000        0.00000001        0.00000001
     4421.        0.00865897       -0.00000269        0.00865898        0.00000000        0.00000001        0.00000001
     4424.        0.00498863       -0.00000188        0.00498863        0.00000000        0.00000001        0.00000001
     4427.        0.00283636       -0.00000128        0.00283636        0.00000000        0.00000000        0.00000000
     4430.        0.00157998       -0.00000084        0.00157998        0.00000000        0.00000000        0.00000000
     4433.        0.00085518       -0.00000053        0.00085518        0.00000000        0.00000000        0.00000000
     4436.        0.00044524       -0.00000032        0.00044524        0.00000000        0.00000000        0.00000000
     4439.        0.00022010       -0.00000018        0.00022010        0.00000000        0.00000000        0.00000000
     4442.        0.00010148       -0.00000010        0.00010148        0.00000000        0.00000000        0.00000000
     4445.        0.00004252       -0.00000005        0.00004252        0.00000000        0.00000000        0.00000000
     4448.        0.00001554       -0.00000002        0.00001554        0.00000000        0.00000000        0.00000000
     4451.        0.00000463       -0.00000001        0.00000463        0.00000000        0.00000000        0.00000000
     4454.        0.00000098       -0.00000000        0.00000098        0.00000000        0.00000000        0.00000000
     4457.        0.00000010       -0.00000000        0.00000010        0.00000000        0.00000000        0.00000000
     4460.        0.00000000       -0.00000000        0.00000000        0.00000000        0.00000000        0.00000000
     4463.       -0.00000000       -0.00000000        0.00000000        0.00000000        0.00000000        0.00000000
     4466.       -0.00000000       -0.00000003        0.00000003        0.00000000        0.00000000        0.00000000
     4469.       -0.00000000       -0.00000031        0.00000031        0.00000000        0.00000000        0.00000000
     4472.       -0.00000000       -0.00000140        0.00000140        0.00000000        0.00000000        0.00000000
     4475.       -0.00000001       -0.00000413        0.00000413        0.00000000        0.00000000        0.00000000
     4478.       -0.00000003       -0.00000958        0.00000958        0.00000000        0.00000000        0.00000000
     4481.       -0.00000007       -0.00001896        0.00001896        0.00000000        0.00000000        0.00000000
     4484.       -0.00000013       -0.00003357        0.00003357        0.00000000        0.00000000        0.00000000
     4487.       -0.00000023       -0.00005476        0.00005476        0.00000000        0.00000000        0.00000000
     4490.       -0.00000038       -0.00008386        0.00008386        0.00000000        0.00000000        0.00000000
     4493.       -0.00000060       -0.00012216        0.00012216        0.00000000        0.00000000        0.00000000
     4496.       -0.00000090       -0.00017092        0.00017092        0.00000000        0.00000000        0.00000000
     4499.       -0.00000132       -0.00023130        0.00023131        0.00000000        0.00000000        0.00000000
     4502.       -0.00000186       -0.00030441        0.00030441        0.00000000        0.00000000        0.00000000
     4505.       -0.00000257       -0.00039123        0.00039124        0.00000000        0.00000000        0.00000000
     4508.       -0.00000346       -0.00049269        0.00049270        0.00000000        0.00000000        0.00000000
     4511.       -0.00000456       -0.00060960        0.00060962        0.00000000        0.00000000        0.00000000
     4514.       -0.00000592       -0.00074271        0.00074273        0.00000000        0.00000000        0.00000000
     4517.       -0.00000757       -0.00089266        0.00089270        0.00000000        0.00000000        0.00000000
     4520.       -0.00000955       -0.00106004        0.00106008        0.00000000        0.00000000        0.00000000
     4523.       -0.00001188       -0.00124533        0.00124539        0.00000000        0.00000000        0.00000000
     4526.       -0.00001461       -0.00144897        0.00144905        0.00000000        0.00000000        0.00000000
     4529.       -0.00001777       -0.00167129        0.00167139        0.00000000        0.00000000        0.00000000
     4532.       -0.00002139       -0.00191258        0.00191270        0.00000000        0.00000000        0.00000000
     4535.       -0.00002552       -0.00217307        0.00217322        0.00000000        0.00000000        0.00000000
     4538.       -0.00003022       -0.00245293        0.00245312        0.00000000        0.00000000        0.00000000
     4541.       -0.00003554       -0.00275229        0.00275252        0.00000000        0.00000000        0.00000000
     4544.       -0.00004152       -0.00307125        0.00307153        0.00000000        0.00000000        0.00000000
     4547.       -0.00004821       -0.00340988        0.00341022        0.00000000        0.00000000        0.00000000
