     4253.       -1.33034646        0.00003761        1.33034646       -0.00000000       -0.00000060        0.00000060
     4256.       -1.05637370        0.00003724        1.05637370       -0.00000000       -0.00000048        0.00000048
     4259.       -0.86733644        0.00003646        0.86733644       -0.00000000       -0.00000040        0.00000040
     4262.       -0.74181668        0.00003536        0.74181668       -0.00000000       -0.00000034        0.00000034
     4265.       -0.66792862        0.00003402        0.66792862       -0.00000000       -0.00000031        0.00000031
     4268.       -0.64157186        0.00003253        0.64157186       -0.00000000       -0.00000030        0.00000030
     4271.       -0.66724085        0.00003092        0.66724085       -0.00000000       -0.00000031        0.00000031
     4274.       -0.76305657        0.00002925        0.76305657       -0.00000000       -0.00000036        0.00000036
     4277.       -0.97645364        0.00002755        0.97645364       -0.00000000       -0.00000047        0.00000047
     4280.       -1.43686134        0.00002584        1.43686134       -0.00000000       -0.00000069        0.00000069
     4283.       -2.58800421        0.00002415        2.58800421       -0.00000000       -0.00000125        0.00000125
     4286.       -7.04786543        0.00002250        7.04786543       -0.00000000       -0.00000343        0.00000343
     4289.      100.86459453        0.00002089      100.86459453       -0.00000000        0.00004951        0.00004951
     4292.       17.80143741        0.00001934       17.80143741       -0.00000000        0.00000881        0.00000881
     4295.     -136.56416655        0.00001785      136.56416655       -0.00000000       -0.00006810        0.00006810
     4298.       -5.53066252        0.00001644        5.53066252       -0.00000000       -0.00000278        0.00000278
     4301.       -2.16158053        0.00001509        2.16158053       -0.00000000       -0.00000110        0.00000110
     4304.       -1.17793470        0.00001382        1.17793470       -0.00000000       -0.00000060        0.00000060
     4307.       -0.75112853        0.00001263        0.75112853       -0.00000000       -0.00000039        0.00000039
     4310.       -0.52854054        0.00001151        0.52854054       -0.00000000       -0.00000028        0.00000028
     4313.       -0.40051177        0.00001046        0.40051177       -0.00000000       -0.00000021        0.00000021
     4316.       -0.32394367        0.00000949        0.32394367       -0.00000000       -0.00000017        0.00000017
     4319.       -0.27980401        0.00000858        0.27980402       -0.00000000       -0.00000015        0.00000015
     4322.       -0.25996979        0.00000774        0.25996979       -0.00000000       -0.00000014        0.00000014
     4325.       -0.26303596        0.00000697        0.26303596       -0.00000000       -0.00000014        0.00000014
     4328.       -0.29445139        0.00000626        0.29445139       -0.00000000       -0.00000016        0.00000016
     4331.       -0.37183258        0.00000560        0.37183258       -0.00000000       -0.00000021        0.00000021
     4334.       -0.54492753        0.00000500        0.54492753       -0.00000000       -0.00000031        0.00000031
     4337.       -0.98257482        0.00000445        0.98257482       -0.00000000       -0.00000056        0.00000056
     4340.       -2.60358994        0.00000395        2.60358994       -0.00000000       -0.00000150        0.00000150
     4343.      -67.25773879        0.00000350       67.25773879       -0.00000000       -0.00003916        0.00003916
     4346.       15.98131004        0.00000309       15.98131004       -0.00000000        0.00000942        0.00000942
     4349.       -6.25243583        0.00000271        6.25243583       -0.00000000       -0.00000373        0.00000373
     4352.       -1.37612024        0.00000238        1.37612024       -0.00000000       -0.00000083        0.00000083
     4355.       -0.52791488        0.00000208        0.52791488       -0.00000000       -0.00000032        0.00000032
     4358.       -0.17042469        0.00000181        0.17042469       -0.00000000       -0.00000011        0.00000011
     4361.        0.10401610        0.00000157        0.10401610       -0.00000000        0.00000007        0.00000007
     4364.        0.51578321        0.00000135        0.51578321       -0.00000000        0.00000033        0.00000033
     4367.        1.83466746        0.00000116        1.83466746       -0.00000000        0.00000119        0.00000119
     4370.       82.32673542        0.00000099       82.32673542       -0.00000000        0.00005408        0.00005408
     4373.      -39.26052048        0.00000085       39.26052048       -0.00000000       -0.00002620        0.00002620
     4376.        2.43037872        0.00000072        2.43037872       -0.00000000        0.00000165        0.00000165
     4379.        0.92816435        0.00000060        0.92816435       -0.00000000        0.00000064        0.00000064
     4382.        1.43844240        0.00000050        1.43844240       -0.00000000        0.00000101        0.00000101
     4385.       -8.19575138        0.00000042        8.19575138       -0.00000000       -0.00000586        0.00000586
     4388.        1.99753625        0.00000035        1.99753625       -0.00000000        0.00000146        0.00000146
     4391.       19.29582252        0.00000028       19.29582252       -0.00000000        0.00001434        0.00001434
     4394.       -4.31364818        0.00000023        4.31364818       -0.00000000       -0.00000327        0.00000327
     4397.       -0.38649101        0.00000019        0.38649101       -0.00000000       -0.00000030        0.00000030
     4400.       -0.11125423        0.00000015        0.11125423       -0.00000000       -0.00000009        0.00000009
     4403.       -0.04356612        0.00000012        0.04356612       -0.00000000       -0.00000004        0.00000004
     4406.       -0.01976187        0.00000009        0.01976187       -0.00000000       -0.00000002        0.00000002
     4409.       -0.00974847        0.00000007        0.00974847       -0.00000000       -0.00000001        0.00000001
     4412.       -0.00506272        0.00000005        0.00506272       -0.00000000       -0.00000000        0.00000000
     4415.       -0.00271425        0.00000004        0.00271425       -0.00000000       -0.00000000        0.00000000
     4418.       -0.00148222        0.00000003        0.00148222       -0.00000000       -0.00000000        0.00000000
     4421.       -0.00081610        0.00000002        0.00081610       -0.00000000       -0.00000000        0.00000000
     4424.       -0.00044917        0.00000001        0.00044917       -0.00000000       -0.00000000        0.00000000
     4427.       -0.00024517        0.00000001        0.00024517       -0.00000000       -0.00000000        0.00000000
     4430.       -0.00013165        0.00000001        0.00013165       -0.00000000       -0.00000000        0.00000000
     4433.       -0.00006893        0.00000000        0.00006893       -0.00000000       -0.00000000        0.00000000
     4436.       -0.00003482        0.00000000        0.00003482       -0.00000000       -0.00000000        0.00000000
     4439.       -0.00001674        0.00000000        0.00001674       -0.00000000       -0.00000000        0.00000000
     4442.       -0.00000753        0.00000000        0.00000753       -0.00000000       -0.00000000        0.00000000
     4445.       -0.00000308        0.00000000        0.00000308       -0.00000000       -0.00000000        0.00000000
     4448.       -0.00000110        0.00000000        0.00000110       -0.00000000       -0.00000000        0.00000000
     4451.       -0.00000032        0.00000000        0.00000032       -0.00000000       -0.00000000        0.00000000
     4454.       -0.00000007        0.00000000        0.00000007       -0.00000000       -0.00000000        0.00000000
     4457.       -0.00000001        0.00000000        0.00000001       -0.00000000       -0.00000000        0.00000000
     4460.       -0.00000000        0.00000000        0.00000000       -0.00000000       -0.00000000        0.00000000
     4463.        0.00000000        0.00000000        0.00000000       -0.00000000       -0.00000000        0.00000000
     4466.        0.00000000        0.00000000        0.00000000       -0.00000000       -0.00000000        0.00000000
     4469.        0.00000000        0.00000002        0.00000002       -0.00000000       -0.00000000        0.00000000
     4472.        0.00000000        0.00000009        0.00000009       -0.00000000       -0.00000000        0.00000000
     4475.        0.00000000        0.00000026        0.00000026       -0.00000000       -0.00000000        0.00000000
     4478.        0.00000000        0.00000059        0.00000059       -0.00000000       -0.00000000        0.00000000
     4481.        0.00000000        0.00000116        0.00000116       -0.00000000       -0.00000000        0.00000000
     4484.        0.00000000        0.00000203        0.00000203       -0.00000000       -0.00000000        0.00000000
     4487.        0.00000000        0.00000328        0.00000328       -0.00000000       -0.00000000        0.00000000
     4490.        0.00000000        0.00000499        0.00000499       -0.00000000       -0.00000000        0.00000000
     4493.        0.00000000        0.00000722        0.00000722       -0.00000000       -0.00000000        0.00000000
     4496.        0.00000001        0.00001004        0.00001004       -0.00000000       -0.00000000        0.00000000
     4499.        0.00000001        0.00001351        0.00001351       -0.00000000       -0.00000000        0.00000000
     4502.        0.00000001        0.00001769        0.00001769       -0.00000000       -0.00000000        0.00000000
     4505.        0.00000002        0.00002263        0.00002263       -0.00000000       -0.00000000        0.00000000
     4508.        0.00000002        0.00002837        0.00002837       -0.00000000       -0.00000000        0.00000000
     4511.        0.00000003        0.00003496        0.00003496       -0.00000000       -0.00000000        0.00000000
     4514.        0.00000004        0.00004245        0.00004245       -0.00000000       -0.00000000        0.00000000
     4517.        0.00000005        0.00005085        0.00005085       -0.00000000       -0.00000000        0.00000000
     4520.        0.00000006        0.00006021        0.00006021       -0.00000000       -0.00000000        0.00000000
     4523.        0.00000007        0.00007055        0.00007055       -0.00000000       -0.00000000        0.00000000
     4526.        0.00000009        0.00008189        0.00008189       -0.00000000       -0.00000000        0.00000000
     4529.        0.00000011        0.00009425        0.00009425       -0.00000000       -0.00000000        0.00000000
     4532.        0.00000013        0.00010766        0.00010766       -0.00000000       -0.00000000        0.00000000
     4535.        0.00000016        0.00012213        0.00012213       -0.00000000       -0.00000000        0.00000000
     4538.        0.00000019        0.00013767        0.00013767       -0.00000000       -0.00000000        0.00000000
     4541.        0.00000022        0.00015429        0.00015429       -0.00000000       -0.00000000        0.00000000
     4544.        0.00000025        0.00017200        0.00017200       -0.00000000       -0.00000000        0.00000000
     4547.        0.00000029        0.00019081        0.00019081       -0.00000000       -0.00000000        0.00000000
