     4253.       -1.17592162       -0.00001549        1.17592162        0.00000000       -0.00000053        0.00000053
     4256.       -0.92804569       -0.00001198        0.92804569        0.00000000       -0.00000042        0.00000042
     4259.       -0.75794925       -0.00000911        0.75794925        0.00000000       -0.00000035        0.00000035
     4262.       -0.64572043       -0.00000678        0.64572043        0.00000000       -0.00000030        0.00000030
     4265.       -0.58028539       -0.00000488        0.58028539        0.00000000       -0.00000027        0.00000027
     4268.       -0.55772789       -0.00000335        0.55772789        0.00000000       -0.00000026        0.00000026
     4271.       -0.58195531       -0.00000212        0.58195531        0.00000000       -0.00000027        0.00000027
     4274.       -0.66917581       -0.00000115        0.66917581        0.00000000       -0.00000032        0.00000032
     4277.       -0.86201546       -0.00000038        0.86201546        0.00000000       -0.00000041        0.00000041
     4280.       -1.27692087        0.00000022        1.27692087       -0.00000000       -0.00000061        0.00000061
     4283.       -2.31335844        0.00000068        2.31335844       -0.00000000       -0.00000112        0.00000112
     4286.       -6.32919618        0.00000102        6.32919618       -0.00000000       -0.00000308        0.00000308
     4289.       90.89695223        0.00000126       90.89695223       -0.00000000        0.00004462        0.00004462
     4292.       16.08455633        0.00000143       16.08455633       -0.00000000        0.00000796        0.00000796
     4295.     -123.65880939        0.00000154      123.65880939       -0.00000000       -0.00006166        0.00006166
     4298.       -5.01852104        0.00000160        5.01852104       -0.00000000       -0.00000252        0.00000252
     4301.       -1.96633171        0.00000162        1.96633171       -0.00000000       -0.00000100        0.00000100
     4304.       -1.07520992        0.00000160        1.07520992       -0.00000000       -0.00000055        0.00000055
     4307.       -0.68901325        0.00000157        0.68901325       -0.00000000       -0.00000036        0.00000036
     4310.       -0.48829278        0.00000151        0.48829278       -0.00000000       -0.00000025        0.00000025
     4313.       -0.37374166        0.00000144        0.37374166       -0.00000000       -0.00000020        0.00000020
     4316.       -0.30642504        0.00000137        0.30642504       -0.00000000       -0.00000016        0.00000016
     4319.       -0.26933104        0.00000128        0.26933104       -0.00000000       -0.00000014        0.00000014
     4322.       -0.25551225        0.00000120        0.25551225       -0.00000000       -0.00000014        0.00000014
     4325.       -0.26446009        0.00000111        0.26446009       -0.00000000       -0.00000014        0.00000014
     4328.       -0.30262303        0.00000102        0.30262303       -0.00000000       -0.00000017        0.00000017
     4331.       -0.38928308        0.00000094        0.38928308       -0.00000000       -0.00000022        0.00000022
     4334.       -0.57802412        0.00000085        0.57802412       -0.00000000       -0.00000033        0.00000033
     4337.       -1.04990914        0.00000077        1.04990914       -0.00000000       -0.00000060        0.00000060
     4340.       -2.78890291        0.00000070        2.78890291       -0.00000000       -0.00000161        0.00000161
     4343.      -71.99090705        0.00000063       71.99090705       -0.00000000       -0.00004192        0.00004192
     4346.       17.06828522        0.00000056       17.06828522       -0.00000000        0.00001006        0.00001006
     4349.       -6.66589041        0.00000050        6.66589041       -0.00000000       -0.00000398        0.00000398
     4352.       -1.46913251        0.00000044        1.46913251       -0.00000000       -0.00000089        0.00000089
     4355.       -0.57017638        0.00000039        0.57017638       -0.00000000       -0.00000035        0.00000035
     4358.       -0.19707623        0.00000034        0.19707623       -0.00000000       -0.00000012        0.00000012
     4361.        0.08104838        0.00000030        0.08104838       -0.00000000        0.00000005        0.00000005
     4364.        0.48632096        0.00000026        0.48632096       -0.00000000        0.00000031        0.00000031
     4367.        1.76675459        0.00000022        1.76675459       -0.00000000        0.00000114        0.00000114
     4370.       79.68105718        0.00000019       79.68105718       -0.00000000        0.00005234        0.00005234
     4373.      -38.05005821        0.00000016       38.05005821       -0.00000000       -0.00002539        0.00002539
     4376.        2.36495542        0.00000014        2.36495542       -0.00000000        0.00000160        0.00000160
     4379.        0.92067158        0.00000012        0.92067158       -0.00000000        0.00000064        0.00000064
     4382.        1.48007113        0.00000010        1.48007113       -0.00000000        0.00000104        0.00000104
     4385.       -8.50830330        0.00000008        8.50830330       -0.00000000       -0.00000608        0.00000608
     4388.        2.10453364        0.00000007        2.10453364       -0.00000000        0.00000153        0.00000153
     4391.       19.15788563        0.00000006       19.15788563       -0.00000000        0.00001424        0.00001424
     4394.       -4.27534248        0.00000005        4.27534248       -0.00000000       -0.00000324        0.00000324
     4397.       -0.38129401        0.00000004        0.38129401       -0.00000000       -0.00000030        0.00000030
     4400.       -0.10929429        0.00000003        0.10929429       -0.00000000       -0.00000009        0.00000009
     4403.       -0.04264008        0.00000002        0.04264008       -0.00000000       -0.00000003        0.00000003
     4406.       -0.01927856        0.00000002        0.01927856       -0.00000000       -0.00000002        0.00000002
     4409.       -0.00948203        0.00000001        0.00948203       -0.00000000       -0.00000001        0.00000001
     4412.       -0.00491110        0.00000001        0.00491110       -0.00000000       -0.00000000        0.00000000
     4415.       -0.00262640        0.00000001        0.00262640       -0.00000000       -0.00000000        0.00000000
     4418.       -0.00143090        0.00000001        0.00143090       -0.00000000       -0.00000000        0.00000000
     4421.       -0.00078610        0.00000000        0.00078610       -0.00000000       -0.00000000        0.00000000
     4424.       -0.00043175        0.00000000        0.00043175       -0.00000000       -0.00000000        0.00000000
     4427.       -0.00023518        0.00000000        0.00023518       -0.00000000       -0.00000000        0.00000000
     4430.       -0.00012604        0.00000000        0.00012604       -0.00000000       -0.00000000        0.00000000
     4433.       -0.00006587        0.00000000        0.00006587       -0.00000000       -0.00000000        0.00000000
     4436.       -0.00003321        0.00000000        0.00003321       -0.00000000       -0.00000000        0.00000000
     4439.       -0.00001594        0.00000000        0.00001594       -0.00000000       -0.00000000        0.00000000
     4442.       -0.00000715        0.00000000        0.00000715       -0.00000000       -0.00000000        0.00000000
     4445.       -0.00000292        0.00000000        0.00000292       -0.00000000       -0.00000000        0.00000000
     4448.       -0.00000104        0.00000000        0.00000104       -0.00000000       -0.00000000        0.00000000
     4451.       -0.00000030        0.00000000        0.00000030       -0.00000000       -0.00000000        0.00000000
     4454.       -0.00000006        0.00000000        0.00000006       -0.00000000       -0.00000000        0.00000000
     4457.       -0.00000001        0.00000000        0.00000001       -0.00000000       -0.00000000        0.00000000
     4460.       -0.00000000        0.00000000        0.00000000       -0.00000000       -0.00000000        0.00000000
     4463.        0.00000000        0.00000000        0.00000000       -0.00000000       -0.00000000        0.00000000
     4466.        0.00000000        0.00000000        0.00000000       -0.00000000       -0.00000000        0.00000000
     4469.        0.00000000        0.00000002        0.00000002       -0.00000000       -0.00000000        0.00000000
     4472.        0.00000000        0.00000008        0.00000008       -0.00000000       -0.00000000        0.00000000
     4475.        0.00000000        0.00000024        0.00000024       -0.00000000       -0.00000000        0.00000000
     4478.        0.00000000        0.00000055        0.00000055       -0.00000000       -0.00000000        0.00000000
     4481.        0.00000000        0.00000108        0.00000108       -0.00000000       -0.00000000        0.00000000
     4484.        0.00000000        0.00000189        0.00000189       -0.00000000       -0.00000000        0.00000000
     4487.        0.00000000        0.00000305        0.00000305       -0.00000000       -0.00000000        0.00000000
     4490.        0.00000000        0.00000463        0.00000463       -0.00000000       -0.00000000        0.00000000
     4493.        0.00000000        0.00000669        0.00000669       -0.00000000       -0.00000000        0.00000000
     4496.        0.00000000        0.00000929        0.00000929       -0.00000000       -0.00000000        0.00000000
     4499.        0.00000000        0.00001249        0.00001249       -0.00000000       -0.00000000        0.00000000
     4502.        0.00000000        0.00001633        0.00001633       -0.00000000       -0.00000000        0.00000000
     4505.        0.00000000        0.00002086        0.00002086       -0.00000000       -0.00000000        0.00000000
     4508.        0.00000000        0.00002612        0.00002612       -0.00000000       -0.00000000        0.00000000
     4511.        0.00000000        0.00003215        0.00003215       -0.00000000       -0.00000000        0.00000000
     4514.        0.00000000        0.00003898        0.00003898       -0.00000000       -0.00000000        0.00000000
     4517.        0.00000001        0.00004664        0.00004664       -0.00000000       -0.00000000        0.00000000
     4520.        0.00000001        0.00005516        0.00005516       -0.00000000       -0.00000000        0.00000000
     4523.        0.00000001        0.00006456        0.00006456       -0.00000000       -0.00000000        0.00000000
     4526.        0.00000001        0.00007485        0.00007485       -0.00000000       -0.00000000        0.00000000
     4529.        0.00000001        0.00008606        0.00008606       -0.00000000       -0.00000000        0.00000000
     4532.        0.00000001        0.00009820        0.00009820       -0.00000000       -0.00000000        0.00000000
     4535.        0.00000002        0.00011127        0.00011127       -0.00000000       -0.00000000        0.00000000
     4538.        0.00000002        0.00012530        0.00012530       -0.00000000       -0.00000000        0.00000000
     4541.        0.00000002        0.00014028        0.00014028       -0.00000000       -0.00000000        0.00000000
     4544.        0.00000003        0.00015623        0.00015623       -0.00000000       -0.00000000        0.00000000
     4547.        0.00000003        0.00017314        0.00017314       -0.00000000       -0.00000000        0.00000000
