     4253.       -0.71130046        0.00605524        0.71132624       -0.00000000       -0.00000032        0.00000032
     4256.       -1.13923107        0.00528727        1.13924334       -0.00000000       -0.00000052        0.00000052
     4259.       -1.52898665        0.00461993        1.52899363       -0.00000000       -0.00000070        0.00000070
     4262.       -1.91064689        0.00403904        1.91065116       -0.00000000       -0.00000088        0.00000088
     4265.       -2.31199502        0.00353271        2.31199772       -0.00000000       -0.00000107        0.00000107
     4268.       -2.76387984        0.00309079        2.76388156       -0.00000000       -0.00000129        0.00000129
     4271.       -3.30729245        0.00270472        3.30729356       -0.00000000       -0.00000155        0.00000155
     4274.       -4.00596825        0.00236710        4.00596895       -0.00000000       -0.00000189        0.00000189
     4277.       -4.97497620        0.00207166        4.97497664       -0.00000000       -0.00000237        0.00000237
     4280.       -6.46047028        0.00181297        6.46047053       -0.00000000       -0.00000310        0.00000310
     4283.       -9.14400572        0.00158638        9.14400586       -0.00000000       -0.00000442        0.00000442
     4286.      -16.27727851        0.00138786       16.27727857       -0.00000000       -0.00000793        0.00000793
     4289.       92.03174564        0.00121394       92.03174565       -0.00000000        0.00004517        0.00004517
     4292.      -10.73939092        0.00106162       10.73939097       -0.00000000       -0.00000531        0.00000531
     4295.      302.27272245        0.00092841      302.27272245       -0.00000000        0.00015073        0.00015073
     4298.       21.65482472        0.00081237       21.65482474       -0.00000000        0.00001089        0.00001089
     4301.       12.36031446        0.00071099       12.36031448       -0.00000000        0.00000627        0.00000627
     4304.        8.99028147        0.00062182        8.99028149       -0.00000000        0.00000460        0.00000460
     4307.        7.25444778        0.00054216        7.25444780       -0.00000000        0.00000374        0.00000374
     4310.        6.22145108        0.00047229        6.22145110       -0.00000000        0.00000324        0.00000324
     4313.        5.56715823        0.00040903        5.56715824       -0.00000000        0.00000292        0.00000292
     4316.        5.15133350        0.00035374        5.15133351       -0.00000000        0.00000273        0.00000273
     4319.        4.90751427        0.00030561        4.90751428       -0.00000000        0.00000263        0.00000263
     4322.        4.80667731        0.00026281        4.80667731       -0.00000000        0.00000260        0.00000260
     4325.        4.84495556        0.00022495        4.84495556       -0.00000000        0.00000264        0.00000264
     4328.        5.04377772        0.00019219        5.04377773       -0.00000000        0.00000278        0.00000278
     4331.        5.46364487        0.00016405        5.46364487       -0.00000000        0.00000304        0.00000304
     4334.        6.24975053        0.00013969        6.24975053       -0.00000000        0.00000352        0.00000352
     4337.        7.79955098        0.00011848        7.79955099       -0.00000000        0.00000444        0.00000444
     4340.       11.74603830        0.00010006       11.74603830       -0.00000000        0.00000676        0.00000676
     4343.       95.43674080        0.00008421       95.43674080       -0.00000000        0.00005557        0.00005557
     4346.       20.75716109        0.00007068       20.75716109       -0.00000000        0.00001223        0.00001223
     4349.      -23.54645615        0.00005918       23.54645615       -0.00000000       -0.00001404        0.00001404
     4352.       -8.70641623        0.00004942        8.70641623       -0.00000000       -0.00000526        0.00000526
     4355.       -5.29725835        0.00004112        5.29725835       -0.00000000       -0.00000324        0.00000324
     4358.       -3.77559953        0.00003407        3.77559953       -0.00000000       -0.00000234        0.00000234
     4361.       -2.92227163        0.00002809        2.92227163       -0.00000000       -0.00000184        0.00000184
     4364.       -2.36883770        0.00002305        2.36883770       -0.00000000       -0.00000151        0.00000151
     4367.       -1.89774265        0.00001881        1.89774265       -0.00000000       -0.00000123        0.00000123
     4370.        4.11549948        0.00001528        4.11549948       -0.00000000        0.00000270        0.00000270
     4373.        2.23684497        0.00001235        2.23684497       -0.00000000        0.00000149        0.00000149
     4376.       -3.47694496        0.00000993        3.47694496       -0.00000000       -0.00000236        0.00000236
     4379.       -3.95224927        0.00000793        3.95224927       -0.00000000       -0.00000273        0.00000273
     4382.       -6.94640013        0.00000630        6.94640013       -0.00000000       -0.00000488        0.00000488
     4385.        1.40768671        0.00000496        1.40768671       -0.00000000        0.00000101        0.00000101
     4388.       18.07192085        0.00000388       18.07192085       -0.00000000        0.00001317        0.00001317
     4391.       -4.52072326        0.00000301        4.52072326       -0.00000000       -0.00000336        0.00000336
     4394.       -7.96115165        0.00000231        7.96115165       -0.00000000       -0.00000604        0.00000604
     4397.       -0.96155359        0.00000175        0.96155359       -0.00000000       -0.00000075        0.00000075
     4400.       -0.30572119        0.00000132        0.30572119       -0.00000000       -0.00000024        0.00000024
     4403.       -0.12367563        0.00000098        0.12367563       -0.00000000       -0.00000010        0.00000010
     4406.       -0.05609394        0.00000071        0.05609394       -0.00000000       -0.00000005        0.00000005
     4409.       -0.02713304        0.00000051        0.02713304       -0.00000000       -0.00000002        0.00000002
     4412.       -0.01363175        0.00000036        0.01363175       -0.00000000       -0.00000001        0.00000001
     4415.       -0.00699623        0.00000025        0.00699623       -0.00000000       -0.00000001        0.00000001
     4418.       -0.00362479        0.00000017        0.00362479       -0.00000000       -0.00000000        0.00000000
     4421.       -0.00187790        0.00000011        0.00187790       -0.00000000       -0.00000000        0.00000000
     4424.       -0.00096465        0.00000007        0.00096465       -0.00000000       -0.00000000        0.00000000
     4427.       -0.00048728        0.00000005        0.00048728       -0.00000000       -0.00000000        0.00000000
     4430.       -0.00023994        0.00000003        0.00023994       -0.00000000       -0.00000000        0.00000000
     4433.       -0.00011402        0.00000002        0.00011402       -0.00000000       -0.00000000        0.00000000
     4436.       -0.00005165        0.00000001        0.00005165       -0.00000000       -0.00000000        0.00000000
     4439.       -0.00002196        0.00000000        0.00002196       -0.00000000       -0.00000000        0.00000000
     4442.       -0.00000857        0.00000000        0.00000857       -0.00000000       -0.00000000        0.00000000
     4445.       -0.00000297        0.00000000        0.00000297       -0.00000000       -0.00000000        0.00000000
     4448.       -0.00000087        0.00000000        0.00000087       -0.00000000       -0.00000000        0.00000000
     4451.       -0.00000020        0.00000000        0.00000020       -0.00000000       -0.00000000        0.00000000
     4454.       -0.00000003        0.00000000        0.00000003       -0.00000000       -0.00000000        0.00000000
     4457.       -0.00000000        0.00000000        0.00000000       -0.00000000       -0.00000000        0.00000000
     4460.       -0.00000000       -0.00000000        0.00000000        0.00000000       -0.00000000        0.00000000
     4463.        0.00000000       -0.00000000        0.00000000       -0.00000000        0.00000000        0.00000000
     4466.       -0.00000000       -0.00000000        0.00000000        0.00000000        0.00000000        0.00000000
     4469.       -0.00000000       -0.00000001        0.00000001        0.00000000        0.00000000        0.00000000
     4472.       -0.00000000       -0.00000005        0.00000005        0.00000000        0.00000000        0.00000000
     4475.       -0.00000000       -0.00000018        0.00000018        0.00000000        0.00000000        0.00000000
     4478.       -0.00000000       -0.00000050        0.00000050        0.00000000        0.00000000        0.00000000
     4481.       -0.00000000       -0.00000116        0.00000116        0.00000000        0.00000000        0.00000000
     4484.       -0.00000000       -0.00000234        0.00000234        0.00000000        0.00000000        0.00000000
     4487.       -0.00000001       -0.00000428        0.00000428        0.00000000        0.00000000        0.00000000
     4490.       -0.00000001       -0.00000722        0.00000722        0.00000000        0.00000000        0.00000000
     4493.       -0.00000002       -0.00001147        0.00001147        0.00000000        0.00000000        0.00000000
     4496.       -0.00000003       -0.00001734        0.00001734        0.00000000        0.00000000        0.00000000
     4499.       -0.00000004       -0.00002517        0.00002517        0.00000000        0.00000000        0.00000000
     4502.       -0.00000006       -0.00003531        0.00003531        0.00000000        0.00000000        0.00000000
     4505.       -0.00000009       -0.00004812        0.00004812        0.00000000        0.00000000        0.00000000
     4508.       -0.00000013       -0.00006395        0.00006395        0.00000000        0.00000000        0.00000000
     4511.       -0.00000019       -0.00008317        0.00008317        0.00000000        0.00000000        0.00000000
     4514.       -0.00000025       -0.00010614        0.00010614        0.00000000        0.00000000        0.00000000
     4517.       -0.00000034       -0.00013321        0.00013321        0.00000000        0.00000000        0.00000000
     4520.       -0.00000045       -0.00016473        0.00016473        0.00000000        0.00000000        0.00000000
     4523.       -0.00000059       -0.00020104        0.00020104        0.00000000        0.00000000        0.00000000
     4526.       -0.00000076       -0.00024246        0.00024246        0.00000000        0.00000000        0.00000000
     4529.       -0.00000097       -0.00028930        0.00028931        0.00000000        0.00000000        0.00000000
     4532.       -0.00000122       -0.00034187        0.00034187        0.00000000        0.00000000        0.00000000
     4535.       -0.00000151       -0.00040044        0.00040044        0.00000000        0.00000000        0.00000000
     4538.       -0.00000186       -0.00046528        0.00046529        0.00000000        0.00000000        0.00000000
     4541.       -0.00000227       -0.00053666        0.00053667        0.00000000        0.00000000        0.00000000
     4544.       -0.00000275       -0.00061481        0.00061481        0.00000000        0.00000000        0.00000000
     4547.       -0.00000331       -0.00069995        0.00069996        0.00000000        0.00000000        0.00000000
