     4253.        0.58373269        0.00003361        0.58373269       -0.00000000        0.00000026        0.00000026
     4256.        0.38355125        0.00002902        0.38355125       -0.00000000        0.00000017        0.00000017
     4259.        0.22905026        0.00002512        0.22905026       -0.00000000        0.00000010        0.00000010
     4262.        0.10126746        0.00002179        0.10126747       -0.00000000        0.00000005        0.00000005
     4265.       -0.01460214        0.00001893        0.01460215       -0.00000000       -0.00000001        0.00000001
     4268.       -0.13264998        0.00001647        0.13264998       -0.00000000       -0.00000006        0.00000006
     4271.       -0.27026995        0.00001434        0.27026995       -0.00000000       -0.00000013        0.00000013
     4274.       -0.45535743        0.00001251        0.45535743       -0.00000000       -0.00000022        0.00000022
     4277.       -0.74398567        0.00001091        0.74398567       -0.00000000       -0.00000035        0.00000035
     4280.       -1.27648116        0.00000953        1.27648116       -0.00000000       -0.00000061        0.00000061
     4283.       -2.52168544        0.00000832        2.52168544       -0.00000000       -0.00000122        0.00000122
     4286.       -7.22941641        0.00000727        7.22941641       -0.00000000       -0.00000352        0.00000352
     4289.      106.03045122        0.00000634      106.03045122       -0.00000000        0.00005204        0.00005204
     4292.       18.84530369        0.00000554       18.84530369       -0.00000000        0.00000932        0.00000932
     4295.     -143.87502982        0.00000484      143.87502982       -0.00000000       -0.00007175        0.00007175
     4298.       -5.74454544        0.00000422        5.74454544       -0.00000000       -0.00000289        0.00000289
     4301.       -2.19231316        0.00000368        2.19231316       -0.00000000       -0.00000111        0.00000111
     4304.       -1.15193714        0.00000320        1.15193714       -0.00000000       -0.00000059        0.00000059
     4307.       -0.69490000        0.00000279        0.69490000       -0.00000000       -0.00000036        0.00000036
     4310.       -0.44862159        0.00000242        0.44862159       -0.00000000       -0.00000023        0.00000023
     4313.       -0.29625385        0.00000211        0.29625385       -0.00000000       -0.00000016        0.00000016
     4316.       -0.19035941        0.00000183        0.19035941       -0.00000000       -0.00000010        0.00000010
     4319.       -0.10755896        0.00000158        0.10755896       -0.00000000       -0.00000006        0.00000006
     4322.       -0.03355628        0.00000137        0.03355628       -0.00000000       -0.00000002        0.00000002
     4325.        0.04359085        0.00000118        0.04359085       -0.00000000        0.00000002        0.00000002
     4328.        0.13877356        0.00000101        0.13877356       -0.00000000        0.00000008        0.00000008
     4331.        0.27877524        0.00000087        0.27877524       -0.00000000        0.00000016        0.00000016
     4334.        0.52790759        0.00000075        0.52790759       -0.00000000        0.00000030        0.00000030
     4337.        1.09481275        0.00000064        1.09481275       -0.00000000        0.00000062        0.00000062
     4340.        3.10235044        0.00000055        3.10235044       -0.00000000        0.00000179        0.00000179
     4343.       81.96681614        0.00000046       81.96681614       -0.00000000        0.00004773        0.00004773
     4346.      -19.47220690        0.00000039       19.47220690       -0.00000000       -0.00001147        0.00001147
     4349.        7.60603850        0.00000033        7.60603850       -0.00000000        0.00000454        0.00000454
     4352.        1.72057044        0.00000028        1.72057044       -0.00000000        0.00000104        0.00000104
     4355.        0.74896686        0.00000024        0.74896686       -0.00000000        0.00000046        0.00000046
     4358.        0.40922408        0.00000020        0.40922408       -0.00000000        0.00000025        0.00000025
     4361.        0.25447604        0.00000016        0.25447604       -0.00000000        0.00000016        0.00000016
     4364.        0.18258131        0.00000014        0.18258131       -0.00000000        0.00000012        0.00000012
     4367.        0.20425791        0.00000011        0.20425791       -0.00000000        0.00000013        0.00000013
     4370.        5.71007666        0.00000009        5.71007666       -0.00000000        0.00000375        0.00000375
     4373.       -2.80320104        0.00000007        2.80320104       -0.00000000       -0.00000187        0.00000187
     4376.        0.00735662        0.00000006        0.00735662       -0.00000000        0.00000000        0.00000000
     4379.       -0.40043420        0.00000005        0.40043420       -0.00000000       -0.00000028        0.00000028
     4382.       -1.98186695        0.00000004        1.98186695       -0.00000000       -0.00000139        0.00000139
     4385.       13.91713577        0.00000003       13.91713577       -0.00000000        0.00000995        0.00000995
     4388.       -4.04142661        0.00000002        4.04142661       -0.00000000       -0.00000294        0.00000294
     4391.      -14.98008020        0.00000002       14.98008020       -0.00000000       -0.00001113        0.00001113
     4394.        3.16551872        0.00000001        3.16551872       -0.00000000        0.00000240        0.00000240
     4397.        0.24715230        0.00000001        0.24715230       -0.00000000        0.00000019        0.00000019
     4400.        0.06203746        0.00000001        0.06203746       -0.00000000        0.00000005        0.00000005
     4403.        0.02133764        0.00000001        0.02133764       -0.00000000        0.00000002        0.00000002
     4406.        0.00855660        0.00000000        0.00855660       -0.00000000        0.00000001        0.00000001
     4409.        0.00374915        0.00000000        0.00374915       -0.00000000        0.00000000        0.00000000
     4412.        0.00173459        0.00000000        0.00173459       -0.00000000        0.00000000        0.00000000
     4415.        0.00082967        0.00000000        0.00082967       -0.00000000        0.00000000        0.00000000
     4418.        0.00040424        0.00000000        0.00040424       -0.00000000        0.00000000        0.00000000
     4421.        0.00019834        0.00000000        0.00019834       -0.00000000        0.00000000        0.00000000
     4424.        0.00009705        0.00000000        0.00009705       -0.00000000        0.00000000        0.00000000
     4427.        0.00004691        0.00000000        0.00004691       -0.00000000        0.00000000        0.00000000
     4430.        0.00002219        0.00000000        0.00002219       -0.00000000        0.00000000        0.00000000
     4433.        0.00001017        0.00000000        0.00001017       -0.00000000        0.00000000        0.00000000
     4436.        0.00000445        0.00000000        0.00000445       -0.00000000        0.00000000        0.00000000
     4439.        0.00000183        0.00000000        0.00000183       -0.00000000        0.00000000        0.00000000
     4442.        0.00000070        0.00000000        0.00000070       -0.00000000        0.00000000        0.00000000
     4445.        0.00000023        0.00000000        0.00000023       -0.00000000        0.00000000        0.00000000
     4448.        0.00000007        0.00000000        0.00000007       -0.00000000        0.00000000        0.00000000
     4451.        0.00000002        0.00000000        0.00000002       -0.00000000        0.00000000        0.00000000
     4454.        0.00000000        0.00000000        0.00000000       -0.00000000        0.00000000        0.00000000
     4457.        0.00000000        0.00000000        0.00000000       -0.00000000        0.00000000        0.00000000
     4460.        0.00000000        0.00000000        0.00000000       -0.00000000        0.00000000        0.00000000
     4463.       -0.00000000        0.00000000        0.00000000        0.00000000       -0.00000000        0.00000000
     4466.       -0.00000000        0.00000000        0.00000000        0.00000000       -0.00000000        0.00000000
     4469.       -0.00000000        0.00000000        0.00000000        0.00000000       -0.00000000        0.00000000
     4472.       -0.00000000        0.00000000        0.00000000        0.00000000       -0.00000000        0.00000000
     4475.       -0.00000000        0.00000001        0.00000001        0.00000000       -0.00000000        0.00000000
     4478.       -0.00000000        0.00000003        0.00000003        0.00000000       -0.00000000        0.00000000
     4481.       -0.00000000        0.00000007        0.00000007        0.00000000       -0.00000000        0.00000000
     4484.       -0.00000000        0.00000015        0.00000015        0.00000000       -0.00000000        0.00000000
     4487.       -0.00000000        0.00000026        0.00000026        0.00000000       -0.00000000        0.00000000
     4490.       -0.00000000        0.00000044        0.00000044        0.00000000       -0.00000000        0.00000000
     4493.       -0.00000000        0.00000069        0.00000069        0.00000000       -0.00000000        0.00000000
     4496.       -0.00000000        0.00000103        0.00000103        0.00000000       -0.00000000        0.00000000
     4499.       -0.00000000        0.00000148        0.00000148        0.00000000       -0.00000000        0.00000000
     4502.       -0.00000000        0.00000206        0.00000206        0.00000000       -0.00000000        0.00000000
     4505.       -0.00000000        0.00000278        0.00000278        0.00000000       -0.00000000        0.00000000
     4508.       -0.00000000        0.00000366        0.00000366        0.00000000       -0.00000000        0.00000000
     4511.       -0.00000000        0.00000472        0.00000472        0.00000000       -0.00000000        0.00000000
     4514.       -0.00000000        0.00000597        0.00000597        0.00000000       -0.00000000        0.00000000
     4517.       -0.00000000        0.00000744        0.00000744        0.00000000       -0.00000000        0.00000000
     4520.       -0.00000000        0.00000914        0.00000914        0.00000000       -0.00000000        0.00000000
     4523.       -0.00000000        0.00001108        0.00001108        0.00000000       -0.00000000        0.00000000
     4526.       -0.00000001        0.00001327        0.00001327        0.00000000       -0.00000000        0.00000000
     4529.       -0.00000001        0.00001574        0.00001574        0.00000000       -0.00000000        0.00000000
     4532.       -0.00000001        0.00001849        0.00001849        0.00000000       -0.00000000        0.00000000
     4535.       -0.00000001        0.00002154        0.00002154        0.00000000       -0.00000000        0.00000000
     4538.       -0.00000001        0.00002490        0.00002490        0.00000000       -0.00000000        0.00000000
     4541.       -0.00000002        0.00002858        0.00002858        0.00000000       -0.00000000        0.00000000
     4544.       -0.00000002        0.00003259        0.00003259        0.00000000       -0.00000000        0.00000000
     4547.       -0.00000002        0.00003693        0.00003693        0.00000000       -0.00000000        0.00000000
