     4253.       21.73992091        1.61036566       21.79948253       -0.00000073        0.00000982        0.00000984
     4256.       19.82359339        1.55391188       19.88440336       -0.00000071        0.00000901        0.00000903
     4259.       18.18539808        1.49995436       18.24715229       -0.00000069        0.00000832        0.00000834
     4262.       16.75615094        1.44836554       16.81863125       -0.00000067        0.00000771        0.00000774
     4265.       15.48254309        1.39903702       15.54562463       -0.00000065        0.00000717        0.00000720
     4268.       14.31969335        1.35188111       14.38336539       -0.00000063        0.00000668        0.00000671
     4271.       13.22489053        1.30683240       13.28930173       -0.00000061        0.00000621        0.00000624
     4274.       12.14927777        1.26384488       12.21483746       -0.00000060        0.00000575        0.00000578
     4277.       11.02283791        1.22291230       11.09046753       -0.00000058        0.00000525        0.00000528
     4280.        9.71444152        1.18407084        9.78633730       -0.00000057        0.00000466        0.00000470
     4283.        7.88345261        1.14742852        7.96651851       -0.00000055        0.00000381        0.00000385
     4286.        3.94232325        1.11321774        4.09648219       -0.00000054        0.00000192        0.00000200
     4289.       56.05533105        1.08194301       56.06577155       -0.00000053        0.00002751        0.00002752
     4292.        5.73501834        1.05481030        5.83121429       -0.00000052        0.00000284        0.00000288
     4295.      159.52549511        1.03637107      159.52886151       -0.00000052        0.00007955        0.00007955
     4298.       21.05969993        1.02696619       21.08472482       -0.00000052        0.00001059        0.00001060
     4301.       16.18701937        0.99037560       16.21728830       -0.00000050        0.00000821        0.00000822
     4304.       14.26055707        0.95316300       14.29237586       -0.00000049        0.00000729        0.00000731
     4307.       13.19461501        0.90101763       13.22534303       -0.00000046        0.00000680        0.00000682
     4310.       12.49511932        0.86293784       12.52488197       -0.00000045        0.00000650        0.00000652
     4313.       12.01725776        0.81129088       12.04461194       -0.00000043        0.00000631        0.00000632
     4316.       11.69964742        0.76878928       11.72487896       -0.00000041        0.00000620        0.00000621
     4319.       11.49481713        0.73391404       11.51822254       -0.00000039        0.00000615        0.00000616
     4322.       11.39385091        0.69661196       11.41512623       -0.00000038        0.00000616        0.00000617
     4325.       11.40751146        0.65799680       11.42647266       -0.00000036        0.00000622        0.00000623
     4328.       11.55592977        0.62336557       11.57273077       -0.00000034        0.00000637        0.00000638
     4331.       11.88314389        0.59329356       11.89794546       -0.00000033        0.00000662        0.00000663
     4334.       12.49651667        0.56535820       12.50929889       -0.00000032        0.00000703        0.00000704
     4337.       13.68718444        0.53776096       13.69774452       -0.00000031        0.00000779        0.00000780
     4340.       16.63335957        0.51030564       16.64118572       -0.00000029        0.00000957        0.00000958
     4343.       76.79431973        0.48379166       76.79584362       -0.00000028        0.00004471        0.00004471
     4346.       23.42007631        0.45896676       23.42457310       -0.00000027        0.00001380        0.00001380
     4349.       -7.84016177        0.43595818        7.85227330       -0.00000026       -0.00000468        0.00000468
     4352.        3.17985484        0.41441843        3.20674593       -0.00000025        0.00000192        0.00000194
     4355.        6.21412547        0.39388822        6.22659644       -0.00000024        0.00000380        0.00000381
     4358.        8.16517630        0.37403114        8.17373864       -0.00000023        0.00000506        0.00000507
     4361.       10.10166557        0.35469921       10.10789092       -0.00000022        0.00000635        0.00000635
     4364.       12.79621861        0.33590111       12.80062655       -0.00000021        0.00000816        0.00000816
     4367.       18.42148075        0.31772371       18.42422051       -0.00000021        0.00001192        0.00001192
     4370.      158.43318124        0.30025609      158.43346575       -0.00000020        0.00010407        0.00010407
     4373.      115.03812671        0.28353921      115.03847613       -0.00000019        0.00007676        0.00007676
     4376.       -8.62329711        0.26755281        8.62744675       -0.00000018       -0.00000585        0.00000585
     4379.        2.80649873        0.25223446        2.81781074       -0.00000017        0.00000194        0.00000194
     4382.       13.20722254        0.23750747       13.20935794       -0.00000017        0.00000927        0.00000927
     4385.        0.20624761        0.22330073        0.30397581       -0.00000016        0.00000015        0.00000022
     4388.      -26.75758322        0.20955566       26.75840379       -0.00000015       -0.00001949        0.00001949
     4391.      -27.99701574        0.19623776       27.99770347       -0.00000015       -0.00002080        0.00002080
     4394.      -26.72474614        0.18332557       26.72537492       -0.00000014       -0.00002027        0.00002027
     4397.       -9.31251292        0.17081353        9.31407935       -0.00000013       -0.00000722        0.00000722
     4400.       -5.99618928        0.15870044        5.99828907       -0.00000013       -0.00000476        0.00000476
     4403.       -4.33597832        0.14699031        4.33846910       -0.00000012       -0.00000352        0.00000352
     4406.       -3.29872294        0.13568211        3.30151218       -0.00000011       -0.00000275        0.00000275
     4409.       -2.58080927        0.12477399        2.58382372       -0.00000011       -0.00000221        0.00000221
     4412.       -2.05346638        0.11426227        2.05664291       -0.00000010       -0.00000181        0.00000181
     4415.       -1.65076863        0.10413737        1.65405008       -0.00000009       -0.00000150        0.00000150
     4418.       -1.33482195        0.09439274        1.33815531       -0.00000009       -0.00000125        0.00000125
     4421.       -1.08201589        0.08502080        1.08535106       -0.00000008       -0.00000105        0.00000105
     4424.       -0.87675948        0.07601654        0.88004870       -0.00000008       -0.00000088        0.00000089
     4427.       -0.70830124        0.06737775        0.71149870       -0.00000007       -0.00000074        0.00000075
     4430.       -0.56895693        0.05910559        0.57201875       -0.00000006       -0.00000062        0.00000063
     4433.       -0.45307594        0.05120532        0.45596029       -0.00000006       -0.00000052        0.00000052
     4436.       -0.35641564        0.04368613        0.35908298       -0.00000005       -0.00000043        0.00000044
     4439.       -0.27572834        0.03656214        0.27814188       -0.00000005       -0.00000035        0.00000036
     4442.       -0.20849767        0.02985287        0.21062400       -0.00000004       -0.00000029        0.00000029
     4445.       -0.15275454        0.02358500        0.15456456       -0.00000004       -0.00000023        0.00000023
     4448.       -0.10695933        0.01779536        0.10842958       -0.00000003       -0.00000018        0.00000018
     4451.       -0.06992127        0.01253546        0.07103606       -0.00000002       -0.00000013        0.00000013
     4454.       -0.04076423        0.00788244        0.04151933       -0.00000002       -0.00000009        0.00000009
     4457.       -0.01895245        0.00396212        0.01936217       -0.00000001       -0.00000005        0.00000005
     4460.       -0.00451323        0.00102552        0.00462828       -0.00000000       -0.00000002        0.00000002
     4463.       -0.00037785       -0.00150156        0.00154837        0.00000000        0.00000001        0.00000001
     4466.       -0.00319244       -0.01140882        0.01184706        0.00000001        0.00000003        0.00000004
     4469.       -0.00772661       -0.02511449        0.02627619        0.00000002        0.00000006        0.00000006
     4472.       -0.01350359       -0.04117307        0.04333092        0.00000003        0.00000008        0.00000008
     4475.       -0.02076544       -0.05831133        0.06189842        0.00000004        0.00000010        0.00000010
     4478.       -0.02910803       -0.07705764        0.08237206        0.00000004        0.00000012        0.00000013
     4481.       -0.03780098       -0.09603419        0.10320600        0.00000005        0.00000013        0.00000014
     4484.       -0.04808420       -0.11501804        0.12466450        0.00000006        0.00000015        0.00000016
     4487.       -0.05966450       -0.13512555        0.14771176        0.00000007        0.00000016        0.00000018
     4490.       -0.07118777       -0.15610484        0.17157045        0.00000008        0.00000018        0.00000020
     4493.       -0.08260901       -0.17655140        0.19492216        0.00000009        0.00000019        0.00000021
     4496.       -0.09511588       -0.19619894        0.21803912        0.00000010        0.00000020        0.00000023
     4499.       -0.10921160       -0.21598976        0.24203048        0.00000011        0.00000022        0.00000024
     4502.       -0.12431277       -0.23678077        0.26742999        0.00000012        0.00000023        0.00000026
     4505.       -0.13935310       -0.25858623        0.29374500        0.00000013        0.00000024        0.00000027
     4508.       -0.15370036       -0.28054020        0.31988530        0.00000014        0.00000025        0.00000029
     4511.       -0.16769849       -0.30168870        0.34516497        0.00000014        0.00000026        0.00000030
     4514.       -0.18224419       -0.32179005        0.36981317        0.00000015        0.00000027        0.00000031
     4517.       -0.19802195       -0.34134365        0.39462410        0.00000016        0.00000028        0.00000032
     4520.       -0.21515066       -0.36113772        0.42036919        0.00000017        0.00000029        0.00000033
     4523.       -0.23322408       -0.38182631        0.44742016        0.00000018        0.00000029        0.00000035
     4526.       -0.25152999       -0.40367170        0.47562399        0.00000019        0.00000030        0.00000036
     4529.       -0.26934462       -0.42644644        0.50438387        0.00000020        0.00000031        0.00000037
     4532.       -0.28625494       -0.44952846        0.53293313        0.00000021        0.00000032        0.00000038
     4535.       -0.30233503       -0.47219660        0.56069252        0.00000021        0.00000033        0.00000039
     4538.       -0.31807809       -0.49396337        0.58751467        0.00000022        0.00000034        0.00000040
     4541.       -0.33413681       -0.51475279        0.61369197        0.00000023        0.00000035        0.00000041
     4544.       -0.35105680       -0.53486227        0.63978006        0.00000023        0.00000035        0.00000042
     4547.       -0.36913092       -0.55480961        0.66638679        0.00000024        0.00000036        0.00000043
