     4253.       19.51662662        1.41767956       19.56804870       -0.00000064        0.00000881        0.00000883
     4256.       17.65202908        1.36935302       17.70506307       -0.00000062        0.00000802        0.00000804
     4259.       16.04674861        1.32343820       16.10123069       -0.00000061        0.00000734        0.00000736
     4262.       14.63121840        1.27985005       14.68708848       -0.00000059        0.00000673        0.00000676
     4265.       13.35011212        1.23853007       13.40744011       -0.00000057        0.00000619        0.00000621
     4268.       12.15463163        1.19944981       12.21367062       -0.00000056        0.00000567        0.00000570
     4271.       10.99463704        1.16261405       11.05593574       -0.00000055        0.00000516        0.00000519
     4274.        9.80779774        1.12807021        9.87245861       -0.00000053        0.00000464        0.00000467
     4277.        8.49767045        1.09592133        8.56804801       -0.00000052        0.00000405        0.00000408
     4280.        6.87444536        1.06634479        6.95665798       -0.00000051        0.00000330        0.00000334
     4283.        4.43158745        1.03960156        4.55189397       -0.00000050        0.00000214        0.00000220
     4286.       -1.21933566        1.01605111        1.58717967       -0.00000049       -0.00000059        0.00000077
     4289.       77.85701466        0.99607358       77.86338609       -0.00000049        0.00003822        0.00003822
     4292.        2.20711820        0.97953833        2.41471864       -0.00000048        0.00000109        0.00000119
     4295.      229.89202769        0.96328850      229.89404585       -0.00000048        0.00011464        0.00011464
     4298.       25.32442940        0.92623257       25.34136206       -0.00000047        0.00001273        0.00001274
     4301.       18.47135287        0.72337655       18.48551190       -0.00000037        0.00000936        0.00000937
     4304.       15.57940707        0.21483388       15.58088824       -0.00000011        0.00000797        0.00000797
     4307.       13.75178139        0.28999410       13.75483871       -0.00000015        0.00000709        0.00000709
     4310.       12.70973429        0.41471023       12.71649835       -0.00000022        0.00000661        0.00000662
     4313.       12.04256900        0.45722875       12.05124583       -0.00000024        0.00000632        0.00000633
     4316.       11.59014656        0.47372002       11.59982361       -0.00000025        0.00000614        0.00000615
     4319.       11.27778742        0.47895134       11.28795303       -0.00000026        0.00000603        0.00000604
     4322.       11.08174944        0.47358529       11.09186430       -0.00000026        0.00000599        0.00000599
     4325.       11.00001393        0.46182320       11.00970422       -0.00000025        0.00000600        0.00000601
     4328.       11.04347832        0.44827391       11.05257269       -0.00000025        0.00000609        0.00000609
     4331.       11.24511178        0.43457465       11.25350586       -0.00000024        0.00000626        0.00000627
     4334.       11.68827842        0.42046757       11.69583880       -0.00000024        0.00000658        0.00000658
     4337.       12.60189675        0.40564005       12.60842360       -0.00000023        0.00000717        0.00000718
     4340.       14.91639126        0.39024834       14.92149530       -0.00000022        0.00000859        0.00000859
     4343.       62.38202074        0.37472905       62.38314623       -0.00000022        0.00003632        0.00003632
     4346.       20.39888103        0.35945112       20.40204775       -0.00000021        0.00001202        0.00001202
     4349.       -4.50704052        0.34456560        4.52019244       -0.00000021       -0.00000269        0.00000270
     4352.        4.31644329        0.33005223        4.32904345       -0.00000020        0.00000261        0.00000261
     4355.        6.80892783        0.31583430        6.81624893       -0.00000019        0.00000417        0.00000417
     4358.        8.48438189        0.30185507        8.48974985       -0.00000019        0.00000526        0.00000526
     4361.       10.22554066        0.28809746       10.22959833       -0.00000018        0.00000643        0.00000643
     4364.       12.72992264        0.27458480       12.73288370       -0.00000018        0.00000812        0.00000812
     4367.       18.05455962        0.26134861       18.05645110       -0.00000017        0.00001168        0.00001168
     4370.      151.50652494        0.24842186      151.50672860       -0.00000016        0.00009952        0.00009952
     4373.      110.33999845        0.23582209      110.34025045       -0.00000016        0.00007363        0.00007363
     4376.       -7.77233722        0.22354949        7.77555144       -0.00000015       -0.00000527        0.00000527
     4379.        3.20550919        0.21159690        3.21248540       -0.00000015        0.00000221        0.00000222
     4382.       13.36168482        0.19995043       13.36318081       -0.00000014        0.00000938        0.00000938
     4385.        0.48627829        0.18859854        0.52157069       -0.00000013        0.00000035        0.00000037
     4388.      -26.15842529        0.17753056       26.15902771       -0.00000013       -0.00001906        0.00001906
     4391.      -27.66300662        0.16673945       27.66350913       -0.00000012       -0.00002056        0.00002056
     4394.      -26.46704611        0.15622554       26.46750717       -0.00000012       -0.00002008        0.00002008
     4397.       -9.13219800        0.14598556        9.13336478       -0.00000011       -0.00000708        0.00000708
     4400.       -5.85185426        0.13602067        5.85343488       -0.00000011       -0.00000464        0.00000464
     4403.       -4.21727512        0.12633359        4.21916694       -0.00000010       -0.00000343        0.00000343
     4406.       -3.19986498        0.11692335        3.20200046       -0.00000010       -0.00000267        0.00000267
     4409.       -2.49795780        0.10779096        2.50028240       -0.00000009       -0.00000214        0.00000214
     4412.       -1.98382018        0.09893647        1.98628571       -0.00000009       -0.00000175        0.00000175
     4415.       -1.59221548        0.09036018        1.59477745       -0.00000008       -0.00000144        0.00000145
     4418.       -1.28566807        0.08206295        1.28828441       -0.00000008       -0.00000120        0.00000121
     4421.       -1.04088084        0.07404629        1.04351127       -0.00000007       -0.00000101        0.00000101
     4424.       -0.84250430        0.06631321        0.84511002       -0.00000007       -0.00000085        0.00000085
     4427.       -0.67997118        0.05886813        0.68251466       -0.00000006       -0.00000071        0.00000071
     4430.       -0.54573388        0.05171737        0.54817894       -0.00000006       -0.00000060        0.00000060
     4433.       -0.43425771        0.04486942        0.43656961       -0.00000005       -0.00000050        0.00000050
     4436.       -0.34138908        0.03833544        0.34353472       -0.00000005       -0.00000041        0.00000042
     4439.       -0.26395608        0.03213002        0.26590440       -0.00000004       -0.00000034        0.00000034
     4442.       -0.19950348        0.02627216        0.20122590       -0.00000004       -0.00000028        0.00000028
     4445.       -0.14611158        0.02078692        0.14758283       -0.00000003       -0.00000022        0.00000022
     4448.       -0.10228079        0.01570803        0.10347996       -0.00000003       -0.00000017        0.00000017
     4451.       -0.06685257        0.01108258        0.06776496       -0.00000002       -0.00000012        0.00000013
     4454.       -0.03897384        0.00698032        0.03959401       -0.00000002       -0.00000008        0.00000009
     4457.       -0.01812223        0.00351485        0.01845994       -0.00000001       -0.00000005        0.00000005
     4460.       -0.00431690        0.00091153        0.00441209       -0.00000000       -0.00000002        0.00000002
     4463.       -0.00033665       -0.00143722        0.00147612        0.00000000        0.00000001        0.00000001
     4466.       -0.00284806       -0.01092591        0.01129101        0.00000001        0.00000003        0.00000003
     4469.       -0.00690025       -0.02406703        0.02503668        0.00000002        0.00000006        0.00000006
     4472.       -0.01205416       -0.03945874        0.04125888        0.00000002        0.00000008        0.00000008
     4475.       -0.01854510       -0.05592526        0.05891991        0.00000003        0.00000009        0.00000010
     4478.       -0.02596337       -0.07390807        0.07833581        0.00000004        0.00000011        0.00000012
     4481.       -0.03369373       -0.09211871        0.09808733        0.00000005        0.00000013        0.00000014
     4484.       -0.04285183       -0.11040620        0.11843060        0.00000006        0.00000014        0.00000015
     4487.       -0.05310685       -0.12975988        0.14020686        0.00000006        0.00000016        0.00000017
     4490.       -0.06324169       -0.14987770        0.16267402        0.00000007        0.00000017        0.00000019
     4493.       -0.07328717       -0.16948957        0.18465569        0.00000008        0.00000018        0.00000020
     4496.       -0.08431845       -0.18842812        0.20643342        0.00000009        0.00000020        0.00000021
     4499.       -0.09672490       -0.20756550        0.22899595        0.00000010        0.00000021        0.00000023
     4502.       -0.10992312       -0.22763529        0.25278631        0.00000011        0.00000022        0.00000024
     4505.       -0.12295352       -0.24857714        0.27732321        0.00000011        0.00000023        0.00000026
     4508.       -0.13530577       -0.26957362        0.30162491        0.00000012        0.00000024        0.00000027
     4511.       -0.14735635       -0.28979650        0.32510907        0.00000013        0.00000025        0.00000028
     4514.       -0.15991433       -0.30910124        0.34801749        0.00000013        0.00000026        0.00000029
     4517.       -0.17354784       -0.32798408        0.37106928        0.00000014        0.00000027        0.00000030
     4520.       -0.18829882       -0.34715168        0.39493130        0.00000015        0.00000027        0.00000031
     4523.       -0.20375330       -0.36715055        0.41989872        0.00000016        0.00000028        0.00000032
     4526.       -0.21925199       -0.38815333        0.44579641        0.00000016        0.00000029        0.00000034
     4529.       -0.23417816       -0.40989343        0.47207206        0.00000017        0.00000030        0.00000035
     4532.       -0.24822248       -0.43178545        0.49804927        0.00000018        0.00000031        0.00000036
     4535.       -0.26151748       -0.45320514        0.52324592        0.00000018        0.00000032        0.00000037
     4538.       -0.27454019       -0.47377260        0.54756989        0.00000019        0.00000033        0.00000038
     4541.       -0.28786510       -0.49348684        0.57131040        0.00000019        0.00000033        0.00000039
     4544.       -0.30193425       -0.51265755        0.59496391        0.00000020        0.00000034        0.00000039
     4547.       -0.31694712       -0.53176541        0.61905568        0.00000021        0.00000035        0.00000040
