     4253.        5.61599858        0.06700359        5.61639827       -0.00000003        0.00000254        0.00000254
     4256.        4.72293834        0.06497636        4.72338528       -0.00000003        0.00000215        0.00000215
     4259.        4.00976275        0.06299675        4.01025758       -0.00000003        0.00000183        0.00000183
     4262.        3.42801420        0.06106286        3.42855801       -0.00000003        0.00000158        0.00000158
     4265.        2.94290798        0.05917369        2.94350283       -0.00000003        0.00000136        0.00000136
     4268.        2.52779535        0.05732782        2.52844534       -0.00000003        0.00000118        0.00000118
     4271.        2.15961332        0.05552406        2.16032697       -0.00000003        0.00000101        0.00000101
     4274.        1.81393085        0.05376125        1.81472737       -0.00000003        0.00000086        0.00000086
     4277.        1.45524803        0.05203865        1.45617816       -0.00000002        0.00000069        0.00000069
     4280.        1.00921143        0.05035492        1.01046689       -0.00000002        0.00000048        0.00000048
     4283.        0.24370183        0.04870934        0.24852200       -0.00000002        0.00000012        0.00000012
     4286.       -2.17850915        0.04710081        2.17901826       -0.00000002       -0.00000106        0.00000106
     4289.       52.66684199        0.04552865       52.66686167       -0.00000002        0.00002585        0.00002585
     4292.       10.28667153        0.04399217       10.28676560       -0.00000002        0.00000509        0.00000509
     4295.      -69.89046517        0.04249032       69.89047809       -0.00000002       -0.00003485        0.00003485
     4298.       -1.96265074        0.04102244        1.96307941       -0.00000002       -0.00000099        0.00000099
     4301.       -0.28451151        0.03958788        0.28725251       -0.00000002       -0.00000014        0.00000015
     4304.        0.16370756        0.03818602        0.16810216       -0.00000002        0.00000008        0.00000009
     4307.        0.33151739        0.03681603        0.33355539       -0.00000002        0.00000017        0.00000017
     4310.        0.40206434        0.03547749        0.40362655       -0.00000002        0.00000021        0.00000021
     4313.        0.43257648        0.03416960        0.43392393       -0.00000002        0.00000023        0.00000023
     4316.        0.44622310        0.03289177        0.44743370       -0.00000002        0.00000024        0.00000024
     4319.        0.45455676        0.03164361        0.45565685       -0.00000002        0.00000024        0.00000024
     4322.        0.46502749        0.03042452        0.46602169       -0.00000002        0.00000025        0.00000025
     4325.        0.48459270        0.02923377        0.48547368       -0.00000002        0.00000026        0.00000026
     4328.        0.52299621        0.02807116        0.52374901       -0.00000002        0.00000029        0.00000029
     4331.        0.59896376        0.02693596        0.59956912       -0.00000002        0.00000033        0.00000033
     4334.        0.75850544        0.02582781        0.75894504       -0.00000001        0.00000043        0.00000043
     4337.        1.15155372        0.02474636        1.15181959       -0.00000001        0.00000066        0.00000066
     4340.        2.58425248        0.02369091        2.58436107       -0.00000001        0.00000149        0.00000149
     4343.       59.12930933        0.02266129       59.12931367       -0.00000001        0.00003443        0.00003443
     4346.      -13.55675034        0.02165685       13.55676764       -0.00000001       -0.00000799        0.00000799
     4349.        5.78184203        0.02067742        5.78187901       -0.00000001        0.00000345        0.00000345
     4352.        1.62273843        0.01972253        1.62285828       -0.00000001        0.00000098        0.00000098
     4355.        0.99338467        0.01879188        0.99356240       -0.00000001        0.00000061        0.00000061
     4358.        0.86568226        0.01788516        0.86586699       -0.00000001        0.00000054        0.00000054
     4361.        0.98335055        0.01700176        0.98349752       -0.00000001        0.00000062        0.00000062
     4364.        1.48173279        0.01614158        1.48182071       -0.00000001        0.00000094        0.00000094
     4367.        3.54095889        0.01530441        3.54099196       -0.00000001        0.00000229        0.00000229
     4370.      134.66652948        0.01448977      134.66653026       -0.00000001        0.00008846        0.00008846
     4373.      -63.39962908        0.01369747       63.39963055       -0.00000001       -0.00004230        0.00004230
     4376.        4.61223150        0.01292723        4.61224961       -0.00000001        0.00000313        0.00000313
     4379.        2.52883988        0.01217880        2.52886921       -0.00000001        0.00000174        0.00000174
     4382.        5.15660663        0.01145198        5.15661935       -0.00000001        0.00000362        0.00000362
     4385.      -26.49122999        0.01074654       26.49123217       -0.00000001       -0.00001894        0.00001894
     4388.       11.24723066        0.01006228       11.24723516       -0.00000001        0.00000819        0.00000819
     4391.      -26.54376656        0.00939903       26.54376822       -0.00000001       -0.00001972        0.00001972
     4394.        7.55647691        0.00875663        7.55648198       -0.00000001        0.00000573        0.00000573
     4397.        1.20332186        0.00813494        1.20334935       -0.00000001        0.00000093        0.00000093
     4400.        0.57783943        0.00753382        0.57788854       -0.00000001        0.00000046        0.00000046
     4403.        0.35724713        0.00695320        0.35731479       -0.00000001        0.00000029        0.00000029
     4406.        0.24693964        0.00639297        0.24702238       -0.00000001        0.00000021        0.00000021
     4409.        0.18151462        0.00585312        0.18160896       -0.00000001        0.00000016        0.00000016
     4412.        0.13853674        0.00533361        0.13863937       -0.00000000        0.00000012        0.00000012
     4415.        0.10831615        0.00483445        0.10842398       -0.00000000        0.00000010        0.00000010
     4418.        0.08601362        0.00435571        0.08612384       -0.00000000        0.00000008        0.00000008
     4421.        0.06895512        0.00389746        0.06906518       -0.00000000        0.00000007        0.00000007
     4424.        0.05554943        0.00345987        0.05565707       -0.00000000        0.00000006        0.00000006
     4427.        0.04479372        0.00304312        0.04489697       -0.00000000        0.00000005        0.00000005
     4430.        0.03602666        0.00264749        0.03612381       -0.00000000        0.00000004        0.00000004
     4433.        0.02879552        0.00227335        0.02888512       -0.00000000        0.00000003        0.00000003
     4436.        0.02278131        0.00192115        0.02286217       -0.00000000        0.00000003        0.00000003
     4439.        0.01775317        0.00159150        0.01782436       -0.00000000        0.00000002        0.00000002
     4442.        0.01354131        0.00128519        0.01360216       -0.00000000        0.00000002        0.00000002
     4445.        0.01001930        0.00100326        0.01006940       -0.00000000        0.00000001        0.00000002
     4448.        0.00709280        0.00074710        0.00713204       -0.00000000        0.00000001        0.00000001
     4451.        0.00469257        0.00051866        0.00472115       -0.00000000        0.00000001        0.00000001
     4454.        0.00277171        0.00032080        0.00279021       -0.00000000        0.00000001        0.00000001
     4457.        0.00130715        0.00015818        0.00131669       -0.00000000        0.00000000        0.00000000
     4460.        0.00031625        0.00003997        0.00031876       -0.00000000        0.00000000        0.00000000
     4463.       -0.00001415        0.00010710        0.00010803        0.00000000       -0.00000000        0.00000000
     4466.       -0.00011317        0.00082147        0.00082923        0.00000000       -0.00000000        0.00000000
     4469.       -0.00026162        0.00182595        0.00184459        0.00000000       -0.00000000        0.00000000
     4472.       -0.00044371        0.00299721        0.00302988        0.00000000       -0.00000001        0.00000001
     4475.       -0.00065527        0.00427564        0.00432556        0.00000000       -0.00000001        0.00000001
     4478.       -0.00088653        0.00562351        0.00569296        0.00000000       -0.00000001        0.00000001
     4481.       -0.00113697        0.00702174        0.00711319        0.00000000       -0.00000001        0.00000001
     4484.       -0.00140680        0.00844718        0.00856353        0.00000000       -0.00000001        0.00000001
     4487.       -0.00168744        0.00988554        0.01002852        0.00000000       -0.00000001        0.00000001
     4490.       -0.00197538        0.01133352        0.01150438        0.00000000       -0.00000001        0.00000001
     4493.       -0.00227509        0.01278579        0.01298663        0.00000000       -0.00000001        0.00000001
     4496.       -0.00258776        0.01423150        0.01446486        0.00000000       -0.00000001        0.00000002
     4499.       -0.00290833        0.01566249        0.01593022        0.00000000       -0.00000002        0.00000002
     4502.       -0.00323107        0.01707737        0.01738034        0.00000000       -0.00000002        0.00000002
     4505.       -0.00355426        0.01847795        0.01881667        0.00000000       -0.00000002        0.00000002
     4508.       -0.00388057        0.01986562        0.02024109        0.00000000       -0.00000002        0.00000002
     4511.       -0.00421353        0.02123727        0.02165122        0.00000000       -0.00000002        0.00000002
     4514.       -0.00455378        0.02258820        0.02304265        0.00000000       -0.00000002        0.00000002
     4517.       -0.00489885        0.02391439        0.02441100        0.00000000       -0.00000002        0.00000002
     4520.       -0.00524499        0.02521441        0.02575415        0.00000000       -0.00000002        0.00000002
     4523.       -0.00558910        0.02648973        0.02707294        0.00000000       -0.00000002        0.00000002
     4526.       -0.00592997        0.02774303        0.02836970        0.00000000       -0.00000002        0.00000002
     4529.       -0.00626853        0.02897654        0.02964683        0.00000000       -0.00000002        0.00000002
     4532.       -0.00660704        0.03019165        0.03090613        0.00000000       -0.00000002        0.00000002
     4535.       -0.00694775        0.03138756        0.03214732        0.00000000       -0.00000002        0.00000002
     4538.       -0.00729187        0.03256231        0.03336878        0.00000001       -0.00000002        0.00000002
     4541.       -0.00763915        0.03371411        0.03456874        0.00000001       -0.00000002        0.00000002
     4544.       -0.00798816        0.03484137        0.03574538        0.00000001       -0.00000002        0.00000002
     4547.       -0.00833690        0.03594362        0.03689780        0.00000001       -0.00000002        0.00000002
