     4253.        5.23969835        0.04347165        5.23987868       -0.00000002        0.00000237        0.00000237
     4256.        4.37983967        0.04214772        4.38004246       -0.00000002        0.00000199        0.00000199
     4259.        3.69203891        0.04085646        3.69226496       -0.00000002        0.00000169        0.00000169
     4262.        3.12845619        0.03959671        3.12870677       -0.00000002        0.00000144        0.00000144
     4265.        2.65424582        0.03836714        2.65452311       -0.00000002        0.00000123        0.00000123
     4268.        2.24161285        0.03716707        2.24192096       -0.00000002        0.00000105        0.00000105
     4271.        1.86490247        0.03599561        1.86524983       -0.00000002        0.00000088        0.00000088
     4274.        1.49385339        0.03485148        1.49425988       -0.00000002        0.00000071        0.00000071
     4277.        1.07976224        0.03373446        1.08028909       -0.00000002        0.00000051        0.00000051
     4280.        0.51371254        0.03264328        0.51474864       -0.00000002        0.00000025        0.00000025
     4283.       -0.55311841        0.03157733        0.55401905       -0.00000002       -0.00000027        0.00000027
     4286.       -4.14206423        0.03053621        4.14217679       -0.00000001       -0.00000202        0.00000202
     4289.       78.80233628        0.02951909       78.80234181       -0.00000001        0.00003868        0.00003868
     4292.       14.72904624        0.02852540       14.72907386       -0.00000001        0.00000729        0.00000729
     4295.     -103.89419124        0.02755476      103.89419490       -0.00000001       -0.00005181        0.00005181
     4298.       -3.37930233        0.02660618        3.37940707       -0.00000001       -0.00000170        0.00000170
     4301.       -0.86735633        0.02567969        0.86773640       -0.00000001       -0.00000044        0.00000044
     4304.       -0.17569007        0.02477435        0.17742820       -0.00000001       -0.00000009        0.00000009
     4307.        0.09852005        0.02389000        0.10137520       -0.00000001        0.00000005        0.00000005
     4310.        0.22545046        0.02302590        0.22662326       -0.00000001        0.00000012        0.00000012
     4313.        0.28927184        0.02218190        0.29012106       -0.00000001        0.00000015        0.00000015
     4316.        0.32372290        0.02135729        0.32442664       -0.00000001        0.00000017        0.00000017
     4319.        0.34503629        0.02055193        0.34564783       -0.00000001        0.00000018        0.00000018
     4322.        0.36273558        0.01976550        0.36327369       -0.00000001        0.00000020        0.00000020
     4325.        0.38431381        0.01899731        0.38478306       -0.00000001        0.00000021        0.00000021
     4328.        0.41862267        0.01824723        0.41902016       -0.00000001        0.00000023        0.00000023
     4331.        0.48110512        0.01751497        0.48142384       -0.00000001        0.00000027        0.00000027
     4334.        0.60840455        0.01680005        0.60863646       -0.00000001        0.00000034        0.00000034
     4337.        0.91878801        0.01610220        0.91892909       -0.00000001        0.00000052        0.00000052
     4340.        2.04740778        0.01542115        2.04746585       -0.00000001        0.00000118        0.00000118
     4343.       46.63954328        0.01475660       46.63954562       -0.00000001        0.00002716        0.00002716
     4346.      -10.73850689        0.01410826       10.73851615       -0.00000001       -0.00000633        0.00000633
     4349.        4.65870759        0.01347587        4.65872708       -0.00000001        0.00000278        0.00000278
     4352.        1.34549807        0.01285919        1.34555952       -0.00000001        0.00000081        0.00000081
     4355.        0.85251791        0.01225796        0.85260603       -0.00000001        0.00000052        0.00000052
     4358.        0.76852551        0.01167195        0.76861414       -0.00000001        0.00000048        0.00000048
     4361.        0.89857717        0.01110094        0.89864574       -0.00000001        0.00000056        0.00000056
     4364.        1.38358278        0.01054471        1.38362296       -0.00000001        0.00000088        0.00000088
     4367.        3.35222789        0.01000305        3.35224282       -0.00000001        0.00000217        0.00000217
     4370.      128.34622201        0.00947580      128.34622236       -0.00000001        0.00008431        0.00008431
     4373.      -60.55113873        0.00896274       60.55113939       -0.00000001       -0.00004040        0.00004040
     4376.        4.41767203        0.00846371        4.41768014       -0.00000001        0.00000300        0.00000300
     4379.        2.44748936        0.00797857        2.44750236       -0.00000001        0.00000169        0.00000169
     4382.        5.06084059        0.00750715        5.06084616       -0.00000001        0.00000355        0.00000355
     4385.      -26.15828148        0.00704930       26.15828243       -0.00000001       -0.00001870        0.00001870
     4388.       11.10645256        0.00660492       11.10645453       -0.00000000        0.00000809        0.00000809
     4391.      -26.51510260        0.00617387       26.51510332       -0.00000000       -0.00001970        0.00001970
     4394.        7.52439292        0.00575606        7.52439512       -0.00000000        0.00000571        0.00000571
     4397.        1.18885951        0.00535140        1.18887156       -0.00000000        0.00000092        0.00000092
     4400.        0.56724536        0.00495982        0.56726705       -0.00000000        0.00000045        0.00000045
     4403.        0.34884606        0.00458124        0.34887615       -0.00000000        0.00000028        0.00000028
     4406.        0.24005380        0.00421564        0.24009081       -0.00000000        0.00000020        0.00000020
     4409.        0.17577183        0.00386298        0.17581427       -0.00000000        0.00000015        0.00000015
     4412.        0.13370275        0.00352326        0.13374917       -0.00000000        0.00000012        0.00000012
     4415.        0.10423044        0.00319651        0.10427944       -0.00000000        0.00000009        0.00000009
     4418.        0.08255566        0.00288276        0.08260598       -0.00000000        0.00000008        0.00000008
     4421.        0.06603254        0.00258208        0.06608300       -0.00000000        0.00000006        0.00000006
     4424.        0.05308823        0.00229457        0.05313779       -0.00000000        0.00000005        0.00000005
     4427.        0.04273306        0.00202040        0.04278080       -0.00000000        0.00000004        0.00000004
     4430.        0.03431539        0.00175975        0.03436048       -0.00000000        0.00000004        0.00000004
     4433.        0.02738966        0.00151288        0.02743141       -0.00000000        0.00000003        0.00000003
     4436.        0.02164241        0.00128011        0.02168023       -0.00000000        0.00000003        0.00000003
     4439.        0.01684737        0.00106187        0.01688080       -0.00000000        0.00000002        0.00000002
     4442.        0.01283823        0.00085871        0.01286692       -0.00000000        0.00000002        0.00000002
     4445.        0.00949122        0.00067134        0.00951493       -0.00000000        0.00000001        0.00000001
     4448.        0.00671404        0.00050073        0.00673268       -0.00000000        0.00000001        0.00000001
     4451.        0.00443924        0.00034823        0.00445287       -0.00000000        0.00000001        0.00000001
     4454.        0.00262068        0.00021580        0.00262955       -0.00000000        0.00000001        0.00000001
     4457.        0.00123538        0.00010663        0.00123998       -0.00000000        0.00000000        0.00000000
     4460.        0.00029878        0.00002701        0.00030000       -0.00000000        0.00000000        0.00000000
     4463.       -0.00000960        0.00010116        0.00010162        0.00000000       -0.00000000        0.00000000
     4466.       -0.00007702        0.00077582        0.00077963        0.00000000       -0.00000000        0.00000000
     4469.       -0.00017862        0.00172434        0.00173357        0.00000000       -0.00000000        0.00000000
     4472.       -0.00030349        0.00283018        0.00284640        0.00000000       -0.00000001        0.00000001
     4475.       -0.00044945        0.00403741        0.00406235        0.00000000       -0.00000001        0.00000001
     4478.       -0.00060899        0.00531014        0.00534494        0.00000000       -0.00000001        0.00000001
     4481.       -0.00078182        0.00663035        0.00667629        0.00000000       -0.00000001        0.00000001
     4484.       -0.00096919        0.00797699        0.00803565        0.00000000       -0.00000001        0.00000001
     4487.       -0.00116416        0.00933599        0.00940830        0.00000000       -0.00000001        0.00000001
     4490.       -0.00136335        0.01070376        0.01079024        0.00000000       -0.00000001        0.00000001
     4493.       -0.00157070        0.01207585        0.01217757        0.00000000       -0.00000001        0.00000001
     4496.       -0.00178810        0.01344261        0.01356101        0.00000000       -0.00000001        0.00000001
     4499.       -0.00201172        0.01479630        0.01493243        0.00000000       -0.00000001        0.00000001
     4502.       -0.00223651        0.01613465        0.01628892        0.00000000       -0.00000002        0.00000002
     4505.       -0.00246056        0.01745939        0.01763192        0.00000000       -0.00000002        0.00000002
     4508.       -0.00268601        0.01877176        0.01896296        0.00000000       -0.00000002        0.00000002
     4511.       -0.00291617        0.02006947        0.02028023        0.00000000       -0.00000002        0.00000002
     4514.       -0.00315216        0.02134845        0.02157991        0.00000000       -0.00000002        0.00000002
     4517.       -0.00339230        0.02260485        0.02285798        0.00000000       -0.00000002        0.00000002
     4520.       -0.00363345        0.02383702        0.02411235        0.00000000       -0.00000002        0.00000002
     4523.       -0.00387277        0.02504588        0.02534353        0.00000000       -0.00000002        0.00000002
     4526.       -0.00410888        0.02623345        0.02655328        0.00000000       -0.00000002        0.00000002
     4529.       -0.00434230        0.02740208        0.02774400        0.00000000       -0.00000002        0.00000002
     4532.       -0.00457489        0.02855310        0.02891728        0.00000000       -0.00000002        0.00000002
     4535.       -0.00480877        0.02968621        0.03007317        0.00000000       -0.00000002        0.00000002
     4538.       -0.00504530        0.03080001        0.03121051        0.00000000       -0.00000002        0.00000002
     4541.       -0.00528461        0.03189255        0.03232741        0.00000000       -0.00000002        0.00000002
     4544.       -0.00552572        0.03296263        0.03342257        0.00000000       -0.00000002        0.00000002
     4547.       -0.00576697        0.03400946        0.03449494        0.00000000       -0.00000002        0.00000002
