     4253.      -34.22582397       -4.79950016       34.56070353        0.00000217       -0.00001545        0.00001560
     4256.      -33.09034657       -4.71133958       33.42405955        0.00000214       -0.00001503        0.00001519
     4259.      -32.37747835       -4.62640373       32.70634060        0.00000212       -0.00001481        0.00001496
     4262.      -32.05540020       -4.54466510       32.37595809        0.00000209       -0.00001475        0.00001490
     4265.      -32.12707276       -4.46609454       32.43601092        0.00000207       -0.00001489        0.00001503
     4268.      -32.63359403       -4.39070408       32.92764404        0.00000205       -0.00001522        0.00001536
     4271.      -33.67138596       -4.31860924       33.94720340        0.00000203       -0.00001582        0.00001595
     4274.      -35.43118281       -4.25002525       35.68517101        0.00000201       -0.00001676        0.00001688
     4277.      -38.29439874       -4.18528411       38.52242954        0.00000199       -0.00001824        0.00001835
     4280.      -43.11446769       -4.12499648       43.31134863        0.00000198       -0.00002069        0.00002078
     4283.      -52.29419229       -4.07026805       52.45235580        0.00000197       -0.00002528        0.00002536
     4286.      -77.35718433       -4.02317225       77.46173173        0.00000196       -0.00003768        0.00003773
     4289.      307.00745765       -3.98813671      307.03336022        0.00000196        0.00015069        0.00015070
     4292.      -57.45448915       -3.97762781       57.59201200        0.00000197       -0.00002842        0.00002849
     4295.     1051.03009406       -4.06893247     1051.03797022        0.00000203        0.00052412        0.00052412
     4298.       57.35714041       -3.95171213       57.49310902        0.00000199        0.00002884        0.00002890
     4301.       24.28488843       -3.72793838       24.56935755        0.00000189        0.00001231        0.00001246
     4304.       12.03505881       -3.61835877       12.56722566        0.00000185        0.00000615        0.00000643
     4307.        5.35624291       -3.44165365        6.36665673        0.00000177        0.00000276        0.00000328
     4310.        1.05689274       -3.36319170        3.52534830        0.00000175        0.00000055        0.00000183
     4313.       -2.06702730       -3.24471406        3.84717704        0.00000170       -0.00000109        0.00000202
     4316.       -4.60369709       -3.14789981        5.57703327        0.00000167       -0.00000244        0.00000296
     4319.       -6.80186525       -3.08127597        7.46723727        0.00000165       -0.00000364        0.00000399
     4322.       -8.86114564       -3.01251962        9.35922949        0.00000163       -0.00000479        0.00000506
     4325.      -10.97253951       -2.93686712       11.35877686        0.00000160       -0.00000599        0.00000620
     4328.      -13.33509514       -2.86609948       13.63962201        0.00000158       -0.00000735        0.00000752
     4331.      -16.22908793       -2.80513283       16.46973179        0.00000156       -0.00000904        0.00000917
     4334.      -20.19973887       -2.74974741       20.38603839        0.00000155       -0.00001137        0.00001148
     4337.      -26.63169173       -2.69509508       26.76771454        0.00000153       -0.00001516        0.00001523
     4340.      -41.05465927       -2.63929387       41.13940836        0.00000152       -0.00002363        0.00002368
     4343.     -323.24281197       -2.58301937      323.25313221        0.00000150       -0.00018821        0.00018822
     4346.      -73.70453750       -2.52790253       73.74787549        0.00000149       -0.00004343        0.00004345
     4349.       73.96678918       -2.47494312       74.00818364        0.00000148        0.00004412        0.00004414
     4352.       22.70312544       -2.42404430       22.83216800        0.00000146        0.00001371        0.00001379
     4355.        9.61743711       -2.37450230        9.90622823        0.00000145        0.00000588        0.00000606
     4358.        2.45797333       -2.32553010        3.38374395        0.00000144        0.00000152        0.00000210
     4361.       -3.22926295       -2.27663221        3.95110028        0.00000143       -0.00000203        0.00000248
     4364.       -9.58504420       -2.22755688        9.84048180        0.00000142       -0.00000611        0.00000627
     4367.      -20.89023861       -2.17832758       21.00350400        0.00000141       -0.00001352        0.00001359
     4370.     -279.59942923       -2.12907147      279.60753525        0.00000140       -0.00018366        0.00018367
     4373.     -200.10318722       -2.07996594      200.11399699        0.00000139       -0.00013352        0.00013353
     4376.       28.38680808       -2.03108578       28.45937776        0.00000138        0.00001925        0.00001930
     4379.        8.33341920       -1.98243869        8.56597564        0.00000137        0.00000575        0.00000591
     4382.       -6.77945778       -1.93392694        7.04990221        0.00000136       -0.00000476        0.00000495
     4385.        8.23805543       -1.88542585        8.45105839        0.00000135        0.00000589        0.00000604
     4388.       41.38691968       -1.83677251       41.42765808        0.00000134        0.00003015        0.00003018
     4391.       37.39300715       -1.78783696       37.43572284        0.00000133        0.00002779        0.00002782
     4394.       34.58584954       -1.73850641       34.62951621        0.00000132        0.00002624        0.00002627
     4397.       15.56468992       -1.68868359       15.65602838        0.00000131        0.00001207        0.00001214
     4400.       11.43702852       -1.63829778       11.55377172        0.00000130        0.00000907        0.00000916
     4403.        9.16316775       -1.58727668        9.29962851        0.00000129        0.00000744        0.00000755
     4406.        7.62302378       -1.53556977        7.77614726        0.00000128        0.00000635        0.00000648
     4409.        6.47613754       -1.48309742        6.64378923        0.00000127        0.00000554        0.00000568
     4412.        5.57352563       -1.42979822        5.75399956        0.00000126        0.00000490        0.00000506
     4415.        4.83669926       -1.37555782        5.02850068        0.00000125        0.00000439        0.00000456
     4418.        4.21921372       -1.32028829        4.42096433        0.00000124        0.00000395        0.00000414
     4421.        3.69141430       -1.26383756        3.90177203        0.00000122        0.00000358        0.00000378
     4424.        3.23320127       -1.20605441        3.45081986        0.00000121        0.00000325        0.00000347
     4427.        2.83034206       -1.14673396        3.05382300        0.00000120        0.00000296        0.00000320
     4430.        2.47241254       -1.08566451        2.70027613        0.00000119        0.00000271        0.00000295
     4433.        2.15152641       -1.02256347        2.38216329        0.00000117        0.00000247        0.00000274
     4436.        1.86158058       -0.95711504        2.09321558        0.00000116        0.00000226        0.00000254
     4439.        1.59773049       -0.88888567        1.82834911        0.00000114        0.00000206        0.00000235
     4442.        1.35603782       -0.81735087        1.58331962        0.00000113        0.00000187        0.00000218
     4445.        1.13320310       -0.74177113        1.35439052        0.00000111        0.00000169        0.00000202
     4448.        0.92633838       -0.66109731        1.13804765        0.00000109        0.00000152        0.00000187
     4451.        0.73272475       -0.57370445        0.93060322        0.00000106        0.00000136        0.00000173
     4454.        0.54936505       -0.47677780        0.72740568        0.00000104        0.00000119        0.00000158
     4457.        0.37192904       -0.36451201        0.52076887        0.00000100        0.00000102        0.00000143
     4460.        0.18945366       -0.21931732        0.28981508        0.00000095        0.00000082        0.00000126
     4463.       -0.15975086       -0.07995699        0.17864338        0.00000098        0.00000049        0.00000110
     4466.       -0.38708458       -0.10149946        0.40017073        0.00000119        0.00000031        0.00000123
     4469.       -0.51738006       -0.10997228        0.52893859        0.00000120        0.00000025        0.00000122
     4472.       -0.70770805       -0.09860548        0.71454441        0.00000137        0.00000019        0.00000138
     4475.       -0.78057785       -0.07012665        0.78372159        0.00000132        0.00000012        0.00000133
     4478.       -0.92677041        0.02127133        0.92701449        0.00000141       -0.00000003        0.00000141
     4481.       -1.07382485        0.02612646        1.07414263        0.00000150       -0.00000004        0.00000150
     4484.       -1.13205940        0.05918655        1.13360555        0.00000147       -0.00000008        0.00000147
     4487.       -1.20623550        0.16431023        1.21737502        0.00000147       -0.00000020        0.00000148
     4490.       -1.33840936        0.27101641        1.36557296        0.00000154       -0.00000031        0.00000157
     4493.       -1.48147394        0.32207397        1.51607938        0.00000162       -0.00000035        0.00000165
     4496.       -1.56960690        0.34819675        1.60776453        0.00000163       -0.00000036        0.00000167
     4499.       -1.61407528        0.41139213        1.66567779        0.00000161       -0.00000041        0.00000166
     4502.       -1.66140946        0.52348969        1.74193079        0.00000159       -0.00000050        0.00000167
     4505.       -1.74074160        0.66217434        1.86243286        0.00000161       -0.00000061        0.00000172
     4508.       -1.85686616        0.79525584        2.01999599        0.00000166       -0.00000071        0.00000180
     4511.       -1.98964882        0.89650618        2.18229828        0.00000172       -0.00000077        0.00000188
     4514.       -2.10483330        0.96475774        2.31540077        0.00000176       -0.00000081        0.00000194
     4517.       -2.18114148        1.02559767        2.41023417        0.00000178       -0.00000083        0.00000196
     4520.       -2.22360909        1.10807628        2.48440545        0.00000176       -0.00000088        0.00000197
     4523.       -2.25185533        1.22654623        2.56422855        0.00000174       -0.00000095        0.00000198
     4526.       -2.28552116        1.38081217        2.67025265        0.00000172       -0.00000104        0.00000201
     4529.       -2.33888279        1.56217212        2.81260634        0.00000172       -0.00000115        0.00000207
     4532.       -2.41983743        1.75718964        2.99053986        0.00000174       -0.00000126        0.00000215
     4535.       -2.52869868        1.94984766        3.19315250        0.00000178       -0.00000137        0.00000224
     4538.       -2.65661131        2.12535009        3.40216059        0.00000183       -0.00000146        0.00000234
     4541.       -2.78647530        2.27595020        3.59783184        0.00000188       -0.00000153        0.00000243
     4544.       -2.89902731        2.40550346        3.76706865        0.00000192       -0.00000159        0.00000249
     4547.       -2.98073865        2.52817496        3.90851270        0.00000193       -0.00000164        0.00000254
