     4253.       -8.42252500        0.35257051        8.42990115       -0.00000016       -0.00000380        0.00000381
     4256.       -7.46400814        0.34791644        7.47211237       -0.00000016       -0.00000339        0.00000340
     4259.       -6.72842388        0.34329439        6.73717588       -0.00000016       -0.00000308        0.00000308
     4262.       -6.17433189        0.33870390        6.18361501       -0.00000016       -0.00000284        0.00000285
     4265.       -5.78109904        0.33414452        5.79074768       -0.00000015       -0.00000268        0.00000268
     4268.       -5.54818903        0.32961578        5.55797158       -0.00000015       -0.00000259        0.00000259
     4271.       -5.50160845        0.32511721        5.51120647       -0.00000015       -0.00000258        0.00000259
     4274.       -5.71459983        0.32064405        5.72358837       -0.00000015       -0.00000270        0.00000271
     4277.       -6.36728606        0.31620010        6.37513250       -0.00000015       -0.00000303        0.00000304
     4280.       -7.94357012        0.31178273        7.94968646       -0.00000015       -0.00000381        0.00000381
     4283.      -12.09641151        0.30738937       12.10031651       -0.00000015       -0.00000585        0.00000585
     4286.      -28.57328746        0.30302159       28.57489420       -0.00000015       -0.00001392        0.00001392
     4289.      373.38370421        0.29867681      373.38382367       -0.00000015        0.00018327        0.00018327
     4292.       64.24346070        0.29435452       64.24413505       -0.00000015        0.00003178        0.00003178
     4295.     -511.92687205        0.29005219      511.92695422       -0.00000014       -0.00025528        0.00025528
     4298.      -22.61772549        0.28577327       22.61953078       -0.00000014       -0.00001137        0.00001137
     4301.       -9.94557442        0.28151124        9.94955773       -0.00000014       -0.00000504        0.00000504
     4304.       -6.18877649        0.27726949        6.19498449       -0.00000014       -0.00000316        0.00000317
     4307.       -4.51887430        0.27304352        4.52711582       -0.00000014       -0.00000233        0.00000233
     4310.       -3.61883855        0.26883471        3.62881035       -0.00000014       -0.00000188        0.00000189
     4313.       -3.07905782        0.26464052        3.09040963       -0.00000014       -0.00000162        0.00000162
     4316.       -2.73874812        0.26046034        2.75110539       -0.00000014       -0.00000145        0.00000146
     4319.       -2.52734648        0.25629169        2.54030819       -0.00000014       -0.00000135        0.00000136
     4322.       -2.41556540        0.25213578        2.42868867       -0.00000014       -0.00000130        0.00000131
     4325.       -2.40011701        0.24799010        2.41289468       -0.00000014       -0.00000131        0.00000132
     4328.       -2.50517908        0.24385395        2.51701946       -0.00000013       -0.00000138        0.00000139
     4331.       -2.80459418        0.23972483        2.81482087       -0.00000013       -0.00000156        0.00000157
     4334.       -3.50407114        0.23560381        3.51198287       -0.00000013       -0.00000197        0.00000198
     4337.       -5.29755758        0.23148657        5.30261279       -0.00000013       -0.00000301        0.00000302
     4340.      -11.95126208        0.22737412       11.95342479       -0.00000013       -0.00000688        0.00000688
     4343.     -276.70631673        0.22326217      276.70640680       -0.00000013       -0.00016111        0.00016111
     4346.       63.99041285        0.21915164       63.99078812       -0.00000013        0.00003770        0.00003770
     4349.      -26.99794679        0.21504165       26.99880320       -0.00000013       -0.00001610        0.00001610
     4352.       -7.23360476        0.21092792        7.23667937       -0.00000013       -0.00000437        0.00000437
     4355.       -4.04028234        0.20681117        4.04557193       -0.00000013       -0.00000247        0.00000248
     4358.       -3.06627350        0.20268716        3.07296522       -0.00000013       -0.00000190        0.00000191
     4361.       -2.91769015        0.19855488        2.92443838       -0.00000012       -0.00000183        0.00000184
     4364.       -3.61608637        0.19441326        3.62130876       -0.00000012       -0.00000231        0.00000231
     4367.       -7.25465201        0.19025958        7.25714644       -0.00000012       -0.00000469        0.00000470
     4370.     -248.84659759        0.18609261      248.84666717       -0.00000012       -0.00016346        0.00016346
     4373.      116.55701184        0.18190804      116.55715379       -0.00000012        0.00007777        0.00007777
     4376.       -8.78454775        0.17770452        8.78634498       -0.00000012       -0.00000596        0.00000596
     4379.       -4.49995532        0.17347915        4.50329800       -0.00000012       -0.00000310        0.00000311
     4382.       -7.33351034        0.16922894        7.33546265       -0.00000012       -0.00000515        0.00000515
     4385.       32.26858610        0.16495081       32.26900770       -0.00000012        0.00002307        0.00002307
     4388.      -14.38939877        0.16064158       14.39029543       -0.00000012       -0.00001048        0.00001048
     4391.       26.64684915        0.15629662       26.64730752       -0.00000012        0.00001980        0.00001980
     4394.       -8.57010145        0.15191384        8.57144776       -0.00000012       -0.00000650        0.00000650
     4397.       -1.85982733        0.14748700        1.86566614       -0.00000011       -0.00000144        0.00000145
     4400.       -1.14639109        0.14301109        1.15527689       -0.00000011       -0.00000091        0.00000092
     4403.       -0.87154024        0.13848091        0.88247342       -0.00000011       -0.00000071        0.00000072
     4406.       -0.72076643        0.13389222        0.73309711       -0.00000011       -0.00000060        0.00000061
     4409.       -0.62238543        0.12923567        0.63566146       -0.00000011       -0.00000053        0.00000054
     4412.       -0.55113338        0.12450636        0.56502198       -0.00000011       -0.00000049        0.00000050
     4415.       -0.49579517        0.11969321        0.51003854       -0.00000011       -0.00000045        0.00000046
     4418.       -0.45060746        0.11478706        0.46499801       -0.00000011       -0.00000042        0.00000044
     4421.       -0.41229042        0.10977601        0.42665461       -0.00000011       -0.00000040        0.00000041
     4424.       -0.37882412        0.10464746        0.39301247       -0.00000011       -0.00000038        0.00000040
     4427.       -0.34888558        0.09938584        0.36276534       -0.00000010       -0.00000037        0.00000038
     4430.       -0.32155391        0.09396968        0.33500331       -0.00000010       -0.00000035        0.00000037
     4433.       -0.29615696        0.08837800        0.30906248       -0.00000010       -0.00000034        0.00000035
     4436.       -0.27216902        0.08258049        0.28442136       -0.00000010       -0.00000033        0.00000034
     4439.       -0.24915646        0.07653989        0.26064784       -0.00000010       -0.00000032        0.00000034
     4442.       -0.22672241        0.07020810        0.23734411       -0.00000010       -0.00000031        0.00000033
     4445.       -0.20446710        0.06351874        0.21410611       -0.00000009       -0.00000031        0.00000032
     4448.       -0.18193454        0.05637746        0.19046941       -0.00000009       -0.00000030        0.00000031
     4451.       -0.15851460        0.04863996        0.16580930       -0.00000009       -0.00000029        0.00000031
     4454.       -0.13324230        0.04006215        0.13913477       -0.00000009       -0.00000029        0.00000030
     4457.       -0.10419446        0.03015514        0.10847035       -0.00000008       -0.00000029        0.00000030
     4460.       -0.06557066        0.01750795        0.06786781       -0.00000008       -0.00000028        0.00000029
     4463.        0.00932030        0.04510788        0.04606070       -0.00000006       -0.00000028        0.00000028
     4466.        0.01779609        0.08341233        0.08528961       -0.00000005       -0.00000026        0.00000026
     4469.        0.02341887        0.10704235        0.10957421       -0.00000005       -0.00000025        0.00000025
     4472.        0.02994420        0.12206525        0.12568444       -0.00000006       -0.00000024        0.00000024
     4475.        0.03318394        0.13584212        0.13983654       -0.00000006       -0.00000023        0.00000024
     4478.        0.03731664        0.14441819        0.14916148       -0.00000006       -0.00000022        0.00000023
     4481.        0.04245352        0.15360624        0.15936492       -0.00000006       -0.00000021        0.00000022
     4484.        0.04534442        0.16182076        0.16805378       -0.00000006       -0.00000021        0.00000022
     4487.        0.04798101        0.16739181        0.17413269       -0.00000006       -0.00000020        0.00000021
     4490.        0.05185336        0.17200676        0.17965271       -0.00000006       -0.00000020        0.00000021
     4493.        0.05591421        0.17708645        0.18570409       -0.00000006       -0.00000019        0.00000020
     4496.        0.05904272        0.18213233        0.19146338       -0.00000006       -0.00000019        0.00000020
     4499.        0.06139123        0.18626121        0.19611762       -0.00000006       -0.00000019        0.00000020
     4502.        0.06370105        0.18929523        0.19972608       -0.00000006       -0.00000018        0.00000019
     4505.        0.06646214        0.19170917        0.20290299       -0.00000006       -0.00000018        0.00000019
     4508.        0.06960073        0.19408305        0.20618558       -0.00000006       -0.00000017        0.00000018
     4511.        0.07271554        0.19665383        0.20966707       -0.00000006       -0.00000017        0.00000018
     4514.        0.07547352        0.19928915        0.21310189       -0.00000006       -0.00000017        0.00000018
     4517.        0.07779467        0.20171697        0.21619840       -0.00000006       -0.00000016        0.00000018
     4520.        0.07981037        0.20373348        0.21880819       -0.00000006       -0.00000016        0.00000017
     4523.        0.08173699        0.20528946        0.22096311       -0.00000006       -0.00000016        0.00000017
     4526.        0.08375748        0.20647794        0.22281933       -0.00000006       -0.00000016        0.00000017
     4529.        0.08595138        0.20747260        0.22457186       -0.00000006       -0.00000015        0.00000017
     4532.        0.08828677        0.20843298        0.22636002       -0.00000006       -0.00000015        0.00000016
     4535.        0.09066024        0.20945818        0.22823673       -0.00000006       -0.00000015        0.00000016
     4538.        0.09295502        0.21056156        0.23016691       -0.00000006       -0.00000014        0.00000016
     4541.        0.09508523        0.21169412        0.23206810       -0.00000006       -0.00000014        0.00000016
     4544.        0.09701534        0.21278273        0.23385565       -0.00000006       -0.00000014        0.00000015
     4547.        0.09875894        0.21375206        0.23546395       -0.00000006       -0.00000014        0.00000015
