     4155.    0.00000000D+00    0.00000000D+00
     4160.    0.00000000D+00    0.00000000D+00
     4165.    0.00000000D+00    0.00000000D+00
     4170.    0.00000000D+00    0.00000000D+00
     4175.    0.00000000D+00    0.00000000D+00
     4180.    0.00000000D+00    0.00000000D+00
     4185.    0.00000000D+00    0.00000000D+00
     4190.    0.00000000D+00    0.00000000D+00
     4195.    0.00000000D+00    0.00000000D+00
     4200.    0.00000000D+00    0.00000000D+00
     4205.    0.00000000D+00    0.00000000D+00
     4210.    0.00000000D+00    0.00000000D+00
     4215.    0.00000000D+00    0.00000000D+00
     4220.    0.00000000D+00    0.00000000D+00
     4225.    0.00000000D+00    0.00000000D+00
     4230.    0.00000000D+00    0.00000000D+00
     4235.    0.00000000D+00    0.00000000D+00
     4240.    0.00000000D+00    0.00000000D+00
     4245.    0.00000000D+00    0.00000000D+00
     4250.    0.00000000D+00    0.00000000D+00
     4255.    0.00000000D+00    0.00000000D+00
     4260.    0.00000000D+00    0.00000000D+00
     4265.    0.00000000D+00    0.00000000D+00
     4270.    0.00000000D+00    0.00000000D+00
     4275.    0.00000000D+00    0.00000000D+00
     4280.    0.00000000D+00    0.00000000D+00
     4285.    0.00000000D+00    0.00000000D+00
     4290.    0.00000000D+00    0.00000000D+00
     4295.    0.00000000D+00    0.00000000D+00
     4300.    0.00000000D+00    0.00000000D+00
     4305.    0.00000000D+00    0.00000000D+00
     4310.    0.00000000D+00    0.00000000D+00
     4315.    0.00000000D+00    0.00000000D+00
     4320.    0.00000000D+00    0.00000000D+00
     4325.    0.00000000D+00    0.00000000D+00
     4330.    0.00000000D+00    0.00000000D+00
     4335.    0.00000000D+00    0.00000000D+00
     4340.    0.00000000D+00    0.00000000D+00
     4345.    0.00000000D+00    0.00000000D+00
     4350.    0.00000000D+00    0.00000000D+00
     4355.    0.00000000D+00    0.00000000D+00
     4360.    0.00000000D+00    0.00000000D+00
     4365.    0.00000000D+00    0.00000000D+00
     4370.    0.00000000D+00    0.00000000D+00
     4375.    0.00000000D+00    0.00000000D+00
     4380.    0.00000000D+00    0.00000000D+00
     4385.    0.00000000D+00    0.00000000D+00
     4390.    0.00000000D+00    0.00000000D+00
     4395.    0.00000000D+00    0.00000000D+00
     4400.    0.00000000D+00    0.00000000D+00
     4405.    0.00000000D+00    0.00000000D+00
     4410.    0.00000000D+00    0.00000000D+00
     4415.    0.00000000D+00    0.00000000D+00
     4420.    0.00000000D+00    0.00000000D+00
     4425.    0.00000000D+00    0.00000000D+00
     4430.    0.00000000D+00    0.00000000D+00
     4435.    0.00000000D+00    0.00000000D+00
     4440.    0.00000000D+00    0.00000000D+00
     4445.    0.00000000D+00    0.00000000D+00
     4450.    0.00000000D+00    0.00000000D+00
     4455.    0.00000000D+00    0.00000000D+00
     4460.    0.00000000D+00    0.00000000D+00
     4465.    0.00000000D+00    0.00000000D+00
     4470.    0.00000000D+00    0.00000000D+00
     4475.    0.00000000D+00    0.00000000D+00
     4480.    0.00000000D+00    0.00000000D+00
     4485.    0.00000000D+00    0.00000000D+00
     4490.    0.00000000D+00    0.00000000D+00
     4495.    0.00000000D+00    0.00000000D+00
     4500.    0.00000000D+00    0.00000000D+00
     4505.    0.00000000D+00    0.00000000D+00
     4510.    0.00000000D+00    0.00000000D+00
     4515.    0.00000000D+00    0.00000000D+00
     4520.    0.00000000D+00    0.00000000D+00
     4525.    0.00000000D+00    0.00000000D+00
     4530.    0.00000000D+00    0.00000000D+00
     4535.    0.00000000D+00    0.00000000D+00
     4540.    0.00000000D+00    0.00000000D+00
     4545.    0.00000000D+00    0.00000000D+00
     4550.    0.00000000D+00    0.00000000D+00
     4555.    0.00000000D+00    0.00000000D+00
     4560.    0.00000000D+00    0.00000000D+00
     4565.    0.00000000D+00    0.00000000D+00
     4570.    0.00000000D+00    0.00000000D+00
     4575.    0.00000000D+00    0.00000000D+00
     4580.    0.00000000D+00    0.00000000D+00
     4585.    0.00000000D+00    0.00000000D+00
     4590.    0.00000000D+00    0.00000000D+00
     4595.    0.00000000D+00    0.00000000D+00
     4600.    0.00000000D+00    0.00000000D+00
     4605.    0.00000000D+00    0.00000000D+00
     4610.    0.00000000D+00    0.00000000D+00
     4615.    0.00000000D+00    0.00000000D+00
     4620.    0.00000000D+00    0.00000000D+00
     4625.    0.00000000D+00    0.00000000D+00
     4630.    0.00000000D+00    0.00000000D+00
     4635.    0.00000000D+00    0.00000000D+00
     4640.    0.00000000D+00    0.00000000D+00
     4645.    0.00000000D+00    0.00000000D+00
