    1100.00       0.106351E-04   0.624513E-07
    1105.00       0.121567E-04   0.718429E-07
    1110.00       0.136618E-04   0.812582E-07
    1115.00       0.151647E-04   0.907815E-07
    1120.00       0.166745E-04   0.100471E-06
    1125.00       0.181977E-04   0.110369E-06
    1130.00       0.197392E-04   0.120510E-06
    1135.00       0.213025E-04   0.130920E-06
    1140.00       0.228906E-04   0.141622E-06
    1145.00       0.245058E-04   0.152638E-06
    1150.00       0.261500E-04   0.163985E-06
    1155.00       0.278250E-04   0.175682E-06
    1160.00       0.295322E-04   0.187745E-06
    1165.00       0.312729E-04   0.200189E-06
    1170.00       0.330483E-04   0.213031E-06
    1175.00       0.348595E-04   0.226286E-06
    1180.00       0.367076E-04   0.239969E-06
    1185.00       0.385936E-04   0.254097E-06
    1190.00       0.405184E-04   0.268686E-06
    1195.00       0.424830E-04   0.283751E-06
    1200.00       0.444883E-04   0.299310E-06
    1205.00       0.465353E-04   0.315379E-06
    1210.00       0.486248E-04   0.331977E-06
    1215.00       0.507579E-04   0.349121E-06
    1220.00       0.529353E-04   0.366831E-06
    1225.00       0.551582E-04   0.385125E-06
    1230.00       0.574274E-04   0.404024E-06
    1235.00       0.597440E-04   0.423549E-06
    1240.00       0.621090E-04   0.443722E-06
    1245.00       0.645233E-04   0.464565E-06
    1250.00       0.669881E-04   0.486101E-06
    1255.00       0.695045E-04   0.508356E-06
    1260.00       0.720736E-04   0.531355E-06
    1265.00       0.746966E-04   0.555125E-06
    1270.00       0.773746E-04   0.579692E-06
    1275.00       0.801089E-04   0.605087E-06
    1280.00       0.829007E-04   0.631339E-06
    1285.00       0.857515E-04   0.658480E-06
    1290.00       0.886625E-04   0.686542E-06
    1295.00       0.916352E-04   0.715561E-06
    1300.00       0.946710E-04   0.745572E-06
    1305.00       0.977714E-04   0.776612E-06
    1310.00       0.100938E-03   0.808722E-06
    1315.00       0.104173E-03   0.841942E-06
    1320.00       0.107477E-03   0.876316E-06
    1325.00       0.110852E-03   0.911888E-06
    1330.00       0.114300E-03   0.948706E-06
    1335.00       0.117824E-03   0.986820E-06
    1340.00       0.121424E-03   0.102628E-05
    1345.00       0.125103E-03   0.106715E-05
    1350.00       0.128863E-03   0.110947E-05
    1355.00       0.132706E-03   0.115331E-05
    1360.00       0.136635E-03   0.119874E-05
    1365.00       0.140652E-03   0.124581E-05
    1370.00       0.144759E-03   0.129461E-05
    1375.00       0.148959E-03   0.134520E-05
    1380.00       0.153254E-03   0.139766E-05
    1385.00       0.157648E-03   0.145207E-05
    1390.00       0.162143E-03   0.150851E-05
    1395.00       0.166741E-03   0.156709E-05
    1400.00       0.171448E-03   0.162789E-05
    1405.00       0.176264E-03   0.169101E-05
    1410.00       0.181195E-03   0.175656E-05
    1415.00       0.186243E-03   0.182465E-05
    1420.00       0.191412E-03   0.189540E-05
    1425.00       0.196706E-03   0.196894E-05
    1430.00       0.202129E-03   0.204539E-05
    1435.00       0.207685E-03   0.212491E-05
    1440.00       0.213379E-03   0.220762E-05
    1445.00       0.219216E-03   0.229370E-05
    1450.00       0.225199E-03   0.238331E-05
    1455.00       0.231334E-03   0.247663E-05
    1460.00       0.237627E-03   0.257383E-05
    1465.00       0.244082E-03   0.267513E-05
    1470.00       0.250706E-03   0.278074E-05
    1475.00       0.257505E-03   0.289087E-05
    1480.00       0.264485E-03   0.300578E-05
    1485.00       0.271653E-03   0.312570E-05
    1490.00       0.279016E-03   0.325093E-05
    1495.00       0.286581E-03   0.338174E-05
    1500.00       0.294356E-03   0.351845E-05
    1505.00       0.302349E-03   0.366139E-05
    1510.00       0.310569E-03   0.381091E-05
    1515.00       0.319026E-03   0.396740E-05
    1520.00       0.327727E-03   0.413125E-05
    1525.00       0.336685E-03   0.430290E-05
    1530.00       0.345909E-03   0.448283E-05
    1535.00       0.355410E-03   0.467153E-05
    1540.00       0.365202E-03   0.486954E-05
    1545.00       0.375296E-03   0.507745E-05
    1550.00       0.385705E-03   0.529587E-05
    1555.00       0.396445E-03   0.552549E-05
    1560.00       0.407529E-03   0.576702E-05
    1565.00       0.418975E-03   0.602127E-05
    1570.00       0.430800E-03   0.628908E-05
    1575.00       0.443020E-03   0.657138E-05
    1580.00       0.455657E-03   0.686915E-05
    1585.00       0.468730E-03   0.718351E-05
    1590.00       0.482261E-03   0.751561E-05
    1595.00       0.496274E-03   0.786676E-05
    1600.00       0.510795E-03   0.823835E-05
    1605.00       0.525849E-03   0.863193E-05
    1610.00       0.541467E-03   0.904916E-05
    1615.00       0.557679E-03   0.949188E-05
    1620.00       0.574518E-03   0.996211E-05
    1625.00       0.592021E-03   0.104621E-04
    1630.00       0.610226E-03   0.109942E-04
    1635.00       0.629176E-03   0.115611E-04
    1640.00       0.648914E-03   0.121659E-04
    1645.00       0.669491E-03   0.128118E-04
    1650.00       0.690959E-03   0.135025E-04
    1655.00       0.713376E-03   0.142419E-04
    1660.00       0.736805E-03   0.150347E-04
    1665.00       0.761314E-03   0.158859E-04
    1670.00       0.786978E-03   0.168010E-04
    1675.00       0.813879E-03   0.177865E-04
    1680.00       0.842107E-03   0.188495E-04
    1685.00       0.871759E-03   0.199980E-04
    1690.00       0.902946E-03   0.212411E-04
    1695.00       0.935787E-03   0.225891E-04
    1700.00       0.970414E-03   0.240538E-04
    1705.00       0.100698E-02   0.256485E-04
    1710.00       0.104564E-02   0.273887E-04
    1715.00       0.108658E-02   0.292920E-04
    1720.00       0.113001E-02   0.313788E-04
    1725.00       0.117615E-02   0.336728E-04
    1730.00       0.122528E-02   0.362016E-04
    1735.00       0.127767E-02   0.389974E-04
    1740.00       0.133367E-02   0.420982E-04
    1745.00       0.139366E-02   0.455488E-04
    1750.00       0.145808E-02   0.494025E-04
    1755.00       0.152742E-02   0.537232E-04
    1760.00       0.160227E-02   0.585874E-04
    1765.00       0.168331E-02   0.640884E-04
    1770.00       0.177133E-02   0.703398E-04
    1775.00       0.186727E-02   0.774816E-04
    1780.00       0.197224E-02   0.856875E-04
    1785.00       0.208756E-02   0.951759E-04
    1790.00       0.221484E-02   0.106223E-03
    1795.00       0.235602E-02   0.119184E-03
    1800.00       0.251349E-02   0.134520E-03
    1805.00       0.269023E-02   0.152836E-03
    1810.00       0.288997E-02   0.174948E-03
    1815.00       0.311749E-02   0.201961E-03
    1820.00       0.337897E-02   0.235416E-03
    1825.00       0.368255E-02   0.277504E-03
    1830.00       0.403920E-02   0.331426E-03
    1835.00       0.446401E-02   0.402002E-03
    1840.00       0.497832E-02   0.496763E-03
    1845.00       0.561328E-02   0.627983E-03
    1850.00       0.641611E-02   0.816751E-03
    1855.00       0.746164E-02   0.110172E-02
    1860.00       0.887490E-02   0.155979E-02
    1865.00       0.108783E-01   0.236132E-02
    1870.00       0.138921E-01   0.394220E-02
    1875.00       0.187040E-01   0.766238E-02
    1880.00       0.256597E-01   0.188940E-01
    1885.00       0.138554E-01   0.503538E-01
    1890.00      -0.266853E-01   0.330359E-01
    1895.00      -0.227383E-01   0.120264E-01
    1900.00      -0.167511E-01   0.563324E-02
    1905.00      -0.129845E-01   0.320087E-02
    1910.00      -0.105553E-01   0.205376E-02
    1915.00      -0.888793E-02   0.142838E-02
    1920.00      -0.768105E-02   0.105143E-02
    1925.00      -0.677011E-02   0.807093E-03
    1930.00      -0.605945E-02   0.639778E-03
    1935.00      -0.549021E-02   0.520196E-03
    1940.00      -0.502433E-02   0.431753E-03
    1945.00      -0.463619E-02   0.364481E-03
    1950.00      -0.430795E-02   0.312105E-03
    1955.00      -0.402682E-02   0.270513E-03
    1960.00      -0.378337E-02   0.236924E-03
    1965.00      -0.357056E-02   0.209396E-03
    1970.00      -0.338296E-02   0.186547E-03
    1975.00      -0.321637E-02   0.167366E-03
    1980.00      -0.306746E-02   0.151103E-03
    1985.00      -0.293357E-02   0.137189E-03
    1990.00      -0.281255E-02   0.125190E-03
    1995.00      -0.270264E-02   0.114765E-03
    2000.00      -0.260238E-02   0.105650E-03
    2005.00      -0.251056E-02   0.976298E-04
    2010.00      -0.242617E-02   0.905354E-04
    2015.00      -0.234834E-02   0.842274E-04
    2020.00      -0.227635E-02   0.785926E-04
    2025.00      -0.220956E-02   0.735371E-04
    2030.00      -0.214743E-02   0.689833E-04
    2035.00      -0.208950E-02   0.648658E-04
    2040.00      -0.203536E-02   0.611300E-04
    2045.00      -0.198465E-02   0.577293E-04
    2050.00      -0.193706E-02   0.546243E-04
    2055.00      -0.189231E-02   0.517810E-04
    2060.00      -0.185015E-02   0.491705E-04
    2065.00      -0.181038E-02   0.467675E-04
    2070.00      -0.177279E-02   0.445502E-04
    2075.00      -0.173722E-02   0.424996E-04
    2080.00      -0.170350E-02   0.405992E-04
    2085.00      -0.167150E-02   0.388343E-04
    2090.00      -0.164110E-02   0.371921E-04
    2095.00      -0.161217E-02   0.356613E-04
    2100.00      -0.158461E-02   0.342317E-04
    2105.00      -0.155833E-02   0.328945E-04
    2110.00      -0.153325E-02   0.316418E-04
    2115.00      -0.150929E-02   0.304663E-04
    2120.00      -0.148636E-02   0.293618E-04
    2125.00      -0.146442E-02   0.283224E-04
    2130.00      -0.144340E-02   0.273431E-04
    2135.00      -0.142324E-02   0.264193E-04
    2140.00      -0.140389E-02   0.255466E-04
    2145.00      -0.138531E-02   0.247213E-04
    2150.00      -0.136745E-02   0.239399E-04
    2155.00      -0.135027E-02   0.231994E-04
    2160.00      -0.133374E-02   0.224967E-04
    2165.00      -0.131781E-02   0.218294E-04
    2170.00      -0.130247E-02   0.211950E-04
    2175.00      -0.128767E-02   0.205913E-04
    2180.00      -0.127339E-02   0.200163E-04
    2185.00      -0.125960E-02   0.194682E-04
