    1100.00       0.164379E-04  -0.365822E-07
    1105.00       0.187949E-04  -0.421068E-07
    1110.00       0.211279E-04  -0.476518E-07
    1115.00       0.234587E-04  -0.532669E-07
    1120.00       0.258017E-04  -0.589863E-07
    1125.00       0.281669E-04  -0.648355E-07
    1130.00       0.305619E-04  -0.708344E-07
    1135.00       0.329923E-04  -0.769994E-07
    1140.00       0.354627E-04  -0.833448E-07
    1145.00       0.379767E-04  -0.898830E-07
    1150.00       0.405375E-04  -0.966257E-07
    1155.00       0.431477E-04  -0.103583E-06
    1160.00       0.458097E-04  -0.110767E-06
    1165.00       0.485257E-04  -0.118186E-06
    1170.00       0.512976E-04  -0.125851E-06
    1175.00       0.541272E-04  -0.133771E-06
    1180.00       0.570162E-04  -0.141957E-06
    1185.00       0.599663E-04  -0.150419E-06
    1190.00       0.629792E-04  -0.159166E-06
    1195.00       0.660564E-04  -0.168210E-06
    1200.00       0.691994E-04  -0.177562E-06
    1205.00       0.724099E-04  -0.187232E-06
    1210.00       0.756895E-04  -0.197233E-06
    1215.00       0.790397E-04  -0.207575E-06
    1220.00       0.824621E-04  -0.218272E-06
    1225.00       0.859584E-04  -0.229336E-06
    1230.00       0.895302E-04  -0.240781E-06
    1235.00       0.931793E-04  -0.252620E-06
    1240.00       0.969074E-04  -0.264868E-06
    1245.00       0.100716E-03  -0.277540E-06
    1250.00       0.104608E-03  -0.290651E-06
    1255.00       0.108584E-03  -0.304219E-06
    1260.00       0.112647E-03  -0.318260E-06
    1265.00       0.116798E-03  -0.332791E-06
    1270.00       0.121040E-03  -0.347832E-06
    1275.00       0.125375E-03  -0.363402E-06
    1280.00       0.129804E-03  -0.379522E-06
    1285.00       0.134332E-03  -0.396212E-06
    1290.00       0.138959E-03  -0.413496E-06
    1295.00       0.143688E-03  -0.431396E-06
    1300.00       0.148523E-03  -0.449938E-06
    1305.00       0.153465E-03  -0.469146E-06
    1310.00       0.158517E-03  -0.489048E-06
    1315.00       0.163683E-03  -0.509673E-06
    1320.00       0.168965E-03  -0.531049E-06
    1325.00       0.174367E-03  -0.553209E-06
    1330.00       0.179891E-03  -0.576185E-06
    1335.00       0.185541E-03  -0.600012E-06
    1340.00       0.191321E-03  -0.624726E-06
    1345.00       0.197234E-03  -0.650364E-06
    1350.00       0.203284E-03  -0.676969E-06
    1355.00       0.209475E-03  -0.704580E-06
    1360.00       0.215811E-03  -0.733245E-06
    1365.00       0.222296E-03  -0.763008E-06
    1370.00       0.228935E-03  -0.793921E-06
    1375.00       0.235733E-03  -0.826035E-06
    1380.00       0.242695E-03  -0.859406E-06
    1385.00       0.249824E-03  -0.894091E-06
    1390.00       0.257128E-03  -0.930154E-06
    1395.00       0.264611E-03  -0.967659E-06
    1400.00       0.272279E-03  -0.100667E-05
    1405.00       0.280138E-03  -0.104727E-05
    1410.00       0.288195E-03  -0.108954E-05
    1415.00       0.296456E-03  -0.113354E-05
    1420.00       0.304927E-03  -0.117938E-05
    1425.00       0.313617E-03  -0.122714E-05
    1430.00       0.322533E-03  -0.127692E-05
    1435.00       0.331683E-03  -0.132883E-05
    1440.00       0.341075E-03  -0.138297E-05
    1445.00       0.350718E-03  -0.143947E-05
    1450.00       0.360621E-03  -0.149846E-05
    1455.00       0.370794E-03  -0.156005E-05
    1460.00       0.381248E-03  -0.162440E-05
    1465.00       0.391991E-03  -0.169167E-05
    1470.00       0.403037E-03  -0.176201E-05
    1475.00       0.414396E-03  -0.183559E-05
    1480.00       0.426082E-03  -0.191261E-05
    1485.00       0.438107E-03  -0.199326E-05
    1490.00       0.450486E-03  -0.207776E-05
    1495.00       0.463233E-03  -0.216634E-05
    1500.00       0.476363E-03  -0.225924E-05
    1505.00       0.489893E-03  -0.235673E-05
    1510.00       0.503840E-03  -0.245910E-05
    1515.00       0.518223E-03  -0.256664E-05
    1520.00       0.533061E-03  -0.267970E-05
    1525.00       0.548375E-03  -0.279862E-05
    1530.00       0.564187E-03  -0.292380E-05
    1535.00       0.580520E-03  -0.305565E-05
    1540.00       0.597399E-03  -0.319462E-05
    1545.00       0.614850E-03  -0.334121E-05
    1550.00       0.632902E-03  -0.349594E-05
    1555.00       0.651585E-03  -0.365940E-05
    1560.00       0.670930E-03  -0.383220E-05
    1565.00       0.690972E-03  -0.401505E-05
    1570.00       0.711749E-03  -0.420868E-05
    1575.00       0.733298E-03  -0.441391E-05
    1580.00       0.755664E-03  -0.463165E-05
    1585.00       0.778890E-03  -0.486286E-05
    1590.00       0.803026E-03  -0.510864E-05
    1595.00       0.828126E-03  -0.537016E-05
    1600.00       0.854244E-03  -0.564873E-05
    1605.00       0.881444E-03  -0.594580E-05
    1610.00       0.909791E-03  -0.626296E-05
    1615.00       0.939357E-03  -0.660198E-05
    1620.00       0.970221E-03  -0.696482E-05
    1625.00       0.100247E-02  -0.735368E-05
    1630.00       0.103619E-02  -0.777099E-05
    1635.00       0.107149E-02  -0.821948E-05
    1640.00       0.110847E-02  -0.870221E-05
    1645.00       0.114727E-02  -0.922261E-05
    1650.00       0.118800E-02  -0.978455E-05
    1655.00       0.123083E-02  -0.103924E-04
    1660.00       0.127590E-02  -0.110511E-04
    1665.00       0.132340E-02  -0.117664E-04
    1670.00       0.137353E-02  -0.125446E-04
    1675.00       0.142650E-02  -0.133930E-04
    1680.00       0.148257E-02  -0.143203E-04
    1685.00       0.154200E-02  -0.153359E-04
    1690.00       0.160511E-02  -0.164514E-04
    1695.00       0.167224E-02  -0.176796E-04
    1700.00       0.174379E-02  -0.190360E-04
    1705.00       0.182020E-02  -0.205386E-04
    1710.00       0.190198E-02  -0.222084E-04
    1715.00       0.198971E-02  -0.240706E-04
    1720.00       0.208405E-02  -0.261552E-04
    1725.00       0.218579E-02  -0.284982E-04
    1730.00       0.229580E-02  -0.311431E-04
    1735.00       0.241514E-02  -0.341427E-04
    1740.00       0.254505E-02  -0.375622E-04
    1745.00       0.268697E-02  -0.414819E-04
    1750.00       0.284264E-02  -0.460025E-04
    1755.00       0.301416E-02  -0.512507E-04
    1760.00       0.320405E-02  -0.573885E-04
    1765.00       0.341543E-02  -0.646253E-04
    1770.00       0.365214E-02  -0.732352E-04
    1775.00       0.391901E-02  -0.835832E-04
    1780.00       0.422216E-02  -0.961629E-04
    1785.00       0.456951E-02  -0.111655E-03
    1790.00       0.497146E-02  -0.131021E-03
    1795.00       0.544192E-02  -0.155648E-03
    1800.00       0.599999E-02  -0.187607E-03
    1805.00       0.667258E-02  -0.230084E-03
    1810.00       0.749886E-02  -0.288202E-03
    1815.00       0.853811E-02  -0.370605E-03
    1820.00       0.988452E-02  -0.492817E-03
    1825.00       0.116972E-01  -0.685007E-03
    1830.00       0.142674E-01  -0.101224E-02
    1835.00       0.181901E-01  -0.163672E-02
    1840.00       0.248908E-01  -0.306063E-02
    1845.00       0.387580E-01  -0.752371E-02
    1850.00       0.793911E-01  -0.365808E-01
    1855.00      -0.103021      -0.127052    
    1860.00      -0.523446E-01  -0.138039E-01
    1865.00      -0.309224E-01  -0.456543E-02
    1870.00      -0.218858E-01  -0.224371E-02
    1875.00      -0.169694E-01  -0.133245E-02
    1880.00      -0.138889E-01  -0.883711E-03
    1885.00      -0.117806E-01  -0.630053E-03
    1890.00      -0.102478E-01  -0.472709E-03
    1895.00      -0.908366E-02  -0.368356E-03
    1900.00      -0.816964E-02  -0.295560E-03
    1905.00      -0.743307E-02  -0.242734E-03
    1910.00      -0.682692E-02  -0.203161E-03
    1915.00      -0.631942E-02  -0.172734E-03
    1920.00      -0.588835E-02  -0.148824E-03
    1925.00      -0.551766E-02  -0.129684E-03
    1930.00      -0.519554E-02  -0.114117E-03
    1935.00      -0.491304E-02  -0.101281E-03
    1940.00      -0.466330E-02  -0.905664E-04
    1945.00      -0.444093E-02  -0.815276E-04
    1950.00      -0.424170E-02  -0.738294E-04
    1955.00      -0.406217E-02  -0.672169E-04
    1960.00      -0.389958E-02  -0.614930E-04
    1965.00      -0.375164E-02  -0.565038E-04
    1970.00      -0.361646E-02  -0.521275E-04
    1975.00      -0.349248E-02  -0.482663E-04
    1980.00      -0.337835E-02  -0.448417E-04
    1985.00      -0.327297E-02  -0.417893E-04
    1990.00      -0.317536E-02  -0.390564E-04
    1995.00      -0.308470E-02  -0.365993E-04
    2000.00      -0.300029E-02  -0.343817E-04
    2005.00      -0.292149E-02  -0.323728E-04
    2010.00      -0.284778E-02  -0.305469E-04
    2015.00      -0.277868E-02  -0.288821E-04
    2020.00      -0.271377E-02  -0.273597E-04
    2025.00      -0.265269E-02  -0.259635E-04
    2030.00      -0.259512E-02  -0.246799E-04
    2035.00      -0.254075E-02  -0.234967E-04
    2040.00      -0.248935E-02  -0.224037E-04
    2045.00      -0.244066E-02  -0.213916E-04
    2050.00      -0.239449E-02  -0.204525E-04
    2055.00      -0.235065E-02  -0.195795E-04
    2060.00      -0.230896E-02  -0.187663E-04
    2065.00      -0.226928E-02  -0.180075E-04
    2070.00      -0.223147E-02  -0.172982E-04
    2075.00      -0.219540E-02  -0.166342E-04
    2080.00      -0.216095E-02  -0.160115E-04
    2085.00      -0.212802E-02  -0.154267E-04
    2090.00      -0.209652E-02  -0.148768E-04
    2095.00      -0.206635E-02  -0.143590E-04
    2100.00      -0.203743E-02  -0.138707E-04
    2105.00      -0.200969E-02  -0.134097E-04
    2110.00      -0.198306E-02  -0.129739E-04
    2115.00      -0.195748E-02  -0.125616E-04
    2120.00      -0.193288E-02  -0.121709E-04
    2125.00      -0.190922E-02  -0.118004E-04
    2130.00      -0.188644E-02  -0.114486E-04
    2135.00      -0.186449E-02  -0.111143E-04
    2140.00      -0.184333E-02  -0.107964E-04
    2145.00      -0.182293E-02  -0.104936E-04
    2150.00      -0.180323E-02  -0.102051E-04
    2155.00      -0.178422E-02  -0.993000E-05
    2160.00      -0.176585E-02  -0.966735E-05
    2165.00      -0.174809E-02  -0.941645E-05
    2170.00      -0.173091E-02  -0.917657E-05
    2175.00      -0.171429E-02  -0.894706E-05
    2180.00      -0.169821E-02  -0.872731E-05
    2185.00      -0.168263E-02  -0.851675E-05
