    1100.00       0.554457E-05   0.442745E-07
    1105.00       0.631974E-05   0.506424E-07
    1110.00       0.708175E-05   0.569497E-07
    1115.00       0.783789E-05   0.632544E-07
    1120.00       0.859290E-05   0.695949E-07
    1125.00       0.935003E-05   0.759980E-07
    1130.00       0.101116E-04   0.824836E-07
    1135.00       0.108794E-04   0.890665E-07
    1140.00       0.116547E-04   0.957586E-07
    1145.00       0.124384E-04   0.102570E-06
    1150.00       0.132315E-04   0.109507E-06
    1155.00       0.140346E-04   0.116578E-06
    1160.00       0.148481E-04   0.123789E-06
    1165.00       0.156726E-04   0.131144E-06
    1170.00       0.165084E-04   0.138649E-06
    1175.00       0.173558E-04   0.146307E-06
    1180.00       0.182151E-04   0.154122E-06
    1185.00       0.190865E-04   0.162100E-06
    1190.00       0.199702E-04   0.170242E-06
    1195.00       0.208665E-04   0.178553E-06
    1200.00       0.217754E-04   0.187035E-06
    1205.00       0.226972E-04   0.195694E-06
    1210.00       0.236321E-04   0.204530E-06
    1215.00       0.245800E-04   0.213548E-06
    1220.00       0.255413E-04   0.222752E-06
    1225.00       0.265159E-04   0.232144E-06
    1230.00       0.275041E-04   0.241727E-06
    1235.00       0.285060E-04   0.251505E-06
    1240.00       0.295216E-04   0.261482E-06
    1245.00       0.305510E-04   0.271660E-06
    1250.00       0.315945E-04   0.282043E-06
    1255.00       0.326521E-04   0.292635E-06
    1260.00       0.337240E-04   0.303439E-06
    1265.00       0.348102E-04   0.314458E-06
    1270.00       0.359109E-04   0.325697E-06
    1275.00       0.370262E-04   0.337159E-06
    1280.00       0.381561E-04   0.348847E-06
    1285.00       0.393010E-04   0.360767E-06
    1290.00       0.404608E-04   0.372921E-06
    1295.00       0.416357E-04   0.385314E-06
    1300.00       0.428259E-04   0.397950E-06
    1305.00       0.440314E-04   0.410833E-06
    1310.00       0.452525E-04   0.423968E-06
    1315.00       0.464892E-04   0.437359E-06
    1320.00       0.477417E-04   0.451011E-06
    1325.00       0.490101E-04   0.464928E-06
    1330.00       0.502947E-04   0.479116E-06
    1335.00       0.515955E-04   0.493578E-06
    1340.00       0.529127E-04   0.508321E-06
    1345.00       0.542465E-04   0.523348E-06
    1350.00       0.555971E-04   0.538666E-06
    1355.00       0.569645E-04   0.554280E-06
    1360.00       0.583491E-04   0.570196E-06
    1365.00       0.597509E-04   0.586418E-06
    1370.00       0.611702E-04   0.602954E-06
    1375.00       0.626071E-04   0.619808E-06
    1380.00       0.640618E-04   0.636987E-06
    1385.00       0.655346E-04   0.654497E-06
    1390.00       0.670256E-04   0.672345E-06
    1395.00       0.685350E-04   0.690537E-06
    1400.00       0.700631E-04   0.709079E-06
    1405.00       0.716101E-04   0.727980E-06
    1410.00       0.731761E-04   0.747245E-06
    1415.00       0.747614E-04   0.766882E-06
    1420.00       0.763662E-04   0.786899E-06
    1425.00       0.779908E-04   0.807303E-06
    1430.00       0.796354E-04   0.828101E-06
    1435.00       0.813003E-04   0.849303E-06
    1440.00       0.829856E-04   0.870915E-06
    1445.00       0.846917E-04   0.892948E-06
    1450.00       0.864188E-04   0.915408E-06
    1455.00       0.881672E-04   0.938305E-06
    1460.00       0.899371E-04   0.961648E-06
    1465.00       0.917289E-04   0.985447E-06
    1470.00       0.935428E-04   0.100971E-05
    1475.00       0.953791E-04   0.103445E-05
    1480.00       0.972381E-04   0.105967E-05
    1485.00       0.991202E-04   0.108539E-05
    1490.00       0.101026E-03   0.111162E-05
    1495.00       0.102954E-03   0.113836E-05
    1500.00       0.104907E-03   0.116563E-05
    1505.00       0.106885E-03   0.119344E-05
    1510.00       0.108887E-03   0.122180E-05
    1515.00       0.110913E-03   0.125072E-05
    1520.00       0.112966E-03   0.128022E-05
    1525.00       0.115043E-03   0.131031E-05
    1530.00       0.117147E-03   0.134099E-05
    1535.00       0.119278E-03   0.137230E-05
    1540.00       0.121435E-03   0.140423E-05
    1545.00       0.123619E-03   0.143681E-05
    1550.00       0.125831E-03   0.147004E-05
    1555.00       0.128071E-03   0.150395E-05
    1560.00       0.130340E-03   0.153855E-05
    1565.00       0.132637E-03   0.157385E-05
    1570.00       0.134964E-03   0.160987E-05
    1575.00       0.137320E-03   0.164662E-05
    1580.00       0.139707E-03   0.168414E-05
    1585.00       0.142124E-03   0.172242E-05
    1590.00       0.144573E-03   0.176150E-05
    1595.00       0.147053E-03   0.180138E-05
    1600.00       0.149565E-03   0.184209E-05
    1605.00       0.152110E-03   0.188366E-05
    1610.00       0.154689E-03   0.192609E-05
    1615.00       0.157301E-03   0.196941E-05
    1620.00       0.159947E-03   0.201364E-05
    1625.00       0.162628E-03   0.205881E-05
    1630.00       0.165344E-03   0.210494E-05
    1635.00       0.168097E-03   0.215204E-05
    1640.00       0.170886E-03   0.220016E-05
    1645.00       0.173713E-03   0.224930E-05
    1650.00       0.176577E-03   0.229950E-05
    1655.00       0.179479E-03   0.235078E-05
    1660.00       0.182421E-03   0.240317E-05
    1665.00       0.185403E-03   0.245671E-05
    1670.00       0.188425E-03   0.251141E-05
    1675.00       0.191489E-03   0.256731E-05
    1680.00       0.194594E-03   0.262444E-05
    1685.00       0.197742E-03   0.268283E-05
    1690.00       0.200934E-03   0.274252E-05
    1695.00       0.204170E-03   0.280354E-05
    1700.00       0.207450E-03   0.286592E-05
    1705.00       0.210777E-03   0.292970E-05
    1710.00       0.214151E-03   0.299492E-05
    1715.00       0.217572E-03   0.306162E-05
    1720.00       0.221041E-03   0.312984E-05
    1725.00       0.224560E-03   0.319961E-05
    1730.00       0.228129E-03   0.327099E-05
    1735.00       0.231749E-03   0.334401E-05
    1740.00       0.235422E-03   0.341873E-05
    1745.00       0.239147E-03   0.349518E-05
    1750.00       0.242927E-03   0.357343E-05
    1755.00       0.246762E-03   0.365351E-05
    1760.00       0.250654E-03   0.373548E-05
    1765.00       0.254603E-03   0.381940E-05
    1770.00       0.258610E-03   0.390532E-05
    1775.00       0.262678E-03   0.399330E-05
    1780.00       0.266806E-03   0.408340E-05
    1785.00       0.270997E-03   0.417568E-05
    1790.00       0.275251E-03   0.427021E-05
    1795.00       0.279570E-03   0.436705E-05
    1800.00       0.283955E-03   0.446627E-05
    1805.00       0.288407E-03   0.456794E-05
    1810.00       0.292929E-03   0.467215E-05
    1815.00       0.297521E-03   0.477895E-05
    1820.00       0.302185E-03   0.488845E-05
    1825.00       0.306922E-03   0.500071E-05
    1830.00       0.311734E-03   0.511582E-05
    1835.00       0.316623E-03   0.523388E-05
    1840.00       0.321590E-03   0.535497E-05
    1845.00       0.326638E-03   0.547919E-05
    1850.00       0.331767E-03   0.560665E-05
    1855.00       0.336980E-03   0.573745E-05
    1860.00       0.342278E-03   0.587168E-05
    1865.00       0.347664E-03   0.600948E-05
    1870.00       0.353140E-03   0.615095E-05
    1875.00       0.358707E-03   0.629621E-05
    1880.00       0.364368E-03   0.644539E-05
    1885.00       0.370124E-03   0.659863E-05
    1890.00       0.375979E-03   0.675606E-05
    1895.00       0.381935E-03   0.691782E-05
    1900.00       0.387994E-03   0.708407E-05
    1905.00       0.394158E-03   0.725495E-05
    1910.00       0.400430E-03   0.743062E-05
    1915.00       0.406813E-03   0.761127E-05
    1920.00       0.413309E-03   0.779706E-05
    1925.00       0.419922E-03   0.798817E-05
    1930.00       0.426654E-03   0.818480E-05
    1935.00       0.433508E-03   0.838715E-05
    1940.00       0.440488E-03   0.859543E-05
    1945.00       0.447597E-03   0.880985E-05
    1950.00       0.454838E-03   0.903064E-05
    1955.00       0.462214E-03   0.925804E-05
    1960.00       0.469729E-03   0.949230E-05
    1965.00       0.477388E-03   0.973369E-05
    1970.00       0.485193E-03   0.998247E-05
    1975.00       0.493149E-03   0.102389E-04
    1980.00       0.501260E-03   0.105034E-04
    1985.00       0.509531E-03   0.107761E-04
    1990.00       0.517965E-03   0.110575E-04
    1995.00       0.526568E-03   0.113478E-04
    2000.00       0.535344E-03   0.116475E-04
    2005.00       0.544299E-03   0.119569E-04
    2010.00       0.553437E-03   0.122764E-04
    2015.00       0.562764E-03   0.126064E-04
    2020.00       0.572285E-03   0.129474E-04
    2025.00       0.582008E-03   0.132999E-04
    2030.00       0.591936E-03   0.136643E-04
    2035.00       0.602078E-03   0.140412E-04
    2040.00       0.612439E-03   0.144310E-04
    2045.00       0.623027E-03   0.148344E-04
    2050.00       0.633849E-03   0.152520E-04
    2055.00       0.644911E-03   0.156844E-04
    2060.00       0.656223E-03   0.161323E-04
    2065.00       0.667791E-03   0.165964E-04
    2070.00       0.679625E-03   0.170774E-04
    2075.00       0.691734E-03   0.175762E-04
    2080.00       0.704127E-03   0.180935E-04
    2085.00       0.716813E-03   0.186303E-04
    2090.00       0.729803E-03   0.191875E-04
    2095.00       0.743107E-03   0.197662E-04
    2100.00       0.756736E-03   0.203673E-04
    2105.00       0.770703E-03   0.209920E-04
    2110.00       0.785020E-03   0.216416E-04
    2115.00       0.799698E-03   0.223172E-04
    2120.00       0.814753E-03   0.230202E-04
    2125.00       0.830197E-03   0.237521E-04
    2130.00       0.846046E-03   0.245145E-04
    2135.00       0.862316E-03   0.253088E-04
    2140.00       0.879023E-03   0.261370E-04
    2145.00       0.896184E-03   0.270008E-04
    2150.00       0.913817E-03   0.279023E-04
    2155.00       0.931942E-03   0.288436E-04
    2160.00       0.950580E-03   0.298270E-04
    2165.00       0.969751E-03   0.308549E-04
    2170.00       0.989478E-03   0.319299E-04
    2175.00       0.100979E-02   0.330550E-04
    2180.00       0.103070E-02   0.342331E-04
    2185.00       0.105224E-02   0.354675E-04
