    1100.00       0.175530E-05   0.868509E-08
    1105.00       0.200262E-05   0.995333E-08
    1110.00       0.224626E-05   0.112146E-07
    1115.00       0.248852E-05   0.124805E-07
    1120.00       0.273092E-05   0.137585E-07
    1125.00       0.297449E-05   0.150542E-07
    1130.00       0.321999E-05   0.163716E-07
    1135.00       0.346797E-05   0.177138E-07
    1140.00       0.371888E-05   0.190835E-07
    1145.00       0.397304E-05   0.204827E-07
    1150.00       0.423073E-05   0.219133E-07
    1155.00       0.449218E-05   0.233770E-07
    1160.00       0.475757E-05   0.248751E-07
    1165.00       0.502707E-05   0.264089E-07
    1170.00       0.530081E-05   0.279798E-07
    1175.00       0.557891E-05   0.295889E-07
    1180.00       0.586148E-05   0.312373E-07
    1185.00       0.614862E-05   0.329262E-07
    1190.00       0.644042E-05   0.346565E-07
    1195.00       0.673698E-05   0.364295E-07
    1200.00       0.703835E-05   0.382460E-07
    1205.00       0.734463E-05   0.401073E-07
    1210.00       0.765588E-05   0.420144E-07
    1215.00       0.797218E-05   0.439683E-07
    1220.00       0.829360E-05   0.459701E-07
    1225.00       0.862020E-05   0.480210E-07
    1230.00       0.895206E-05   0.501220E-07
    1235.00       0.928923E-05   0.522744E-07
    1240.00       0.963180E-05   0.544792E-07
    1245.00       0.997982E-05   0.567378E-07
    1250.00       0.103334E-04   0.590512E-07
    1255.00       0.106925E-04   0.614208E-07
    1260.00       0.110573E-04   0.638480E-07
    1265.00       0.114279E-04   0.663339E-07
    1270.00       0.118043E-04   0.688799E-07
    1275.00       0.121865E-04   0.714875E-07
    1280.00       0.125748E-04   0.741581E-07
    1285.00       0.129691E-04   0.768931E-07
    1290.00       0.133695E-04   0.796942E-07
    1295.00       0.137761E-04   0.825628E-07
    1300.00       0.141890E-04   0.855005E-07
    1305.00       0.146083E-04   0.885091E-07
    1310.00       0.150340E-04   0.915902E-07
    1315.00       0.154663E-04   0.947456E-07
    1320.00       0.159053E-04   0.979770E-07
    1325.00       0.163510E-04   0.101286E-06
    1330.00       0.168035E-04   0.104676E-06
    1335.00       0.172630E-04   0.108147E-06
    1340.00       0.177295E-04   0.111702E-06
    1345.00       0.182032E-04   0.115343E-06
    1350.00       0.186841E-04   0.119073E-06
    1355.00       0.191725E-04   0.122893E-06
    1360.00       0.196682E-04   0.126805E-06
    1365.00       0.201716E-04   0.130813E-06
    1370.00       0.206828E-04   0.134918E-06
    1375.00       0.212017E-04   0.139124E-06
    1380.00       0.217287E-04   0.143432E-06
    1385.00       0.222637E-04   0.147846E-06
    1390.00       0.228070E-04   0.152368E-06
    1395.00       0.233586E-04   0.157002E-06
    1400.00       0.239188E-04   0.161750E-06
    1405.00       0.244876E-04   0.166615E-06
    1410.00       0.250653E-04   0.171600E-06
    1415.00       0.256518E-04   0.176709E-06
    1420.00       0.262476E-04   0.181946E-06
    1425.00       0.268525E-04   0.187313E-06
    1430.00       0.274670E-04   0.192815E-06
    1435.00       0.280910E-04   0.198455E-06
    1440.00       0.287249E-04   0.204237E-06
    1445.00       0.293687E-04   0.210165E-06
    1450.00       0.300226E-04   0.216243E-06
    1455.00       0.306869E-04   0.222476E-06
    1460.00       0.313618E-04   0.228868E-06
    1465.00       0.320473E-04   0.235424E-06
    1470.00       0.327439E-04   0.242149E-06
    1475.00       0.334515E-04   0.249047E-06
    1480.00       0.341706E-04   0.256124E-06
    1485.00       0.349013E-04   0.263385E-06
    1490.00       0.356437E-04   0.270835E-06
    1495.00       0.363983E-04   0.278481E-06
    1500.00       0.371651E-04   0.286328E-06
    1505.00       0.379445E-04   0.294383E-06
    1510.00       0.387368E-04   0.302651E-06
    1515.00       0.395421E-04   0.311140E-06
    1520.00       0.403608E-04   0.319857E-06
    1525.00       0.411931E-04   0.328808E-06
    1530.00       0.420393E-04   0.338001E-06
    1535.00       0.428998E-04   0.347444E-06
    1540.00       0.437748E-04   0.357145E-06
    1545.00       0.446647E-04   0.367113E-06
    1550.00       0.455698E-04   0.377355E-06
    1555.00       0.464903E-04   0.387881E-06
    1560.00       0.474268E-04   0.398700E-06
    1565.00       0.483794E-04   0.409823E-06
    1570.00       0.493487E-04   0.421259E-06
    1575.00       0.503349E-04   0.433019E-06
    1580.00       0.513385E-04   0.445113E-06
    1585.00       0.523599E-04   0.457554E-06
    1590.00       0.533995E-04   0.470354E-06
    1595.00       0.544577E-04   0.483524E-06
    1600.00       0.555349E-04   0.497078E-06
    1605.00       0.566318E-04   0.511029E-06
    1610.00       0.577486E-04   0.525392E-06
    1615.00       0.588859E-04   0.540181E-06
    1620.00       0.600443E-04   0.555412E-06
    1625.00       0.612241E-04   0.571101E-06
    1630.00       0.624261E-04   0.587264E-06
    1635.00       0.636507E-04   0.603919E-06
    1640.00       0.648986E-04   0.621085E-06
    1645.00       0.661703E-04   0.638780E-06
    1650.00       0.674664E-04   0.657026E-06
    1655.00       0.687877E-04   0.675841E-06
    1660.00       0.701348E-04   0.695250E-06
    1665.00       0.715083E-04   0.715275E-06
    1670.00       0.729090E-04   0.735939E-06
    1675.00       0.743377E-04   0.757268E-06
    1680.00       0.757951E-04   0.779289E-06
    1685.00       0.772820E-04   0.802030E-06
    1690.00       0.787992E-04   0.825520E-06
    1695.00       0.803477E-04   0.849788E-06
    1700.00       0.819284E-04   0.874869E-06
    1705.00       0.835420E-04   0.900794E-06
    1710.00       0.851898E-04   0.927601E-06
    1715.00       0.868725E-04   0.955325E-06
    1720.00       0.885914E-04   0.984008E-06
    1725.00       0.903475E-04   0.101369E-05
    1730.00       0.921419E-04   0.104441E-05
    1735.00       0.939758E-04   0.107623E-05
    1740.00       0.958505E-04   0.110918E-05
    1745.00       0.977672E-04   0.114331E-05
    1750.00       0.997273E-04   0.117869E-05
    1755.00       0.101732E-03   0.121537E-05
    1760.00       0.103783E-03   0.125341E-05
    1765.00       0.105882E-03   0.129287E-05
    1770.00       0.108031E-03   0.133383E-05
    1775.00       0.110230E-03   0.137634E-05
    1780.00       0.112482E-03   0.142049E-05
    1785.00       0.114789E-03   0.146636E-05
    1790.00       0.117152E-03   0.151403E-05
    1795.00       0.119574E-03   0.156360E-05
    1800.00       0.122057E-03   0.161515E-05
    1805.00       0.124602E-03   0.166879E-05
    1810.00       0.127213E-03   0.172463E-05
    1815.00       0.129891E-03   0.178278E-05
    1820.00       0.132639E-03   0.184336E-05
    1825.00       0.135460E-03   0.190651E-05
    1830.00       0.138356E-03   0.197237E-05
    1835.00       0.141331E-03   0.204108E-05
    1840.00       0.144388E-03   0.211280E-05
    1845.00       0.147530E-03   0.218771E-05
    1850.00       0.150760E-03   0.226597E-05
    1855.00       0.154082E-03   0.234780E-05
    1860.00       0.157500E-03   0.243339E-05
    1865.00       0.161017E-03   0.252297E-05
    1870.00       0.164640E-03   0.261679E-05
    1875.00       0.168370E-03   0.271509E-05
    1880.00       0.172215E-03   0.281816E-05
    1885.00       0.176178E-03   0.292630E-05
    1890.00       0.180266E-03   0.303982E-05
    1895.00       0.184483E-03   0.315909E-05
    1900.00       0.188837E-03   0.328447E-05
    1905.00       0.193333E-03   0.341638E-05
    1910.00       0.197978E-03   0.355525E-05
    1915.00       0.202781E-03   0.370157E-05
    1920.00       0.207748E-03   0.385586E-05
    1925.00       0.212888E-03   0.401867E-05
    1930.00       0.218210E-03   0.419065E-05
    1935.00       0.223725E-03   0.437244E-05
    1940.00       0.229441E-03   0.456479E-05
    1945.00       0.235371E-03   0.476851E-05
    1950.00       0.241526E-03   0.498448E-05
    1955.00       0.247919E-03   0.521366E-05
    1960.00       0.254563E-03   0.545712E-05
    1965.00       0.261475E-03   0.571603E-05
    1970.00       0.268669E-03   0.599168E-05
    1975.00       0.276163E-03   0.628551E-05
    1980.00       0.283977E-03   0.659909E-05
    1985.00       0.292130E-03   0.693419E-05
    1990.00       0.300644E-03   0.729276E-05
    1995.00       0.309545E-03   0.767699E-05
    2000.00       0.318859E-03   0.808930E-05
    2005.00       0.328614E-03   0.853243E-05
    2010.00       0.338843E-03   0.900944E-05
    2015.00       0.349580E-03   0.952380E-05
    2020.00       0.360863E-03   0.100794E-04
    2025.00       0.372736E-03   0.106806E-04
    2030.00       0.385244E-03   0.113326E-04
    2035.00       0.398440E-03   0.120409E-04
    2040.00       0.412382E-03   0.128121E-04
    2045.00       0.427133E-03   0.136538E-04
    2050.00       0.442767E-03   0.145747E-04
    2055.00       0.459362E-03   0.155846E-04
    2060.00       0.477012E-03   0.166953E-04
    2065.00       0.495818E-03   0.179204E-04
    2070.00       0.515896E-03   0.192758E-04
    2075.00       0.537381E-03   0.207803E-04
    2080.00       0.560422E-03   0.224561E-04
    2085.00       0.585196E-03   0.243299E-04
    2090.00       0.611903E-03   0.264336E-04
    2095.00       0.640777E-03   0.288056E-04
    2100.00       0.672092E-03   0.314929E-04
    2105.00       0.706168E-03   0.345530E-04
    2110.00       0.743386E-03   0.380571E-04
    2115.00       0.784197E-03   0.420942E-04
    2120.00       0.829145E-03   0.467762E-04
    2125.00       0.878888E-03   0.522465E-04
    2130.00       0.934232E-03   0.586898E-04
    2135.00       0.996171E-03   0.663481E-04
    2140.00       0.106595E-02   0.755431E-04
    2145.00       0.114515E-02   0.867097E-04
    2150.00       0.123579E-02   0.100447E-03
    2155.00       0.134052E-02   0.117599E-03
    2160.00       0.146287E-02   0.139384E-03
    2165.00       0.160763E-02   0.167611E-03
    2170.00       0.178147E-02   0.205058E-03
    2175.00       0.199395E-02   0.256167E-03
    2180.00       0.225922E-02   0.328376E-03
    2185.00       0.259902E-02   0.434899E-03
