    1100.00       0.371671E-06   0.355687E-08
    1105.00       0.425084E-06   0.409676E-08
    1110.00       0.477988E-06   0.463940E-08
    1115.00       0.530875E-06   0.518964E-08
    1120.00       0.584071E-06   0.575086E-08
    1125.00       0.637805E-06   0.632558E-08
    1130.00       0.692249E-06   0.691579E-08
    1135.00       0.747531E-06   0.752316E-08
    1140.00       0.803758E-06   0.814911E-08
    1145.00       0.861014E-06   0.879495E-08
    1150.00       0.919371E-06   0.946186E-08
    1155.00       0.978893E-06   0.101510E-07
    1160.00       0.103963E-05   0.108634E-07
    1165.00       0.110165E-05   0.116002E-07
    1170.00       0.116498E-05   0.123624E-07
    1175.00       0.122967E-05   0.131511E-07
    1180.00       0.129577E-05   0.139675E-07
    1185.00       0.136330E-05   0.148124E-07
    1190.00       0.143233E-05   0.156872E-07
    1195.00       0.150287E-05   0.165930E-07
    1200.00       0.157498E-05   0.175309E-07
    1205.00       0.164869E-05   0.185021E-07
    1210.00       0.172404E-05   0.195081E-07
    1215.00       0.180107E-05   0.205500E-07
    1220.00       0.187982E-05   0.216292E-07
    1225.00       0.196033E-05   0.227472E-07
    1230.00       0.204264E-05   0.239055E-07
    1235.00       0.212680E-05   0.251056E-07
    1240.00       0.221286E-05   0.263492E-07
    1245.00       0.230085E-05   0.276379E-07
    1250.00       0.239083E-05   0.289736E-07
    1255.00       0.248284E-05   0.303580E-07
    1260.00       0.257694E-05   0.317931E-07
    1265.00       0.267317E-05   0.332809E-07
    1270.00       0.277160E-05   0.348237E-07
    1275.00       0.287227E-05   0.364236E-07
    1280.00       0.297525E-05   0.380830E-07
    1285.00       0.308059E-05   0.398042E-07
    1290.00       0.318836E-05   0.415901E-07
    1295.00       0.329863E-05   0.434431E-07
    1300.00       0.341146E-05   0.453663E-07
    1305.00       0.352692E-05   0.473626E-07
    1310.00       0.364508E-05   0.494351E-07
    1315.00       0.376603E-05   0.515873E-07
    1320.00       0.388983E-05   0.538226E-07
    1325.00       0.401658E-05   0.561447E-07
    1330.00       0.414635E-05   0.585575E-07
    1335.00       0.427924E-05   0.610651E-07
    1340.00       0.441535E-05   0.636719E-07
    1345.00       0.455476E-05   0.663825E-07
    1350.00       0.469758E-05   0.692016E-07
    1355.00       0.484392E-05   0.721345E-07
    1360.00       0.499388E-05   0.751864E-07
    1365.00       0.514759E-05   0.783633E-07
    1370.00       0.530516E-05   0.816711E-07
    1375.00       0.546672E-05   0.851162E-07
    1380.00       0.563240E-05   0.887056E-07
    1385.00       0.580235E-05   0.924463E-07
    1390.00       0.597670E-05   0.963461E-07
    1395.00       0.615560E-05   0.100413E-06
    1400.00       0.633923E-05   0.104656E-06
    1405.00       0.652774E-05   0.109084E-06
    1410.00       0.672130E-05   0.113707E-06
    1415.00       0.692011E-05   0.118536E-06
    1420.00       0.712436E-05   0.123581E-06
    1425.00       0.733424E-05   0.128854E-06
    1430.00       0.754998E-05   0.134369E-06
    1435.00       0.777180E-05   0.140138E-06
    1440.00       0.799993E-05   0.146177E-06
    1445.00       0.823463E-05   0.152500E-06
    1450.00       0.847615E-05   0.159124E-06
    1455.00       0.872478E-05   0.166068E-06
    1460.00       0.898081E-05   0.173350E-06
    1465.00       0.924455E-05   0.180990E-06
    1470.00       0.951632E-05   0.189011E-06
    1475.00       0.979647E-05   0.197437E-06
    1480.00       0.100854E-04   0.206293E-06
    1485.00       0.103834E-04   0.215607E-06
    1490.00       0.106910E-04   0.225408E-06
    1495.00       0.110086E-04   0.235729E-06
    1500.00       0.113366E-04   0.246604E-06
    1505.00       0.116756E-04   0.258071E-06
    1510.00       0.120261E-04   0.270171E-06
    1515.00       0.123886E-04   0.282948E-06
    1520.00       0.127637E-04   0.296450E-06
    1525.00       0.131521E-04   0.310731E-06
    1530.00       0.135545E-04   0.325846E-06
    1535.00       0.139716E-04   0.341859E-06
    1540.00       0.144041E-04   0.358838E-06
    1545.00       0.148530E-04   0.376858E-06
    1550.00       0.153191E-04   0.396000E-06
    1555.00       0.158035E-04   0.416354E-06
    1560.00       0.163070E-04   0.438020E-06
    1565.00       0.168310E-04   0.461106E-06
    1570.00       0.173766E-04   0.485734E-06
    1575.00       0.179451E-04   0.512036E-06
    1580.00       0.185379E-04   0.540160E-06
    1585.00       0.191567E-04   0.570270E-06
    1590.00       0.198030E-04   0.602549E-06
    1595.00       0.204788E-04   0.637201E-06
    1600.00       0.211861E-04   0.674454E-06
    1605.00       0.219270E-04   0.714562E-06
    1610.00       0.227039E-04   0.757814E-06
    1615.00       0.235196E-04   0.804532E-06
    1620.00       0.243768E-04   0.855082E-06
    1625.00       0.252788E-04   0.909878E-06
    1630.00       0.262291E-04   0.969391E-06
    1635.00       0.272317E-04   0.103416E-05
    1640.00       0.282909E-04   0.110479E-05
    1645.00       0.294115E-04   0.118200E-05
    1650.00       0.305990E-04   0.126659E-05
    1655.00       0.318595E-04   0.135951E-05
    1660.00       0.331998E-04   0.146185E-05
    1665.00       0.346276E-04   0.157490E-05
    1670.00       0.361516E-04   0.170013E-05
    1675.00       0.377820E-04   0.183934E-05
    1680.00       0.395299E-04   0.199460E-05
    1685.00       0.414086E-04   0.216841E-05
    1690.00       0.434330E-04   0.236378E-05
    1695.00       0.456206E-04   0.258432E-05
    1700.00       0.479918E-04   0.283444E-05
    1705.00       0.505705E-04   0.311954E-05
    1710.00       0.533850E-04   0.344630E-05
    1715.00       0.564686E-04   0.382304E-05
    1720.00       0.598617E-04   0.426029E-05
    1725.00       0.636129E-04   0.477142E-05
    1730.00       0.677813E-04   0.537370E-05
    1735.00       0.724399E-04   0.608970E-05
    1740.00       0.776795E-04   0.694935E-05
    1745.00       0.836149E-04   0.799301E-05
    1750.00       0.903923E-04   0.927612E-05
    1755.00       0.982018E-04   0.108764E-04
    1760.00       0.107294E-03   0.129057E-04
    1765.00       0.118007E-03   0.155287E-04
    1770.00       0.130804E-03   0.189970E-04
    1775.00       0.146339E-03   0.237080E-04
    1780.00       0.165554E-03   0.303196E-04
    1785.00       0.189854E-03   0.399784E-04
    1790.00       0.221378E-03   0.548188E-04
    1795.00       0.263434E-03   0.791390E-04
    1800.00       0.320887E-03   0.122472E-03
    1805.00       0.398453E-03   0.208345E-03
    1810.00       0.480294E-03   0.398284E-03
    1815.00       0.394046E-03   0.787312E-03
    1820.00      -0.193935E-03   0.952033E-03
    1825.00      -0.496857E-03   0.548030E-03
    1830.00      -0.450847E-03   0.280347E-03
    1835.00      -0.369222E-03   0.159955E-03
    1840.00      -0.305140E-03   0.101482E-03
    1845.00      -0.258115E-03   0.696899E-04
    1850.00      -0.223139E-03   0.507259E-04
    1855.00      -0.196428E-03   0.385742E-04
    1860.00      -0.175486E-03   0.303425E-04
    1865.00      -0.158682E-03   0.245157E-04
    1870.00      -0.144926E-03   0.202424E-04
    1875.00      -0.133472E-03   0.170161E-04
    1880.00      -0.123794E-03   0.145203E-04
    1885.00      -0.115513E-03   0.125498E-04
    1890.00      -0.108350E-03   0.109664E-04
    1895.00      -0.102093E-03   0.967468E-05
    1900.00      -0.965815E-04   0.860687E-05
    1905.00      -0.916893E-04   0.771384E-05
    1910.00      -0.873174E-04   0.695924E-05
    1915.00      -0.833866E-04   0.631574E-05
    1920.00      -0.798326E-04   0.576246E-05
    1925.00      -0.766031E-04   0.528322E-05
    1930.00      -0.736547E-04   0.486534E-05
    1935.00      -0.709512E-04   0.449875E-05
    1940.00      -0.684625E-04   0.417539E-05
    1945.00      -0.661628E-04   0.388875E-05
    1950.00      -0.640301E-04   0.363351E-05
    1955.00      -0.620458E-04   0.340529E-05
    1960.00      -0.601935E-04   0.320049E-05
    1965.00      -0.584590E-04   0.301610E-05
    1970.00      -0.568299E-04   0.284960E-05
    1975.00      -0.552952E-04   0.269887E-05
    1980.00      -0.538451E-04   0.256214E-05
    1985.00      -0.524709E-04   0.243789E-05
    1990.00      -0.511644E-04   0.232486E-05
    1995.00      -0.499185E-04   0.222197E-05
    2000.00      -0.487263E-04   0.212833E-05
    2005.00      -0.475814E-04   0.204320E-05
    2010.00      -0.464777E-04   0.196600E-05
    2015.00      -0.454093E-04   0.189625E-05
    2020.00      -0.443699E-04   0.183364E-05
    2025.00      -0.433535E-04   0.177800E-05
    2030.00      -0.423535E-04   0.172933E-05
    2035.00      -0.413625E-04   0.168782E-05
    2040.00      -0.403723E-04   0.165391E-05
    2045.00      -0.393731E-04   0.162839E-05
    2050.00      -0.383530E-04   0.161256E-05
    2055.00      -0.372965E-04   0.160842E-05
    2060.00      -0.361835E-04   0.161914E-05
    2065.00      -0.349859E-04   0.164974E-05
    2070.00      -0.336634E-04   0.170852E-05
    2075.00      -0.321552E-04   0.180976E-05
    2080.00      -0.303637E-04   0.197963E-05
    2085.00      -0.281217E-04   0.227029E-05
    2090.00      -0.251167E-04   0.279814E-05
    2095.00      -0.206902E-04   0.386852E-05
    2100.00      -0.132103E-04   0.650704E-05
    2105.00       0.229366E-05   0.159810E-04
    2110.00       0.214745E-04   0.857028E-04
    2115.00      -0.981530E-04   0.441242E-04
    2120.00      -0.705860E-04   0.100994E-04
    2125.00      -0.583851E-04   0.446013E-05
    2130.00      -0.521670E-04   0.267864E-05
    2135.00      -0.483772E-04   0.190322E-05
    2140.00      -0.457872E-04   0.149645E-05
    2145.00      -0.438753E-04   0.125494E-05
    2150.00      -0.423844E-04   0.109814E-05
    2155.00      -0.411737E-04   0.989118E-06
    2160.00      -0.401597E-04   0.909097E-06
    2165.00      -0.392896E-04   0.847715E-06
    2170.00      -0.385285E-04   0.798886E-06
    2175.00      -0.378524E-04   0.758851E-06
    2180.00      -0.372441E-04   0.725188E-06
    2185.00      -0.366910E-04   0.696275E-06
