    1100.00        0.00000        0.00000    
    1105.00        0.00000        0.00000    
    1110.00        0.00000        0.00000    
    1115.00        0.00000        0.00000    
    1120.00        0.00000        0.00000    
    1125.00        0.00000        0.00000    
    1130.00        0.00000        0.00000    
    1135.00        0.00000        0.00000    
    1140.00        0.00000        0.00000    
    1145.00        0.00000        0.00000    
    1150.00        0.00000        0.00000    
    1155.00        0.00000        0.00000    
    1160.00        0.00000        0.00000    
    1165.00        0.00000        0.00000    
    1170.00        0.00000        0.00000    
    1175.00        0.00000        0.00000    
    1180.00        0.00000        0.00000    
    1185.00        0.00000        0.00000    
    1190.00        0.00000        0.00000    
    1195.00        0.00000        0.00000    
    1200.00        0.00000        0.00000    
    1205.00        0.00000        0.00000    
    1210.00        0.00000        0.00000    
    1215.00        0.00000        0.00000    
    1220.00        0.00000        0.00000    
    1225.00        0.00000        0.00000    
    1230.00        0.00000        0.00000    
    1235.00        0.00000        0.00000    
    1240.00        0.00000        0.00000    
    1245.00        0.00000        0.00000    
    1250.00        0.00000        0.00000    
    1255.00        0.00000        0.00000    
    1260.00        0.00000        0.00000    
    1265.00        0.00000        0.00000    
    1270.00        0.00000        0.00000    
    1275.00        0.00000        0.00000    
    1280.00        0.00000        0.00000    
    1285.00        0.00000        0.00000    
    1290.00        0.00000        0.00000    
    1295.00        0.00000        0.00000    
    1300.00        0.00000        0.00000    
    1305.00        0.00000        0.00000    
    1310.00        0.00000        0.00000    
    1315.00        0.00000        0.00000    
    1320.00        0.00000        0.00000    
    1325.00        0.00000        0.00000    
    1330.00        0.00000        0.00000    
    1335.00        0.00000        0.00000    
    1340.00        0.00000        0.00000    
    1345.00        0.00000        0.00000    
    1350.00        0.00000        0.00000    
    1355.00        0.00000        0.00000    
    1360.00        0.00000        0.00000    
    1365.00        0.00000        0.00000    
    1370.00        0.00000        0.00000    
    1375.00        0.00000        0.00000    
    1380.00        0.00000        0.00000    
    1385.00        0.00000        0.00000    
    1390.00        0.00000        0.00000    
    1395.00        0.00000        0.00000    
    1400.00        0.00000        0.00000    
    1405.00        0.00000        0.00000    
    1410.00        0.00000        0.00000    
    1415.00        0.00000        0.00000    
    1420.00        0.00000        0.00000    
    1425.00        0.00000        0.00000    
    1430.00        0.00000        0.00000    
    1435.00        0.00000        0.00000    
    1440.00        0.00000        0.00000    
    1445.00        0.00000        0.00000    
    1450.00        0.00000        0.00000    
    1455.00        0.00000        0.00000    
    1460.00        0.00000        0.00000    
    1465.00        0.00000        0.00000    
    1470.00        0.00000        0.00000    
    1475.00        0.00000        0.00000    
    1480.00        0.00000        0.00000    
    1485.00        0.00000        0.00000    
    1490.00        0.00000        0.00000    
    1495.00        0.00000        0.00000    
    1500.00        0.00000        0.00000    
    1505.00        0.00000        0.00000    
    1510.00        0.00000        0.00000    
    1515.00        0.00000        0.00000    
    1520.00        0.00000        0.00000    
    1525.00        0.00000        0.00000    
    1530.00        0.00000        0.00000    
    1535.00        0.00000        0.00000    
    1540.00        0.00000        0.00000    
    1545.00        0.00000        0.00000    
    1550.00        0.00000        0.00000    
    1555.00        0.00000        0.00000    
    1560.00        0.00000        0.00000    
    1565.00        0.00000        0.00000    
    1570.00        0.00000        0.00000    
    1575.00        0.00000        0.00000    
    1580.00        0.00000        0.00000    
    1585.00        0.00000        0.00000    
    1590.00        0.00000        0.00000    
    1595.00        0.00000        0.00000    
    1600.00        0.00000        0.00000    
    1605.00        0.00000        0.00000    
    1610.00        0.00000        0.00000    
    1615.00        0.00000        0.00000    
    1620.00        0.00000        0.00000    
    1625.00        0.00000        0.00000    
    1630.00        0.00000        0.00000    
    1635.00        0.00000        0.00000    
    1640.00        0.00000        0.00000    
    1645.00        0.00000        0.00000    
    1650.00        0.00000        0.00000    
    1655.00        0.00000        0.00000    
    1660.00        0.00000        0.00000    
    1665.00        0.00000        0.00000    
    1670.00        0.00000        0.00000    
    1675.00        0.00000        0.00000    
    1680.00        0.00000        0.00000    
    1685.00        0.00000        0.00000    
    1690.00        0.00000        0.00000    
    1695.00        0.00000        0.00000    
    1700.00        0.00000        0.00000    
    1705.00        0.00000        0.00000    
    1710.00        0.00000        0.00000    
    1715.00        0.00000        0.00000    
    1720.00        0.00000        0.00000    
    1725.00        0.00000        0.00000    
    1730.00        0.00000        0.00000    
    1735.00        0.00000        0.00000    
    1740.00        0.00000        0.00000    
    1745.00        0.00000        0.00000    
    1750.00        0.00000        0.00000    
    1755.00        0.00000        0.00000    
    1760.00        0.00000        0.00000    
    1765.00        0.00000        0.00000    
    1770.00        0.00000        0.00000    
    1775.00        0.00000        0.00000    
    1780.00        0.00000        0.00000    
    1785.00        0.00000        0.00000    
    1790.00        0.00000        0.00000    
    1795.00        0.00000        0.00000    
    1800.00        0.00000        0.00000    
    1805.00        0.00000        0.00000    
    1810.00        0.00000        0.00000    
    1815.00        0.00000        0.00000    
    1820.00        0.00000        0.00000    
    1825.00        0.00000        0.00000    
    1830.00        0.00000        0.00000    
    1835.00        0.00000        0.00000    
    1840.00        0.00000        0.00000    
    1845.00        0.00000        0.00000    
    1850.00        0.00000        0.00000    
    1855.00        0.00000        0.00000    
    1860.00        0.00000        0.00000    
    1865.00        0.00000        0.00000    
    1870.00        0.00000        0.00000    
    1875.00        0.00000        0.00000    
    1880.00        0.00000        0.00000    
    1885.00        0.00000        0.00000    
    1890.00        0.00000        0.00000    
    1895.00        0.00000        0.00000    
    1900.00        0.00000        0.00000    
    1905.00        0.00000        0.00000    
    1910.00        0.00000        0.00000    
    1915.00        0.00000        0.00000    
    1920.00        0.00000        0.00000    
    1925.00        0.00000        0.00000    
    1930.00        0.00000        0.00000    
    1935.00        0.00000        0.00000    
    1940.00        0.00000        0.00000    
    1945.00        0.00000        0.00000    
    1950.00        0.00000        0.00000    
    1955.00        0.00000        0.00000    
    1960.00        0.00000        0.00000    
    1965.00        0.00000        0.00000    
    1970.00        0.00000        0.00000    
    1975.00        0.00000        0.00000    
    1980.00        0.00000        0.00000    
    1985.00        0.00000        0.00000    
    1990.00        0.00000        0.00000    
    1995.00        0.00000        0.00000    
    2000.00        0.00000        0.00000    
    2005.00        0.00000        0.00000    
    2010.00        0.00000        0.00000    
    2015.00        0.00000        0.00000    
    2020.00        0.00000        0.00000    
    2025.00        0.00000        0.00000    
    2030.00        0.00000        0.00000    
    2035.00        0.00000        0.00000    
    2040.00        0.00000        0.00000    
    2045.00        0.00000        0.00000    
    2050.00        0.00000        0.00000    
    2055.00        0.00000        0.00000    
    2060.00        0.00000        0.00000    
    2065.00        0.00000        0.00000    
    2070.00        0.00000        0.00000    
    2075.00        0.00000        0.00000    
    2080.00        0.00000        0.00000    
    2085.00        0.00000        0.00000    
    2090.00        0.00000        0.00000    
    2095.00        0.00000        0.00000    
    2100.00        0.00000        0.00000    
    2105.00        0.00000        0.00000    
    2110.00        0.00000        0.00000    
    2115.00        0.00000        0.00000    
    2120.00        0.00000        0.00000    
    2125.00        0.00000        0.00000    
    2130.00        0.00000        0.00000    
    2135.00        0.00000        0.00000    
    2140.00        0.00000        0.00000    
    2145.00        0.00000        0.00000    
    2150.00        0.00000        0.00000    
    2155.00        0.00000        0.00000    
    2160.00        0.00000        0.00000    
    2165.00        0.00000        0.00000    
    2170.00        0.00000        0.00000    
    2175.00        0.00000        0.00000    
    2180.00        0.00000        0.00000    
    2185.00        0.00000        0.00000    
