    1100.00       0.752281E-07   0.611707E-09
    1105.00       0.858667E-07   0.701669E-09
    1110.00       0.963576E-07   0.791312E-09
    1115.00       0.106799E-06   0.881447E-09
    1120.00       0.117257E-06   0.972618E-09
    1125.00       0.127775E-06   0.106522E-08
    1130.00       0.138387E-06   0.115954E-08
    1135.00       0.149117E-06   0.125581E-08
    1140.00       0.159983E-06   0.135423E-08
    1145.00       0.171000E-06   0.145495E-08
    1150.00       0.182182E-06   0.155812E-08
    1155.00       0.193537E-06   0.166385E-08
    1160.00       0.205075E-06   0.177227E-08
    1165.00       0.216802E-06   0.188347E-08
    1170.00       0.228725E-06   0.199756E-08
    1175.00       0.240850E-06   0.211464E-08
    1180.00       0.253182E-06   0.223480E-08
    1185.00       0.265726E-06   0.235813E-08
    1190.00       0.278487E-06   0.248472E-08
    1195.00       0.291468E-06   0.261467E-08
    1200.00       0.304673E-06   0.274806E-08
    1205.00       0.318107E-06   0.288499E-08
    1210.00       0.331774E-06   0.302556E-08
    1215.00       0.345676E-06   0.316984E-08
    1220.00       0.359818E-06   0.331795E-08
    1225.00       0.374204E-06   0.346998E-08
    1230.00       0.388836E-06   0.362603E-08
    1235.00       0.403720E-06   0.378621E-08
    1240.00       0.418858E-06   0.395062E-08
    1245.00       0.434254E-06   0.411936E-08
    1250.00       0.449912E-06   0.429256E-08
    1255.00       0.465836E-06   0.447032E-08
    1260.00       0.482030E-06   0.465276E-08
    1265.00       0.498497E-06   0.484001E-08
    1270.00       0.515243E-06   0.503218E-08
    1275.00       0.532271E-06   0.522942E-08
    1280.00       0.549586E-06   0.543185E-08
    1285.00       0.567191E-06   0.563961E-08
    1290.00       0.585092E-06   0.585284E-08
    1295.00       0.603293E-06   0.607170E-08
    1300.00       0.621799E-06   0.629632E-08
    1305.00       0.640614E-06   0.652687E-08
    1310.00       0.659744E-06   0.676351E-08
    1315.00       0.679195E-06   0.700641E-08
    1320.00       0.698970E-06   0.725574E-08
    1325.00       0.719076E-06   0.751167E-08
    1330.00       0.739518E-06   0.777440E-08
    1335.00       0.760302E-06   0.804412E-08
    1340.00       0.781434E-06   0.832101E-08
    1345.00       0.802920E-06   0.860530E-08
    1350.00       0.824767E-06   0.889719E-08
    1355.00       0.846980E-06   0.919690E-08
    1360.00       0.869566E-06   0.950465E-08
    1365.00       0.892533E-06   0.982070E-08
    1370.00       0.915887E-06   0.101453E-07
    1375.00       0.939635E-06   0.104786E-07
    1380.00       0.963785E-06   0.108210E-07
    1385.00       0.988344E-06   0.111727E-07
    1390.00       0.101332E-05   0.115340E-07
    1395.00       0.103872E-05   0.119053E-07
    1400.00       0.106456E-05   0.122867E-07
    1405.00       0.109084E-05   0.126786E-07
    1410.00       0.111757E-05   0.130813E-07
    1415.00       0.114476E-05   0.134953E-07
    1420.00       0.117242E-05   0.139207E-07
    1425.00       0.120056E-05   0.143581E-07
    1430.00       0.122919E-05   0.148078E-07
    1435.00       0.125832E-05   0.152701E-07
    1440.00       0.128796E-05   0.157455E-07
    1445.00       0.131812E-05   0.162344E-07
    1450.00       0.134881E-05   0.167373E-07
    1455.00       0.138005E-05   0.172546E-07
    1460.00       0.141185E-05   0.177868E-07
    1465.00       0.144421E-05   0.183344E-07
    1470.00       0.147716E-05   0.188980E-07
    1475.00       0.151070E-05   0.194780E-07
    1480.00       0.154485E-05   0.200751E-07
    1485.00       0.157962E-05   0.206897E-07
    1490.00       0.161503E-05   0.213227E-07
    1495.00       0.165109E-05   0.219745E-07
    1500.00       0.168782E-05   0.226458E-07
    1505.00       0.172523E-05   0.233374E-07
    1510.00       0.176334E-05   0.240500E-07
    1515.00       0.180217E-05   0.247843E-07
    1520.00       0.184174E-05   0.255412E-07
    1525.00       0.188206E-05   0.263214E-07
    1530.00       0.192315E-05   0.271258E-07
    1535.00       0.196503E-05   0.279554E-07
    1540.00       0.200773E-05   0.288110E-07
    1545.00       0.205126E-05   0.296937E-07
    1550.00       0.209564E-05   0.306045E-07
    1555.00       0.214091E-05   0.315445E-07
    1560.00       0.218707E-05   0.325148E-07
    1565.00       0.223416E-05   0.335167E-07
    1570.00       0.228220E-05   0.345513E-07
    1575.00       0.233122E-05   0.356200E-07
    1580.00       0.238124E-05   0.367241E-07
    1585.00       0.243229E-05   0.378651E-07
    1590.00       0.248440E-05   0.390446E-07
    1595.00       0.253761E-05   0.402640E-07
    1600.00       0.259194E-05   0.415250E-07
    1605.00       0.264742E-05   0.428295E-07
    1610.00       0.270410E-05   0.441792E-07
    1615.00       0.276200E-05   0.455761E-07
    1620.00       0.282116E-05   0.470223E-07
    1625.00       0.288163E-05   0.485198E-07
    1630.00       0.294343E-05   0.500711E-07
    1635.00       0.300661E-05   0.516783E-07
    1640.00       0.307123E-05   0.533441E-07
    1645.00       0.313731E-05   0.550712E-07
    1650.00       0.320491E-05   0.568623E-07
    1655.00       0.327407E-05   0.587205E-07
    1660.00       0.334486E-05   0.606487E-07
    1665.00       0.341732E-05   0.626505E-07
    1670.00       0.349150E-05   0.647293E-07
    1675.00       0.356747E-05   0.668887E-07
    1680.00       0.364530E-05   0.691328E-07
    1685.00       0.372503E-05   0.714658E-07
    1690.00       0.380674E-05   0.738920E-07
    1695.00       0.389050E-05   0.764162E-07
    1700.00       0.397639E-05   0.790435E-07
    1705.00       0.406448E-05   0.817790E-07
    1710.00       0.415485E-05   0.846285E-07
    1715.00       0.424758E-05   0.875980E-07
    1720.00       0.434278E-05   0.906939E-07
    1725.00       0.444052E-05   0.939231E-07
    1730.00       0.454092E-05   0.972929E-07
    1735.00       0.464407E-05   0.100811E-06
    1740.00       0.475009E-05   0.104486E-06
    1745.00       0.485908E-05   0.108327E-06
    1750.00       0.497118E-05   0.112343E-06
    1755.00       0.508650E-05   0.116544E-06
    1760.00       0.520520E-05   0.120942E-06
    1765.00       0.532740E-05   0.125548E-06
    1770.00       0.545327E-05   0.130375E-06
    1775.00       0.558296E-05   0.135436E-06
    1780.00       0.571665E-05   0.140747E-06
    1785.00       0.585451E-05   0.146323E-06
    1790.00       0.599673E-05   0.152181E-06
    1795.00       0.614353E-05   0.158340E-06
    1800.00       0.629512E-05   0.164820E-06
    1805.00       0.645172E-05   0.171641E-06
    1810.00       0.661359E-05   0.178829E-06
    1815.00       0.678099E-05   0.186408E-06
    1820.00       0.695419E-05   0.194406E-06
    1825.00       0.713349E-05   0.202853E-06
    1830.00       0.731922E-05   0.211781E-06
    1835.00       0.751172E-05   0.221228E-06
    1840.00       0.771136E-05   0.231232E-06
    1845.00       0.791852E-05   0.241836E-06
    1850.00       0.813364E-05   0.253086E-06
    1855.00       0.835717E-05   0.265036E-06
    1860.00       0.858960E-05   0.277742E-06
    1865.00       0.883147E-05   0.291266E-06
    1870.00       0.908335E-05   0.305679E-06
    1875.00       0.934585E-05   0.321056E-06
    1880.00       0.961966E-05   0.337483E-06
    1885.00       0.990551E-05   0.355056E-06
    1890.00       0.102042E-04   0.373878E-06
    1895.00       0.105166E-04   0.394068E-06
    1900.00       0.108436E-04   0.415757E-06
    1905.00       0.111864E-04   0.439094E-06
    1910.00       0.115459E-04   0.464244E-06
    1915.00       0.119236E-04   0.491395E-06
    1920.00       0.123207E-04   0.520759E-06
    1925.00       0.127388E-04   0.552575E-06
    1930.00       0.131796E-04   0.587119E-06
    1935.00       0.136449E-04   0.624702E-06
    1940.00       0.141369E-04   0.665683E-06
    1945.00       0.146578E-04   0.710473E-06
    1950.00       0.152103E-04   0.759548E-06
    1955.00       0.157972E-04   0.813460E-06
    1960.00       0.164220E-04   0.872851E-06
    1965.00       0.170882E-04   0.938472E-06
    1970.00       0.178002E-04   0.101121E-05
    1975.00       0.185628E-04   0.109210E-05
    1980.00       0.193814E-04   0.118239E-05
    1985.00       0.202626E-04   0.128357E-05
    1990.00       0.212135E-04   0.139742E-05
    1995.00       0.222428E-04   0.152611E-05
    2000.00       0.233605E-04   0.167228E-05
    2005.00       0.245783E-04   0.183920E-05
    2010.00       0.259103E-04   0.203090E-05
    2015.00       0.273729E-04   0.225247E-05
    2020.00       0.289863E-04   0.251034E-05
    2025.00       0.307748E-04   0.281276E-05
    2030.00       0.327680E-04   0.317042E-05
    2035.00       0.350027E-04   0.359744E-05
    2040.00       0.375250E-04   0.411266E-05
    2045.00       0.403933E-04   0.474173E-05
    2050.00       0.436823E-04   0.552029E-05
    2055.00       0.474898E-04   0.649884E-05
    2060.00       0.519455E-04   0.775097E-05
    2065.00       0.572244E-04   0.938691E-05
    2070.00       0.635678E-04   0.115776E-04
    2075.00       0.713150E-04   0.145989E-04
    2080.00       0.809532E-04   0.189172E-04
    2085.00       0.931905E-04   0.253668E-04
    2090.00       0.109046E-03   0.355420E-04
    2095.00       0.129854E-03   0.527332E-04
    2100.00       0.156505E-03   0.842846E-04
    2105.00       0.184005E-03   0.147058E-03
    2110.00       0.173021E-03   0.267991E-03
    2115.00       0.152605E-04   0.381498E-03
    2120.00      -0.164778E-03   0.291323E-03
    2125.00      -0.191081E-03   0.163145E-03
    2130.00      -0.166424E-03   0.936620E-04
    2135.00      -0.139820E-03   0.586870E-04
    2140.00      -0.118649E-03   0.397074E-04
    2145.00      -0.102450E-03   0.285082E-04
    2150.00      -0.899464E-04   0.214192E-04
    2155.00      -0.801081E-04   0.166720E-04
    2160.00      -0.722105E-04   0.133462E-04
    2165.00      -0.657527E-04   0.109293E-04
    2170.00      -0.603854E-04   0.911917E-05
    2175.00      -0.558602E-04   0.772892E-05
    2180.00      -0.519972E-04   0.663818E-05
    2185.00      -0.486633E-04   0.576671E-05
