    1100.00       0.177833E-06   0.655677E-08
    1105.00       0.202790E-06   0.750691E-08
    1110.00       0.227349E-06   0.844992E-08
    1115.00       0.251744E-06   0.939439E-08
    1120.00       0.276125E-06   0.103461E-07
    1125.00       0.300600E-06   0.113090E-07
    1130.00       0.325243E-06   0.122861E-07
    1135.00       0.350109E-06   0.132798E-07
    1140.00       0.375243E-06   0.142919E-07
    1145.00       0.400678E-06   0.153238E-07
    1150.00       0.426439E-06   0.163768E-07
    1155.00       0.452549E-06   0.174521E-07
    1160.00       0.479025E-06   0.185507E-07
    1165.00       0.505883E-06   0.196733E-07
    1170.00       0.533136E-06   0.208208E-07
    1175.00       0.560794E-06   0.219940E-07
    1180.00       0.588868E-06   0.231935E-07
    1185.00       0.617365E-06   0.244201E-07
    1190.00       0.646295E-06   0.256744E-07
    1195.00       0.675663E-06   0.269570E-07
    1200.00       0.705478E-06   0.282687E-07
    1205.00       0.735744E-06   0.296100E-07
    1210.00       0.766469E-06   0.309815E-07
    1215.00       0.797657E-06   0.323839E-07
    1220.00       0.829314E-06   0.338179E-07
    1225.00       0.861446E-06   0.352840E-07
    1230.00       0.894058E-06   0.367829E-07
    1235.00       0.927155E-06   0.383153E-07
    1240.00       0.960742E-06   0.398818E-07
    1245.00       0.994825E-06   0.414831E-07
    1250.00       0.102941E-05   0.431199E-07
    1255.00       0.106450E-05   0.447929E-07
    1260.00       0.110010E-05   0.465028E-07
    1265.00       0.113621E-05   0.482504E-07
    1270.00       0.117285E-05   0.500364E-07
    1275.00       0.121002E-05   0.518616E-07
    1280.00       0.124772E-05   0.537268E-07
    1285.00       0.128596E-05   0.556328E-07
    1290.00       0.132474E-05   0.575803E-07
    1295.00       0.136407E-05   0.595704E-07
    1300.00       0.140396E-05   0.616037E-07
    1305.00       0.144441E-05   0.636813E-07
    1310.00       0.148543E-05   0.658041E-07
    1315.00       0.152703E-05   0.679729E-07
    1320.00       0.156921E-05   0.701888E-07
    1325.00       0.161198E-05   0.724528E-07
    1330.00       0.165535E-05   0.747658E-07
    1335.00       0.169932E-05   0.771290E-07
    1340.00       0.174389E-05   0.795434E-07
    1345.00       0.178909E-05   0.820101E-07
    1350.00       0.183492E-05   0.845302E-07
    1355.00       0.188137E-05   0.871050E-07
    1360.00       0.192847E-05   0.897356E-07
    1365.00       0.197622E-05   0.924232E-07
    1370.00       0.202463E-05   0.951692E-07
    1375.00       0.207371E-05   0.979748E-07
    1380.00       0.212346E-05   0.100841E-06
    1385.00       0.217390E-05   0.103770E-06
    1390.00       0.222503E-05   0.106763E-06
    1395.00       0.227687E-05   0.109821E-06
    1400.00       0.232942E-05   0.112946E-06
    1405.00       0.238269E-05   0.116139E-06
    1410.00       0.243670E-05   0.119401E-06
    1415.00       0.249146E-05   0.122736E-06
    1420.00       0.254697E-05   0.126143E-06
    1425.00       0.260324E-05   0.129626E-06
    1430.00       0.266030E-05   0.133185E-06
    1435.00       0.271814E-05   0.136823E-06
    1440.00       0.277679E-05   0.140541E-06
    1445.00       0.283625E-05   0.144342E-06
    1450.00       0.289653E-05   0.148227E-06
    1455.00       0.295766E-05   0.152198E-06
    1460.00       0.301964E-05   0.156258E-06
    1465.00       0.308248E-05   0.160409E-06
    1470.00       0.314620E-05   0.164653E-06
    1475.00       0.321081E-05   0.168992E-06
    1480.00       0.327633E-05   0.173429E-06
    1485.00       0.334278E-05   0.177967E-06
    1490.00       0.341016E-05   0.182607E-06
    1495.00       0.347849E-05   0.187352E-06
    1500.00       0.354780E-05   0.192206E-06
    1505.00       0.361808E-05   0.197171E-06
    1510.00       0.368937E-05   0.202250E-06
    1515.00       0.376168E-05   0.207445E-06
    1520.00       0.383502E-05   0.212760E-06
    1525.00       0.390942E-05   0.218199E-06
    1530.00       0.398489E-05   0.223763E-06
    1535.00       0.406145E-05   0.229458E-06
    1540.00       0.413912E-05   0.235286E-06
    1545.00       0.421792E-05   0.241250E-06
    1550.00       0.429788E-05   0.247356E-06
    1555.00       0.437900E-05   0.253605E-06
    1560.00       0.446132E-05   0.260003E-06
    1565.00       0.454485E-05   0.266554E-06
    1570.00       0.462962E-05   0.273261E-06
    1575.00       0.471565E-05   0.280129E-06
    1580.00       0.480296E-05   0.287164E-06
    1585.00       0.489158E-05   0.294368E-06
    1590.00       0.498154E-05   0.301748E-06
    1595.00       0.507285E-05   0.309308E-06
    1600.00       0.516555E-05   0.317054E-06
    1605.00       0.525966E-05   0.324991E-06
    1610.00       0.535521E-05   0.333124E-06
    1615.00       0.545223E-05   0.341459E-06
    1620.00       0.555074E-05   0.350003E-06
    1625.00       0.565079E-05   0.358761E-06
    1630.00       0.575239E-05   0.367740E-06
    1635.00       0.585559E-05   0.376947E-06
    1640.00       0.596040E-05   0.386388E-06
    1645.00       0.606688E-05   0.396071E-06
    1650.00       0.617504E-05   0.406003E-06
    1655.00       0.628493E-05   0.416192E-06
    1660.00       0.639659E-05   0.426645E-06
    1665.00       0.651004E-05   0.437372E-06
    1670.00       0.662534E-05   0.448380E-06
    1675.00       0.674251E-05   0.459680E-06
    1680.00       0.686161E-05   0.471279E-06
    1685.00       0.698267E-05   0.483187E-06
    1690.00       0.710573E-05   0.495416E-06
    1695.00       0.723084E-05   0.507974E-06
    1700.00       0.735806E-05   0.520874E-06
    1705.00       0.748741E-05   0.534126E-06
    1710.00       0.761896E-05   0.547742E-06
    1715.00       0.775275E-05   0.561734E-06
    1720.00       0.788884E-05   0.576115E-06
    1725.00       0.802728E-05   0.590898E-06
    1730.00       0.816812E-05   0.606098E-06
    1735.00       0.831143E-05   0.621727E-06
    1740.00       0.845726E-05   0.637803E-06
    1745.00       0.860566E-05   0.654339E-06
    1750.00       0.875672E-05   0.671353E-06
    1755.00       0.891048E-05   0.688861E-06
    1760.00       0.906702E-05   0.706881E-06
    1765.00       0.922640E-05   0.725432E-06
    1770.00       0.938871E-05   0.744533E-06
    1775.00       0.955400E-05   0.764204E-06
    1780.00       0.972236E-05   0.784466E-06
    1785.00       0.989387E-05   0.805342E-06
    1790.00       0.100686E-04   0.826854E-06
    1795.00       0.102467E-04   0.849027E-06
    1800.00       0.104281E-04   0.871886E-06
    1805.00       0.106131E-04   0.895458E-06
    1810.00       0.108016E-04   0.919769E-06
    1815.00       0.109938E-04   0.944850E-06
    1820.00       0.111898E-04   0.970730E-06
    1825.00       0.113897E-04   0.997442E-06
    1830.00       0.115936E-04   0.102502E-05
    1835.00       0.118016E-04   0.105350E-05
    1840.00       0.120138E-04   0.108291E-05
    1845.00       0.122304E-04   0.111330E-05
    1850.00       0.124515E-04   0.114471E-05
    1855.00       0.126771E-04   0.117717E-05
    1860.00       0.129076E-04   0.121074E-05
    1865.00       0.131428E-04   0.124547E-05
    1870.00       0.133832E-04   0.128139E-05
    1875.00       0.136287E-04   0.131857E-05
    1880.00       0.138795E-04   0.135706E-05
    1885.00       0.141359E-04   0.139692E-05
    1890.00       0.143979E-04   0.143820E-05
    1895.00       0.146658E-04   0.148098E-05
    1900.00       0.149398E-04   0.152533E-05
    1905.00       0.152200E-04   0.157131E-05
    1910.00       0.155066E-04   0.161900E-05
    1915.00       0.157999E-04   0.166849E-05
    1920.00       0.161001E-04   0.171986E-05
    1925.00       0.164074E-04   0.177320E-05
    1930.00       0.167220E-04   0.182861E-05
    1935.00       0.170443E-04   0.188619E-05
    1940.00       0.173744E-04   0.194605E-05
    1945.00       0.177127E-04   0.200830E-05
    1950.00       0.180595E-04   0.207306E-05
    1955.00       0.184149E-04   0.214048E-05
    1960.00       0.187795E-04   0.221068E-05
    1965.00       0.191534E-04   0.228381E-05
    1970.00       0.195371E-04   0.236004E-05
    1975.00       0.199308E-04   0.243952E-05
    1980.00       0.203351E-04   0.252244E-05
    1985.00       0.207503E-04   0.260899E-05
    1990.00       0.211768E-04   0.269937E-05
    1995.00       0.216151E-04   0.279381E-05
    2000.00       0.220657E-04   0.289253E-05
    2005.00       0.225289E-04   0.299579E-05
    2010.00       0.230055E-04   0.310386E-05
    2015.00       0.234958E-04   0.321702E-05
    2020.00       0.240006E-04   0.333559E-05
    2025.00       0.245203E-04   0.345990E-05
    2030.00       0.250558E-04   0.359031E-05
    2035.00       0.256075E-04   0.372721E-05
    2040.00       0.261763E-04   0.387102E-05
    2045.00       0.267630E-04   0.402219E-05
    2050.00       0.273682E-04   0.418121E-05
    2055.00       0.279930E-04   0.434861E-05
    2060.00       0.286382E-04   0.452497E-05
    2065.00       0.293047E-04   0.471089E-05
    2070.00       0.299937E-04   0.490707E-05
    2075.00       0.307061E-04   0.511424E-05
    2080.00       0.314432E-04   0.533320E-05
    2085.00       0.322061E-04   0.556483E-05
    2090.00       0.329962E-04   0.581008E-05
    2095.00       0.338150E-04   0.606999E-05
    2100.00       0.346638E-04   0.634572E-05
    2105.00       0.355442E-04   0.663851E-05
    2110.00       0.364580E-04   0.694975E-05
    2115.00       0.374071E-04   0.728096E-05
    2120.00       0.383932E-04   0.763382E-05
    2125.00       0.394185E-04   0.801017E-05
    2130.00       0.404852E-04   0.841207E-05
    2135.00       0.415957E-04   0.884177E-05
    2140.00       0.427526E-04   0.930181E-05
    2145.00       0.439585E-04   0.979498E-05
    2150.00       0.452165E-04   0.103244E-04
    2155.00       0.465295E-04   0.108936E-04
    2160.00       0.479011E-04   0.115065E-04
    2165.00       0.493347E-04   0.121674E-04
    2170.00       0.508343E-04   0.128813E-04
    2175.00       0.524040E-04   0.136537E-04
    2180.00       0.540483E-04   0.144910E-04
    2185.00       0.557717E-04   0.154003E-04
