    1100.00       0.153334E-08   0.491381E-10
    1105.00       0.174668E-08   0.561397E-10
    1110.00       0.195613E-08   0.630573E-10
    1115.00       0.216371E-08   0.699550E-10
    1120.00       0.237071E-08   0.768752E-10
    1125.00       0.257803E-08   0.838472E-10
    1130.00       0.278632E-08   0.908924E-10
    1135.00       0.299605E-08   0.980268E-10
    1140.00       0.320757E-08   0.105263E-09
    1145.00       0.342116E-08   0.112611E-09
    1150.00       0.363703E-08   0.120078E-09
    1155.00       0.385534E-08   0.127672E-09
    1160.00       0.407624E-08   0.135398E-09
    1165.00       0.429984E-08   0.143261E-09
    1170.00       0.452624E-08   0.151265E-09
    1175.00       0.475550E-08   0.159415E-09
    1180.00       0.498770E-08   0.167714E-09
    1185.00       0.522288E-08   0.176165E-09
    1190.00       0.546111E-08   0.184771E-09
    1195.00       0.570241E-08   0.193535E-09
    1200.00       0.594684E-08   0.202460E-09
    1205.00       0.619441E-08   0.211548E-09
    1210.00       0.644517E-08   0.220803E-09
    1215.00       0.669914E-08   0.230225E-09
    1220.00       0.695633E-08   0.239819E-09
    1225.00       0.721679E-08   0.249586E-09
    1230.00       0.748052E-08   0.259530E-09
    1235.00       0.774755E-08   0.269651E-09
    1240.00       0.801791E-08   0.279953E-09
    1245.00       0.829160E-08   0.290438E-09
    1250.00       0.856865E-08   0.301109E-09
    1255.00       0.884909E-08   0.311967E-09
    1260.00       0.913292E-08   0.323017E-09
    1265.00       0.942017E-08   0.334259E-09
    1270.00       0.971086E-08   0.345697E-09
    1275.00       0.100050E-07   0.357333E-09
    1280.00       0.103026E-07   0.369170E-09
    1285.00       0.106037E-07   0.381211E-09
    1290.00       0.109084E-07   0.393459E-09
    1295.00       0.112165E-07   0.405915E-09
    1300.00       0.115283E-07   0.418583E-09
    1305.00       0.118436E-07   0.431467E-09
    1310.00       0.121625E-07   0.444568E-09
    1315.00       0.124850E-07   0.457890E-09
    1320.00       0.128112E-07   0.471436E-09
    1325.00       0.131410E-07   0.485210E-09
    1330.00       0.134746E-07   0.499213E-09
    1335.00       0.138118E-07   0.513451E-09
    1340.00       0.141528E-07   0.527925E-09
    1345.00       0.144976E-07   0.542640E-09
    1350.00       0.148462E-07   0.557598E-09
    1355.00       0.151986E-07   0.572804E-09
    1360.00       0.155548E-07   0.588261E-09
    1365.00       0.159150E-07   0.603973E-09
    1370.00       0.162790E-07   0.619944E-09
    1375.00       0.166470E-07   0.636176E-09
    1380.00       0.170190E-07   0.652676E-09
    1385.00       0.173949E-07   0.669445E-09
    1390.00       0.177749E-07   0.686489E-09
    1395.00       0.181590E-07   0.703812E-09
    1400.00       0.185471E-07   0.721417E-09
    1405.00       0.189394E-07   0.739310E-09
    1410.00       0.193359E-07   0.757495E-09
    1415.00       0.197366E-07   0.775976E-09
    1420.00       0.201415E-07   0.794758E-09
    1425.00       0.205507E-07   0.813846E-09
    1430.00       0.209642E-07   0.833244E-09
    1435.00       0.213821E-07   0.852958E-09
    1440.00       0.218044E-07   0.872993E-09
    1445.00       0.222311E-07   0.893354E-09
    1450.00       0.226623E-07   0.914045E-09
    1455.00       0.230980E-07   0.935073E-09
    1460.00       0.235383E-07   0.956443E-09
    1465.00       0.239832E-07   0.978161E-09
    1470.00       0.244327E-07   0.100023E-08
    1475.00       0.248869E-07   0.102266E-08
    1480.00       0.253459E-07   0.104546E-08
    1485.00       0.258097E-07   0.106862E-08
    1490.00       0.262783E-07   0.109217E-08
    1495.00       0.267518E-07   0.111610E-08
    1500.00       0.272303E-07   0.114042E-08
    1505.00       0.277137E-07   0.116513E-08
    1510.00       0.282022E-07   0.119025E-08
    1515.00       0.286957E-07   0.121578E-08
    1520.00       0.291945E-07   0.124173E-08
    1525.00       0.296984E-07   0.126810E-08
    1530.00       0.302076E-07   0.129491E-08
    1535.00       0.307221E-07   0.132215E-08
    1540.00       0.312419E-07   0.134985E-08
    1545.00       0.317673E-07   0.137800E-08
    1550.00       0.322981E-07   0.140661E-08
    1555.00       0.328344E-07   0.143570E-08
    1560.00       0.333764E-07   0.146526E-08
    1565.00       0.339241E-07   0.149532E-08
    1570.00       0.344775E-07   0.152587E-08
    1575.00       0.350367E-07   0.155693E-08
    1580.00       0.356018E-07   0.158851E-08
    1585.00       0.361728E-07   0.162061E-08
    1590.00       0.367499E-07   0.165325E-08
    1595.00       0.373330E-07   0.168643E-08
    1600.00       0.379223E-07   0.172017E-08
    1605.00       0.385179E-07   0.175447E-08
    1610.00       0.391197E-07   0.178935E-08
    1615.00       0.397279E-07   0.182482E-08
    1620.00       0.403426E-07   0.186088E-08
    1625.00       0.409638E-07   0.189755E-08
    1630.00       0.415917E-07   0.193484E-08
    1635.00       0.422262E-07   0.197277E-08
    1640.00       0.428675E-07   0.201134E-08
    1645.00       0.435157E-07   0.205056E-08
    1650.00       0.441709E-07   0.209046E-08
    1655.00       0.448331E-07   0.213103E-08
    1660.00       0.455024E-07   0.217230E-08
    1665.00       0.461789E-07   0.221428E-08
    1670.00       0.468628E-07   0.225699E-08
    1675.00       0.475540E-07   0.230043E-08
    1680.00       0.482528E-07   0.234462E-08
    1685.00       0.489592E-07   0.238957E-08
    1690.00       0.496732E-07   0.243531E-08
    1695.00       0.503951E-07   0.248185E-08
    1700.00       0.511249E-07   0.252920E-08
    1705.00       0.518627E-07   0.257737E-08
    1710.00       0.526086E-07   0.262640E-08
    1715.00       0.533627E-07   0.267628E-08
    1720.00       0.541252E-07   0.272705E-08
    1725.00       0.548961E-07   0.277872E-08
    1730.00       0.556756E-07   0.283130E-08
    1735.00       0.564638E-07   0.288482E-08
    1740.00       0.572607E-07   0.293929E-08
    1745.00       0.580666E-07   0.299474E-08
    1750.00       0.588816E-07   0.305118E-08
    1755.00       0.597057E-07   0.310864E-08
    1760.00       0.605392E-07   0.316714E-08
    1765.00       0.613821E-07   0.322670E-08
    1770.00       0.622346E-07   0.328734E-08
    1775.00       0.630967E-07   0.334908E-08
    1780.00       0.639688E-07   0.341195E-08
    1785.00       0.648508E-07   0.347598E-08
    1790.00       0.657430E-07   0.354118E-08
    1795.00       0.666454E-07   0.360759E-08
    1800.00       0.675583E-07   0.367523E-08
    1805.00       0.684818E-07   0.374412E-08
    1810.00       0.694160E-07   0.381430E-08
    1815.00       0.703612E-07   0.388579E-08
    1820.00       0.713174E-07   0.395862E-08
    1825.00       0.722849E-07   0.403283E-08
    1830.00       0.732638E-07   0.410844E-08
    1835.00       0.742543E-07   0.418548E-08
    1840.00       0.752565E-07   0.426398E-08
    1845.00       0.762707E-07   0.434399E-08
    1850.00       0.772970E-07   0.442553E-08
    1855.00       0.783357E-07   0.450864E-08
    1860.00       0.793868E-07   0.459335E-08
    1865.00       0.804507E-07   0.467971E-08
    1870.00       0.815275E-07   0.476775E-08
    1875.00       0.826174E-07   0.485750E-08
    1880.00       0.837206E-07   0.494902E-08
    1885.00       0.848374E-07   0.504233E-08
    1890.00       0.859680E-07   0.513750E-08
    1895.00       0.871125E-07   0.523455E-08
    1900.00       0.882713E-07   0.533353E-08
    1905.00       0.894445E-07   0.543449E-08
    1910.00       0.906324E-07   0.553748E-08
    1915.00       0.918352E-07   0.564255E-08
    1920.00       0.930532E-07   0.574974E-08
    1925.00       0.942867E-07   0.585912E-08
    1930.00       0.955358E-07   0.597072E-08
    1935.00       0.968010E-07   0.608462E-08
    1940.00       0.980823E-07   0.620086E-08
    1945.00       0.993802E-07   0.631951E-08
    1950.00       0.100695E-06   0.644062E-08
    1955.00       0.102027E-06   0.656426E-08
    1960.00       0.103376E-06   0.669049E-08
    1965.00       0.104743E-06   0.681938E-08
    1970.00       0.106128E-06   0.695100E-08
    1975.00       0.107531E-06   0.708542E-08
    1980.00       0.108953E-06   0.722270E-08
    1985.00       0.110394E-06   0.736293E-08
    1990.00       0.111854E-06   0.750618E-08
    1995.00       0.113334E-06   0.765254E-08
    2000.00       0.114834E-06   0.780208E-08
    2005.00       0.116355E-06   0.795489E-08
    2010.00       0.117896E-06   0.811106E-08
    2015.00       0.119459E-06   0.827068E-08
    2020.00       0.121043E-06   0.843384E-08
    2025.00       0.122649E-06   0.860064E-08
    2030.00       0.124278E-06   0.877119E-08
    2035.00       0.125930E-06   0.894557E-08
    2040.00       0.127604E-06   0.912391E-08
    2045.00       0.129303E-06   0.930631E-08
    2050.00       0.131026E-06   0.949289E-08
    2055.00       0.132774E-06   0.968376E-08
    2060.00       0.134546E-06   0.987905E-08
    2065.00       0.136345E-06   0.100789E-07
    2070.00       0.138169E-06   0.102834E-07
    2075.00       0.140021E-06   0.104927E-07
    2080.00       0.141900E-06   0.107070E-07
    2085.00       0.143806E-06   0.109263E-07
    2090.00       0.145741E-06   0.111510E-07
    2095.00       0.147705E-06   0.113810E-07
    2100.00       0.149699E-06   0.116166E-07
    2105.00       0.151723E-06   0.118579E-07
    2110.00       0.153777E-06   0.121052E-07
    2115.00       0.155864E-06   0.123585E-07
    2120.00       0.157982E-06   0.126181E-07
    2125.00       0.160134E-06   0.128842E-07
    2130.00       0.162319E-06   0.131570E-07
    2135.00       0.164538E-06   0.134366E-07
    2140.00       0.166793E-06   0.137234E-07
    2145.00       0.169083E-06   0.140175E-07
    2150.00       0.171411E-06   0.143191E-07
    2155.00       0.173775E-06   0.146286E-07
    2160.00       0.176178E-06   0.149461E-07
    2165.00       0.178621E-06   0.152720E-07
    2170.00       0.181104E-06   0.156065E-07
    2175.00       0.183627E-06   0.159499E-07
    2180.00       0.186193E-06   0.163024E-07
    2185.00       0.188802E-06   0.166645E-07
