    1100.00      -0.825539E-02   0.142637E-02
    1105.00      -0.875118E-02   0.158350E-02
    1110.00      -0.906972E-02   0.172859E-02
    1115.00      -0.922404E-02   0.186412E-02
    1120.00      -0.922143E-02   0.199180E-02
    1125.00      -0.906579E-02   0.211291E-02
    1130.00      -0.875885E-02   0.222842E-02
    1135.00      -0.830096E-02   0.233916E-02
    1140.00      -0.769145E-02   0.244584E-02
    1145.00      -0.692901E-02   0.254907E-02
    1150.00      -0.601178E-02   0.264944E-02
    1155.00      -0.493756E-02   0.274751E-02
    1160.00      -0.370387E-02   0.284381E-02
    1165.00      -0.230801E-02   0.293887E-02
    1170.00      -0.747136E-03   0.303321E-02
    1175.00       0.981751E-03   0.312737E-02
    1180.00       0.288173E-02   0.322190E-02
    1185.00       0.495597E-02   0.331734E-02
    1190.00       0.720771E-02   0.341426E-02
    1195.00       0.964022E-02   0.351325E-02
    1200.00       0.122568E-01   0.361490E-02
    1205.00       0.150609E-01   0.371985E-02
    1210.00       0.180559E-01   0.382872E-02
    1215.00       0.212451E-01   0.394218E-02
    1220.00       0.246320E-01   0.406092E-02
    1225.00       0.282202E-01   0.418564E-02
    1230.00       0.320130E-01   0.431708E-02
    1235.00       0.360140E-01   0.445600E-02
    1240.00       0.402266E-01   0.460316E-02
    1245.00       0.446545E-01   0.475940E-02
    1250.00       0.493012E-01   0.492553E-02
    1255.00       0.541702E-01   0.510242E-02
    1260.00       0.592651E-01   0.529095E-02
    1265.00       0.645895E-01   0.549206E-02
    1270.00       0.701470E-01   0.570667E-02
    1275.00       0.759413E-01   0.593578E-02
    1280.00       0.819759E-01   0.618037E-02
    1285.00       0.882546E-01   0.644149E-02
    1290.00       0.947809E-01   0.672021E-02
    1295.00       0.101559       0.701762E-02
    1300.00       0.108592       0.733486E-02
    1305.00       0.115883       0.767308E-02
    1310.00       0.123437       0.803349E-02
    1315.00       0.131258       0.841732E-02
    1320.00       0.139349       0.882583E-02
    1325.00       0.147714       0.926032E-02
    1330.00       0.156356       0.972213E-02
    1335.00       0.165280       0.102126E-01
    1340.00       0.174490       0.107332E-01
    1345.00       0.183989       0.112854E-01
    1350.00       0.193781       0.118706E-01
    1355.00       0.203870       0.124904E-01
    1360.00       0.214261       0.131464E-01
    1365.00       0.224957       0.138401E-01
    1370.00       0.235963       0.145732E-01
    1375.00       0.247282       0.153474E-01
    1380.00       0.258918       0.161644E-01
    1385.00       0.270875       0.170261E-01
    1390.00       0.283159       0.179342E-01
    1395.00       0.295772       0.188907E-01
    1400.00       0.308719       0.198974E-01
    1405.00       0.322005       0.209564E-01
    1410.00       0.335633       0.220696E-01
    1415.00       0.349608       0.232392E-01
    1420.00       0.363934       0.244672E-01
    1425.00       0.378616       0.257558E-01
    1430.00       0.393657       0.271073E-01
    1435.00       0.409064       0.285239E-01
    1440.00       0.424838       0.300080E-01
    1445.00       0.440987       0.315621E-01
    1450.00       0.457513       0.331884E-01
    1455.00       0.474421       0.348896E-01
    1460.00       0.491717       0.366683E-01
    1465.00       0.509404       0.385270E-01
    1470.00       0.527487       0.404685E-01
    1475.00       0.545972       0.424956E-01
    1480.00       0.564863       0.446110E-01
    1485.00       0.584164       0.468177E-01
    1490.00       0.603880       0.491187E-01
    1495.00       0.624017       0.515169E-01
    1500.00       0.644579       0.540155E-01
    1505.00       0.665571       0.566177E-01
    1510.00       0.686998       0.593268E-01
    1515.00       0.708866       0.621460E-01
    1520.00       0.731178       0.650788E-01
    1525.00       0.753941       0.681287E-01
    1530.00       0.777160       0.712992E-01
    1535.00       0.800839       0.745940E-01
    1540.00       0.824983       0.780169E-01
    1545.00       0.849599       0.815716E-01
    1550.00       0.874691       0.852621E-01
    1555.00       0.900265       0.890924E-01
    1560.00       0.926326       0.930665E-01
    1565.00       0.952880       0.971888E-01
    1570.00       0.979931       0.101463    
    1575.00        1.00749       0.105895    
    1580.00        1.03555       0.110487    
    1585.00        1.06413       0.115245    
    1590.00        1.09323       0.120174    
    1595.00        1.12285       0.125278    
    1600.00        1.15301       0.130563    
    1605.00        1.18370       0.136032    
    1610.00        1.21494       0.141692    
    1615.00        1.24672       0.147547    
    1620.00        1.27906       0.153603    
    1625.00        1.31196       0.159866    
    1630.00        1.34543       0.166340    
    1635.00        1.37947       0.173032    
    1640.00        1.41408       0.179948    
    1645.00        1.44928       0.187093    
    1650.00        1.48508       0.194474    
    1655.00        1.52146       0.202096    
    1660.00        1.55846       0.209967    
    1665.00        1.59606       0.218093    
    1670.00        1.63427       0.226480    
    1675.00        1.67311       0.235135    
    1680.00        1.71257       0.244066    
    1685.00        1.75267       0.253278    
    1690.00        1.79340       0.262781    
    1695.00        1.83479       0.272580    
    1700.00        1.87682       0.282684    
    1705.00        1.91952       0.293100    
    1710.00        1.96288       0.303836    
    1715.00        2.00691       0.314901    
    1720.00        2.05162       0.326302    
    1725.00        2.09702       0.338048    
    1730.00        2.14310       0.350148    
    1735.00        2.18989       0.362610    
    1740.00        2.23738       0.375443    
    1745.00        2.28558       0.388657    
    1750.00        2.33449       0.402261    
    1755.00        2.38413       0.416265    
    1760.00        2.43450       0.430678    
    1765.00        2.48561       0.445510    
    1770.00        2.53746       0.460771    
    1775.00        2.59006       0.476473    
    1780.00        2.64342       0.492624    
    1785.00        2.69754       0.509237    
    1790.00        2.75243       0.526323    
    1795.00        2.80809       0.543892    
    1800.00        2.86454       0.561956    
    1805.00        2.92178       0.580527    
    1810.00        2.97981       0.599617    
    1815.00        3.03864       0.619238    
    1820.00        3.09828       0.639403    
    1825.00        3.15874       0.660124    
    1830.00        3.22001       0.681415    
    1835.00        3.28212       0.703288    
    1840.00        3.34505       0.725758    
    1845.00        3.40883       0.748837    
    1850.00        3.47345       0.772541    
    1855.00        3.53892       0.796883    
    1860.00        3.60525       0.821879    
    1865.00        3.67244       0.847543    
    1870.00        3.74050       0.873889    
    1875.00        3.80944       0.900935    
    1880.00        3.87925       0.928696    
    1885.00        3.94996       0.957187    
    1890.00        4.02155       0.986426    
    1895.00        4.09404        1.01643    
    1900.00        4.16743        1.04721    
    1905.00        4.24173        1.07880    
    1910.00        4.31695        1.11119    
    1915.00        4.39307        1.14443    
    1920.00        4.47012        1.17851    
    1925.00        4.54810        1.21347    
    1930.00        4.62701        1.24932    
    1935.00        4.70685        1.28608    
    1940.00        4.78763        1.32377    
    1945.00        4.86935        1.36241    
    1950.00        4.95202        1.40202    
    1955.00        5.03564        1.44262    
    1960.00        5.12021        1.48423    
    1965.00        5.20574        1.52688    
    1970.00        5.29223        1.57059    
    1975.00        5.37968        1.61538    
    1980.00        5.46809        1.66126    
    1985.00        5.55747        1.70827    
    1990.00        5.64782        1.75644    
    1995.00        5.73913        1.80577    
    2000.00        5.83141        1.85630    
    2005.00        5.92467        1.90805    
    2010.00        6.01890        1.96105    
    2015.00        6.11410        2.01533    
    2020.00        6.21026        2.07090    
    2025.00        6.30740        2.12779    
    2030.00        6.40551        2.18604    
    2035.00        6.50459        2.24567    
    2040.00        6.60464        2.30671    
    2045.00        6.70564        2.36918    
    2050.00        6.80761        2.43311    
    2055.00        6.91054        2.49854    
    2060.00        7.01443        2.56549    
    2065.00        7.11926        2.63398    
    2070.00        7.22504        2.70407    
    2075.00        7.33176        2.77576    
    2080.00        7.43941        2.84910    
    2085.00        7.54800        2.92411    
    2090.00        7.65750        3.00082    
    2095.00        7.76792        3.07928    
    2100.00        7.87925        3.15951    
    2105.00        7.99147        3.24154    
    2110.00        8.10458        3.32540    
    2115.00        8.21856        3.41114    
    2120.00        8.33342        3.49879    
    2125.00        8.44912        3.58837    
    2130.00        8.56567        3.67993    
    2135.00        8.68305        3.77350    
    2140.00        8.80124        3.86911    
    2145.00        8.92023        3.96680    
    2150.00        9.04001        4.06661    
    2155.00        9.16055        4.16857    
    2160.00        9.28185        4.27272    
    2165.00        9.40387        4.37910    
    2170.00        9.52661        4.48774    
    2175.00        9.65004        4.59869    
    2180.00        9.77413        4.71197    
    2185.00        9.89888        4.82763    
