    1100.00       0.239692E-03   0.115542E-05
    1105.00       0.274119E-03   0.133047E-05
    1110.00       0.308212E-03   0.150633E-05
    1115.00       0.342288E-03   0.168457E-05
    1120.00       0.376559E-03   0.186628E-05
    1125.00       0.411170E-03   0.205226E-05
    1130.00       0.446233E-03   0.224317E-05
    1135.00       0.481831E-03   0.243954E-05
    1140.00       0.518031E-03   0.264181E-05
    1145.00       0.554887E-03   0.285041E-05
    1150.00       0.592446E-03   0.306572E-05
    1155.00       0.630749E-03   0.328809E-05
    1160.00       0.669830E-03   0.351787E-05
    1165.00       0.709722E-03   0.375538E-05
    1170.00       0.750454E-03   0.400098E-05
    1175.00       0.792055E-03   0.425499E-05
    1180.00       0.834551E-03   0.451775E-05
    1185.00       0.877967E-03   0.478961E-05
    1190.00       0.922329E-03   0.507091E-05
    1195.00       0.967662E-03   0.536201E-05
    1200.00       0.101399E-02   0.566329E-05
    1205.00       0.106134E-02   0.597512E-05
    1210.00       0.110973E-02   0.629791E-05
    1215.00       0.115918E-02   0.663206E-05
    1220.00       0.120974E-02   0.697799E-05
    1225.00       0.126141E-02   0.733615E-05
    1230.00       0.131423E-02   0.770701E-05
    1235.00       0.136823E-02   0.809104E-05
    1240.00       0.142342E-02   0.848873E-05
    1245.00       0.147985E-02   0.890063E-05
    1250.00       0.153754E-02   0.932726E-05
    1255.00       0.159651E-02   0.976920E-05
    1260.00       0.165681E-02   0.102271E-04
    1265.00       0.171846E-02   0.107014E-04
    1270.00       0.178150E-02   0.111930E-04
    1275.00       0.184597E-02   0.117024E-04
    1280.00       0.191189E-02   0.122305E-04
    1285.00       0.197931E-02   0.127779E-04
    1290.00       0.204826E-02   0.133454E-04
    1295.00       0.211879E-02   0.139338E-04
    1300.00       0.219094E-02   0.145441E-04
    1305.00       0.226475E-02   0.151772E-04
    1310.00       0.234026E-02   0.158340E-04
    1315.00       0.241753E-02   0.165154E-04
    1320.00       0.249660E-02   0.172227E-04
    1325.00       0.257752E-02   0.179569E-04
    1330.00       0.266035E-02   0.187192E-04
    1335.00       0.274514E-02   0.195107E-04
    1340.00       0.283195E-02   0.203330E-04
    1345.00       0.292084E-02   0.211872E-04
    1350.00       0.301186E-02   0.220750E-04
    1355.00       0.310510E-02   0.229977E-04
    1360.00       0.320061E-02   0.239571E-04
    1365.00       0.329846E-02   0.249548E-04
    1370.00       0.339873E-02   0.259927E-04
    1375.00       0.350150E-02   0.270727E-04
    1380.00       0.360685E-02   0.281969E-04
    1385.00       0.371486E-02   0.293673E-04
    1390.00       0.382561E-02   0.305863E-04
    1395.00       0.393922E-02   0.318563E-04
    1400.00       0.405576E-02   0.331799E-04
    1405.00       0.417534E-02   0.345597E-04
    1410.00       0.429807E-02   0.359988E-04
    1415.00       0.442406E-02   0.375001E-04
    1420.00       0.455343E-02   0.390669E-04
    1425.00       0.468629E-02   0.407029E-04
    1430.00       0.482279E-02   0.424116E-04
    1435.00       0.496305E-02   0.441970E-04
    1440.00       0.510722E-02   0.460635E-04
    1445.00       0.525544E-02   0.480154E-04
    1450.00       0.540788E-02   0.500577E-04
    1455.00       0.556470E-02   0.521955E-04
    1460.00       0.572608E-02   0.544344E-04
    1465.00       0.589221E-02   0.567803E-04
    1470.00       0.606327E-02   0.592395E-04
    1475.00       0.623948E-02   0.618189E-04
    1480.00       0.642105E-02   0.645258E-04
    1485.00       0.660822E-02   0.673682E-04
    1490.00       0.680123E-02   0.703545E-04
    1495.00       0.700034E-02   0.734940E-04
    1500.00       0.720583E-02   0.767964E-04
    1505.00       0.741798E-02   0.802724E-04
    1510.00       0.763711E-02   0.839337E-04
    1515.00       0.786355E-02   0.877927E-04
    1520.00       0.809765E-02   0.918629E-04
    1525.00       0.833979E-02   0.961591E-04
    1530.00       0.859036E-02   0.100697E-03
    1535.00       0.884979E-02   0.105495E-03
    1540.00       0.911854E-02   0.110570E-03
    1545.00       0.939709E-02   0.115945E-03
    1550.00       0.968598E-02   0.121641E-03
    1555.00       0.998575E-02   0.127683E-03
    1560.00       0.102970E-01   0.134098E-03
    1565.00       0.106204E-01   0.140916E-03
    1570.00       0.109567E-01   0.148170E-03
    1575.00       0.113065E-01   0.155895E-03
    1580.00       0.116707E-01   0.164131E-03
    1585.00       0.120503E-01   0.172923E-03
    1590.00       0.124460E-01   0.182318E-03
    1595.00       0.128591E-01   0.192370E-03
    1600.00       0.132905E-01   0.203140E-03
    1605.00       0.137415E-01   0.214695E-03
    1610.00       0.142135E-01   0.227108E-03
    1615.00       0.147078E-01   0.240464E-03
    1620.00       0.152262E-01   0.254857E-03
    1625.00       0.157703E-01   0.270392E-03
    1630.00       0.163421E-01   0.287189E-03
    1635.00       0.169436E-01   0.305383E-03
    1640.00       0.175773E-01   0.325127E-03
    1645.00       0.182458E-01   0.346596E-03
    1650.00       0.189518E-01   0.369990E-03
    1655.00       0.196987E-01   0.395539E-03
    1660.00       0.204900E-01   0.423505E-03
    1665.00       0.213297E-01   0.454194E-03
    1670.00       0.222224E-01   0.487960E-03
    1675.00       0.231732E-01   0.525217E-03
    1680.00       0.241878E-01   0.566446E-03
    1685.00       0.252728E-01   0.612219E-03
    1690.00       0.264358E-01   0.663209E-03
    1695.00       0.276853E-01   0.720218E-03
    1700.00       0.290313E-01   0.784207E-03
    1705.00       0.304853E-01   0.856336E-03
    1710.00       0.320607E-01   0.938012E-03
    1715.00       0.337732E-01   0.103096E-02
    1720.00       0.356415E-01   0.113729E-02
    1725.00       0.376876E-01   0.125967E-02
    1730.00       0.399380E-01   0.140142E-02
    1735.00       0.424247E-01   0.156675E-02
    1740.00       0.451867E-01   0.176113E-02
    1745.00       0.482720E-01   0.199162E-02
    1750.00       0.517408E-01   0.226761E-02
    1755.00       0.556687E-01   0.260170E-02
    1760.00       0.601528E-01   0.301114E-02
    1765.00       0.653195E-01   0.352003E-02
    1770.00       0.713365E-01   0.416290E-02
    1775.00       0.784311E-01   0.499053E-02
    1780.00       0.869191E-01   0.608007E-02
    1785.00       0.972521E-01   0.755329E-02
    1790.00       0.110099       0.961125E-02
    1795.00       0.126492       0.126051E-01
    1800.00       0.148108       0.171925E-01
    1805.00       0.177854       0.247211E-01
    1810.00       0.221190       0.383068E-01
    1815.00       0.289454       0.664814E-01
    1820.00       0.408611       0.139285    
    1825.00       0.620611       0.410082    
    1830.00       0.125615        1.34893    
    1835.00      -0.659407       0.496863    
    1840.00      -0.444617       0.161832    
    1845.00      -0.316450       0.759299E-01
    1850.00      -0.243846       0.436380E-01
    1855.00      -0.198256       0.282892E-01
    1860.00      -0.167215       0.198394E-01
    1865.00      -0.144793       0.147018E-01
    1870.00      -0.127868       0.113469E-01
    1875.00      -0.114651       0.903534E-02
    1880.00      -0.104052       0.737458E-02
    1885.00      -0.953648E-01   0.614078E-02
    1890.00      -0.881183E-01   0.519872E-02
    1895.00      -0.819826E-01   0.446279E-02
    1900.00      -0.767214E-01   0.387667E-02
    1905.00      -0.721609E-01   0.340209E-02
    1910.00      -0.681703E-01   0.301225E-02
    1915.00      -0.646495E-01   0.268798E-02
    1920.00      -0.615204E-01   0.241526E-02
    1925.00      -0.587214E-01   0.218362E-02
    1930.00      -0.562031E-01   0.198513E-02
    1935.00      -0.539253E-01   0.181369E-02
    1940.00      -0.518555E-01   0.166456E-02
    1945.00      -0.499665E-01   0.153399E-02
    1950.00      -0.482357E-01   0.141898E-02
    1955.00      -0.466442E-01   0.131713E-02
    1960.00      -0.451758E-01   0.122648E-02
    1965.00      -0.438170E-01   0.114543E-02
    1970.00      -0.425560E-01   0.107264E-02
    1975.00      -0.413827E-01   0.100701E-02
    1980.00      -0.402883E-01   0.947633E-03
    1985.00      -0.392652E-01   0.893712E-03
    1990.00      -0.383067E-01   0.844592E-03
    1995.00      -0.374069E-01   0.799711E-03
    2000.00      -0.365606E-01   0.758586E-03
    2005.00      -0.357633E-01   0.720803E-03
    2010.00      -0.350109E-01   0.686001E-03
    2015.00      -0.342997E-01   0.653870E-03
    2020.00      -0.336265E-01   0.624138E-03
    2025.00      -0.329884E-01   0.596567E-03
    2030.00      -0.323827E-01   0.570949E-03
    2035.00      -0.318070E-01   0.547100E-03
    2040.00      -0.312593E-01   0.524856E-03
    2045.00      -0.307375E-01   0.504074E-03
    2050.00      -0.302399E-01   0.484626E-03
    2055.00      -0.297649E-01   0.466398E-03
    2060.00      -0.293109E-01   0.449287E-03
    2065.00      -0.288768E-01   0.433201E-03
    2070.00      -0.284611E-01   0.418058E-03
    2075.00      -0.280629E-01   0.403784E-03
    2080.00      -0.276810E-01   0.390313E-03
    2085.00      -0.273144E-01   0.377583E-03
    2090.00      -0.269624E-01   0.365540E-03
    2095.00      -0.266240E-01   0.354134E-03
    2100.00      -0.262985E-01   0.343319E-03
    2105.00      -0.259853E-01   0.333054E-03
    2110.00      -0.256836E-01   0.323302E-03
    2115.00      -0.253929E-01   0.314028E-03
    2120.00      -0.251125E-01   0.305200E-03
    2125.00      -0.248420E-01   0.296790E-03
    2130.00      -0.245808E-01   0.288770E-03
    2135.00      -0.243285E-01   0.281116E-03
    2140.00      -0.240847E-01   0.273805E-03
    2145.00      -0.238490E-01   0.266817E-03
    2150.00      -0.236210E-01   0.260133E-03
    2155.00      -0.234002E-01   0.253733E-03
    2160.00      -0.231865E-01   0.247603E-03
    2165.00      -0.229795E-01   0.241726E-03
    2170.00      -0.227788E-01   0.236088E-03
    2175.00      -0.225843E-01   0.230676E-03
    2180.00      -0.223956E-01   0.225478E-03
    2185.00      -0.222125E-01   0.220482E-03
