    1100.00      -0.852269E-02   0.111060E-03
    1105.00      -0.967846E-02   0.126132E-03
    1110.00      -0.108054E-01   0.140832E-03
    1115.00      -0.119148E-01   0.155305E-03
    1120.00      -0.130139E-01   0.169648E-03
    1125.00      -0.141077E-01   0.183925E-03
    1130.00      -0.151996E-01   0.198180E-03
    1135.00      -0.162922E-01   0.212448E-03
    1140.00      -0.173872E-01   0.226751E-03
    1145.00      -0.184862E-01   0.241108E-03
    1150.00      -0.195900E-01   0.255533E-03
    1155.00      -0.206996E-01   0.270036E-03
    1160.00      -0.218155E-01   0.284626E-03
    1165.00      -0.229383E-01   0.299309E-03
    1170.00      -0.240681E-01   0.314089E-03
    1175.00      -0.252054E-01   0.328969E-03
    1180.00      -0.263503E-01   0.343954E-03
    1185.00      -0.275029E-01   0.359044E-03
    1190.00      -0.286634E-01   0.374241E-03
    1195.00      -0.298319E-01   0.389547E-03
    1200.00      -0.310082E-01   0.404961E-03
    1205.00      -0.321925E-01   0.420484E-03
    1210.00      -0.333848E-01   0.436117E-03
    1215.00      -0.345850E-01   0.451858E-03
    1220.00      -0.357931E-01   0.467708E-03
    1225.00      -0.370090E-01   0.483666E-03
    1230.00      -0.382327E-01   0.499732E-03
    1235.00      -0.394641E-01   0.515905E-03
    1240.00      -0.407032E-01   0.532184E-03
    1245.00      -0.419499E-01   0.548570E-03
    1250.00      -0.432041E-01   0.565060E-03
    1255.00      -0.444657E-01   0.581654E-03
    1260.00      -0.457347E-01   0.598352E-03
    1265.00      -0.470109E-01   0.615152E-03
    1270.00      -0.482944E-01   0.632054E-03
    1275.00      -0.495849E-01   0.649057E-03
    1280.00      -0.508825E-01   0.666160E-03
    1285.00      -0.521870E-01   0.683362E-03
    1290.00      -0.534984E-01   0.700662E-03
    1295.00      -0.548165E-01   0.718060E-03
    1300.00      -0.561414E-01   0.735555E-03
    1305.00      -0.574728E-01   0.753146E-03
    1310.00      -0.588108E-01   0.770832E-03
    1315.00      -0.601553E-01   0.788613E-03
    1320.00      -0.615061E-01   0.806488E-03
    1325.00      -0.628633E-01   0.824456E-03
    1330.00      -0.642267E-01   0.842516E-03
    1335.00      -0.655962E-01   0.860668E-03
    1340.00      -0.669718E-01   0.878912E-03
    1345.00      -0.683534E-01   0.897246E-03
    1350.00      -0.697410E-01   0.915670E-03
    1355.00      -0.711344E-01   0.934183E-03
    1360.00      -0.725336E-01   0.952786E-03
    1365.00      -0.739386E-01   0.971477E-03
    1370.00      -0.753492E-01   0.990256E-03
    1375.00      -0.767654E-01   0.100912E-02
    1380.00      -0.781872E-01   0.102808E-02
    1385.00      -0.796144E-01   0.104712E-02
    1390.00      -0.810470E-01   0.106624E-02
    1395.00      -0.824850E-01   0.108546E-02
    1400.00      -0.839283E-01   0.110475E-02
    1405.00      -0.853767E-01   0.112414E-02
    1410.00      -0.868304E-01   0.114360E-02
    1415.00      -0.882892E-01   0.116316E-02
    1420.00      -0.897530E-01   0.118280E-02
    1425.00      -0.912218E-01   0.120252E-02
    1430.00      -0.926956E-01   0.122232E-02
    1435.00      -0.941742E-01   0.124221E-02
    1440.00      -0.956577E-01   0.126219E-02
    1445.00      -0.971460E-01   0.128224E-02
    1450.00      -0.986390E-01   0.130239E-02
    1455.00      -0.100137       0.132261E-02
    1460.00      -0.101639       0.134292E-02
    1465.00      -0.103146       0.136331E-02
    1470.00      -0.104657       0.138378E-02
    1475.00      -0.106173       0.140434E-02
    1480.00      -0.107693       0.142498E-02
    1485.00      -0.109218       0.144571E-02
    1490.00      -0.110747       0.146652E-02
    1495.00      -0.112280       0.148741E-02
    1500.00      -0.113818       0.150839E-02
    1505.00      -0.115360       0.152945E-02
    1510.00      -0.116906       0.155059E-02
    1515.00      -0.118456       0.157182E-02
    1520.00      -0.120010       0.159314E-02
    1525.00      -0.121568       0.161454E-02
    1530.00      -0.123130       0.163602E-02
    1535.00      -0.124695       0.165760E-02
    1540.00      -0.126265       0.167925E-02
    1545.00      -0.127839       0.170100E-02
    1550.00      -0.129416       0.172283E-02
    1555.00      -0.130997       0.174475E-02
    1560.00      -0.132582       0.176675E-02
    1565.00      -0.134171       0.178885E-02
    1570.00      -0.135763       0.181103E-02
    1575.00      -0.137358       0.183331E-02
    1580.00      -0.138957       0.185567E-02
    1585.00      -0.140560       0.187813E-02
    1590.00      -0.142166       0.190067E-02
    1595.00      -0.143775       0.192331E-02
    1600.00      -0.145388       0.194605E-02
    1605.00      -0.147004       0.196887E-02
    1610.00      -0.148623       0.199179E-02
    1615.00      -0.150245       0.201481E-02
    1620.00      -0.151871       0.203792E-02
    1625.00      -0.153500       0.206114E-02
    1630.00      -0.155131       0.208444E-02
    1635.00      -0.156766       0.210785E-02
    1640.00      -0.158403       0.213136E-02
    1645.00      -0.160044       0.215498E-02
    1650.00      -0.161687       0.217869E-02
    1655.00      -0.163333       0.220251E-02
    1660.00      -0.164982       0.222644E-02
    1665.00      -0.166634       0.225047E-02
    1670.00      -0.168288       0.227461E-02
    1675.00      -0.169945       0.229886E-02
    1680.00      -0.171604       0.232322E-02
    1685.00      -0.173266       0.234770E-02
    1690.00      -0.174931       0.237228E-02
    1695.00      -0.176597       0.239699E-02
    1700.00      -0.178266       0.242181E-02
    1705.00      -0.179938       0.244676E-02
    1710.00      -0.181611       0.247182E-02
    1715.00      -0.183287       0.249701E-02
    1720.00      -0.184964       0.252233E-02
    1725.00      -0.186644       0.254777E-02
    1730.00      -0.188326       0.257335E-02
    1735.00      -0.190010       0.259906E-02
    1740.00      -0.191695       0.262490E-02
    1745.00      -0.193382       0.265088E-02
    1750.00      -0.195071       0.267700E-02
    1755.00      -0.196762       0.270326E-02
    1760.00      -0.198454       0.272967E-02
    1765.00      -0.200148       0.275623E-02
    1770.00      -0.201843       0.278294E-02
    1775.00      -0.203539       0.280981E-02
    1780.00      -0.205237       0.283683E-02
    1785.00      -0.206936       0.286402E-02
    1790.00      -0.208636       0.289137E-02
    1795.00      -0.210337       0.291889E-02
    1800.00      -0.212039       0.294658E-02
    1805.00      -0.213742       0.297445E-02
    1810.00      -0.215446       0.300250E-02
    1815.00      -0.217150       0.303074E-02
    1820.00      -0.218856       0.305917E-02
    1825.00      -0.220561       0.308779E-02
    1830.00      -0.222267       0.311661E-02
    1835.00      -0.223974       0.314563E-02
    1840.00      -0.225680       0.317487E-02
    1845.00      -0.227387       0.320432E-02
    1850.00      -0.229094       0.323399E-02
    1855.00      -0.230800       0.326388E-02
    1860.00      -0.232507       0.329401E-02
    1865.00      -0.234213       0.332438E-02
    1870.00      -0.235919       0.335500E-02
    1875.00      -0.237624       0.338587E-02
    1880.00      -0.239329       0.341700E-02
    1885.00      -0.241033       0.344839E-02
    1890.00      -0.242736       0.348007E-02
    1895.00      -0.244438       0.351202E-02
    1900.00      -0.246139       0.354427E-02
    1905.00      -0.247838       0.357682E-02
    1910.00      -0.249536       0.360968E-02
    1915.00      -0.251233       0.364286E-02
    1920.00      -0.252927       0.367637E-02
    1925.00      -0.254620       0.371023E-02
    1930.00      -0.256311       0.374443E-02
    1935.00      -0.257999       0.377900E-02
    1940.00      -0.259685       0.381394E-02
    1945.00      -0.261369       0.384927E-02
    1950.00      -0.263050       0.388500E-02
    1955.00      -0.264728       0.392115E-02
    1960.00      -0.266402       0.395773E-02
    1965.00      -0.268074       0.399475E-02
    1970.00      -0.269742       0.403223E-02
    1975.00      -0.271406       0.407018E-02
    1980.00      -0.273066       0.410863E-02
    1985.00      -0.274722       0.414759E-02
    1990.00      -0.276374       0.418708E-02
    1995.00      -0.278021       0.422712E-02
    2000.00      -0.279663       0.426773E-02
    2005.00      -0.281300       0.430893E-02
    2010.00      -0.282931       0.435075E-02
    2015.00      -0.284557       0.439321E-02
    2020.00      -0.286177       0.443632E-02
    2025.00      -0.287790       0.448013E-02
    2030.00      -0.289397       0.452465E-02
    2035.00      -0.290997       0.456992E-02
    2040.00      -0.292590       0.461597E-02
    2045.00      -0.294176       0.466282E-02
    2050.00      -0.295753       0.471051E-02
    2055.00      -0.297322       0.475908E-02
    2060.00      -0.298883       0.480856E-02
    2065.00      -0.300434       0.485900E-02
    2070.00      -0.301977       0.491043E-02
    2075.00      -0.303509       0.496289E-02
    2080.00      -0.305031       0.501644E-02
    2085.00      -0.306542       0.507112E-02
    2090.00      -0.308042       0.512697E-02
    2095.00      -0.309531       0.518406E-02
    2100.00      -0.311007       0.524245E-02
    2105.00      -0.312470       0.530218E-02
    2110.00      -0.313920       0.536333E-02
    2115.00      -0.315357       0.542595E-02
    2120.00      -0.316778       0.549013E-02
    2125.00      -0.318185       0.555593E-02
    2130.00      -0.319576       0.562344E-02
    2135.00      -0.320951       0.569273E-02
    2140.00      -0.322308       0.576390E-02
    2145.00      -0.323648       0.583704E-02
    2150.00      -0.324969       0.591226E-02
    2155.00      -0.326270       0.598965E-02
    2160.00      -0.327551       0.606932E-02
    2165.00      -0.328811       0.615141E-02
    2170.00      -0.330049       0.623604E-02
    2175.00      -0.331264       0.632334E-02
    2180.00      -0.332454       0.641345E-02
    2185.00      -0.333620       0.650654E-02
