    1100.00       0.728147E-02   0.242616E-03
    1105.00       0.844129E-02   0.287044E-03
    1110.00       0.962475E-02   0.334161E-03
    1115.00       0.108436E-01   0.384558E-03
    1120.00       0.121070E-01   0.438782E-03
    1125.00       0.134227E-01   0.497376E-03
    1130.00       0.147975E-01   0.560907E-03
    1135.00       0.162383E-01   0.629985E-03
    1140.00       0.177517E-01   0.705276E-03
    1145.00       0.193444E-01   0.787521E-03
    1150.00       0.210238E-01   0.877547E-03
    1155.00       0.227973E-01   0.976290E-03
    1160.00       0.246734E-01   0.108481E-02
    1165.00       0.266608E-01   0.120433E-02
    1170.00       0.287696E-01   0.133623E-02
    1175.00       0.310106E-01   0.148211E-02
    1180.00       0.333959E-01   0.164383E-02
    1185.00       0.359390E-01   0.182354E-02
    1190.00       0.386550E-01   0.202376E-02
    1195.00       0.415612E-01   0.224745E-02
    1200.00       0.446769E-01   0.249809E-02
    1205.00       0.480240E-01   0.277981E-02
    1210.00       0.516279E-01   0.309753E-02
    1215.00       0.555175E-01   0.345718E-02
    1220.00       0.597262E-01   0.386588E-02
    1225.00       0.642930E-01   0.433231E-02
    1230.00       0.692632E-01   0.486711E-02
    1235.00       0.746901E-01   0.548338E-02
    1240.00       0.806371E-01   0.619749E-02
    1245.00       0.871793E-01   0.702996E-02
    1250.00       0.944073E-01   0.800691E-02
    1255.00       0.102431       0.916188E-02
    1260.00       0.111384       0.105385E-01
    1265.00       0.121432       0.121943E-01
    1270.00       0.132784       0.142064E-01
    1275.00       0.145700       0.166797E-01
    1280.00       0.160519       0.197603E-01
    1285.00       0.177678       0.236550E-01
    1290.00       0.197758       0.286655E-01
    1295.00       0.221545       0.352432E-01
    1300.00       0.250118       0.440873E-01
    1305.00       0.285000       0.563234E-01
    1310.00       0.328379       0.738497E-01
    1315.00       0.383463       0.100047    
    1320.00       0.454966       0.141347    
    1325.00       0.549449       0.210966    
    1330.00       0.673403       0.338427    
    1335.00       0.815790       0.593359    
    1340.00       0.843789        1.11079    
    1345.00       0.252474        1.75238    
    1350.00      -0.704630        1.49351    
    1355.00      -0.928370       0.853295    
    1360.00      -0.829675       0.486756    
    1365.00      -0.704444       0.303464    
    1370.00      -0.602868       0.205160    
    1375.00      -0.525082       0.147659    
    1380.00      -0.465219       0.111458    
    1385.00      -0.418293       0.872871E-01
    1390.00      -0.380760       0.703712E-01
    1395.00      -0.350173       0.580749E-01
    1400.00      -0.324829       0.488538E-01
    1405.00      -0.303522       0.417574E-01
    1410.00      -0.285381       0.361756E-01
    1415.00      -0.269764       0.317024E-01
    1420.00      -0.256188       0.280596E-01
    1425.00      -0.244285       0.250513E-01
    1430.00      -0.233770       0.225361E-01
    1435.00      -0.224416       0.204104E-01
    1440.00      -0.216046       0.185962E-01
    1445.00      -0.208515       0.170346E-01
    1450.00      -0.201704       0.156796E-01
    1455.00      -0.195518       0.144958E-01
    1460.00      -0.189876       0.134547E-01
    1465.00      -0.184711       0.125338E-01
    1470.00      -0.179965       0.117148E-01
    1475.00      -0.175592       0.109828E-01
    1480.00      -0.171551       0.103255E-01
    1485.00      -0.167804       0.973293E-02
    1490.00      -0.164324       0.919648E-02
    1495.00      -0.161082       0.870910E-02
    1500.00      -0.158057       0.826479E-02
    1505.00      -0.155227       0.785844E-02
    1510.00      -0.152576       0.748571E-02
    1515.00      -0.150087       0.714284E-02
    1520.00      -0.147746       0.682662E-02
    1525.00      -0.145542       0.653424E-02
    1530.00      -0.143463       0.626327E-02
    1535.00      -0.141499       0.601159E-02
    1540.00      -0.139641       0.577734E-02
    1545.00      -0.137882       0.555886E-02
    1550.00      -0.136214       0.535472E-02
    1555.00      -0.134631       0.516363E-02
    1560.00      -0.133127       0.498445E-02
    1565.00      -0.131696       0.481616E-02
    1570.00      -0.130333       0.465785E-02
    1575.00      -0.129034       0.450872E-02
    1580.00      -0.127796       0.436802E-02
    1585.00      -0.126613       0.423511E-02
    1590.00      -0.125484       0.410939E-02
    1595.00      -0.124403       0.399031E-02
    1600.00      -0.123370       0.387740E-02
    1605.00      -0.122380       0.377021E-02
    1610.00      -0.121432       0.366834E-02
    1615.00      -0.120523       0.357142E-02
    1620.00      -0.119650       0.347911E-02
    1625.00      -0.118813       0.339112E-02
    1630.00      -0.118009       0.330716E-02
    1635.00      -0.117236       0.322696E-02
    1640.00      -0.116493       0.315030E-02
    1645.00      -0.115778       0.307696E-02
    1650.00      -0.115090       0.300673E-02
    1655.00      -0.114428       0.293942E-02
    1660.00      -0.113790       0.287487E-02
    1665.00      -0.113176       0.281292E-02
    1670.00      -0.112583       0.275342E-02
    1675.00      -0.112012       0.269622E-02
    1680.00      -0.111460       0.264122E-02
    1685.00      -0.110928       0.258827E-02
    1690.00      -0.110414       0.253728E-02
    1695.00      -0.109918       0.248814E-02
    1700.00      -0.109439       0.244076E-02
    1705.00      -0.108976       0.239505E-02
    1710.00      -0.108529       0.235091E-02
    1715.00      -0.108096       0.230828E-02
    1720.00      -0.107677       0.226708E-02
    1725.00      -0.107272       0.222723E-02
    1730.00      -0.106881       0.218868E-02
    1735.00      -0.106502       0.215137E-02
    1740.00      -0.106135       0.211523E-02
    1745.00      -0.105779       0.208021E-02
    1750.00      -0.105435       0.204626E-02
    1755.00      -0.105102       0.201334E-02
    1760.00      -0.104779       0.198139E-02
    1765.00      -0.104467       0.195038E-02
    1770.00      -0.104164       0.192026E-02
    1775.00      -0.103870       0.189099E-02
    1780.00      -0.103585       0.186255E-02
    1785.00      -0.103309       0.183489E-02
    1790.00      -0.103041       0.180798E-02
    1795.00      -0.102782       0.178180E-02
    1800.00      -0.102530       0.175630E-02
    1805.00      -0.102286       0.173147E-02
    1810.00      -0.102049       0.170728E-02
    1815.00      -0.101819       0.168370E-02
    1820.00      -0.101596       0.166070E-02
    1825.00      -0.101380       0.163828E-02
    1830.00      -0.101170       0.161639E-02
    1835.00      -0.100966       0.159503E-02
    1840.00      -0.100768       0.157417E-02
    1845.00      -0.100576       0.155380E-02
    1850.00      -0.100390       0.153389E-02
    1855.00      -0.100209       0.151443E-02
    1860.00      -0.100034       0.149540E-02
    1865.00      -0.998634E-01   0.147679E-02
    1870.00      -0.996980E-01   0.145857E-02
    1875.00      -0.995374E-01   0.144075E-02
    1880.00      -0.993815E-01   0.142330E-02
    1885.00      -0.992301E-01   0.140620E-02
    1890.00      -0.990831E-01   0.138945E-02
    1895.00      -0.989404E-01   0.137304E-02
    1900.00      -0.988018E-01   0.135694E-02
    1905.00      -0.986673E-01   0.134116E-02
    1910.00      -0.985367E-01   0.132568E-02
    1915.00      -0.984098E-01   0.131048E-02
    1920.00      -0.982866E-01   0.129556E-02
    1925.00      -0.981670E-01   0.128091E-02
    1930.00      -0.980508E-01   0.126652E-02
    1935.00      -0.979380E-01   0.125238E-02
    1940.00      -0.978284E-01   0.123849E-02
    1945.00      -0.977220E-01   0.122482E-02
    1950.00      -0.976186E-01   0.121138E-02
    1955.00      -0.975182E-01   0.119815E-02
    1960.00      -0.974206E-01   0.118513E-02
    1965.00      -0.973258E-01   0.117231E-02
    1970.00      -0.972338E-01   0.115969E-02
    1975.00      -0.971443E-01   0.114725E-02
    1980.00      -0.970573E-01   0.113499E-02
    1985.00      -0.969727E-01   0.112290E-02
    1990.00      -0.968905E-01   0.111098E-02
    1995.00      -0.968106E-01   0.109922E-02
    2000.00      -0.967328E-01   0.108761E-02
    2005.00      -0.966571E-01   0.107615E-02
    2010.00      -0.965834E-01   0.106484E-02
    2015.00      -0.965117E-01   0.105366E-02
    2020.00      -0.964418E-01   0.104261E-02
    2025.00      -0.963736E-01   0.103168E-02
    2030.00      -0.963071E-01   0.102088E-02
    2035.00      -0.962422E-01   0.101020E-02
    2040.00      -0.961787E-01   0.999623E-03
    2045.00      -0.961167E-01   0.989159E-03
    2050.00      -0.960560E-01   0.978798E-03
    2055.00      -0.959964E-01   0.968538E-03
    2060.00      -0.959380E-01   0.958376E-03
    2065.00      -0.958806E-01   0.948309E-03
    2070.00      -0.958241E-01   0.938335E-03
    2075.00      -0.957684E-01   0.928453E-03
    2080.00      -0.957133E-01   0.918661E-03
    2085.00      -0.956588E-01   0.908959E-03
    2090.00      -0.956046E-01   0.899350E-03
    2095.00      -0.955507E-01   0.889835E-03
    2100.00      -0.954969E-01   0.880417E-03
    2105.00      -0.954430E-01   0.871104E-03
    2110.00      -0.953888E-01   0.861902E-03
    2115.00      -0.953342E-01   0.852822E-03
    2120.00      -0.952788E-01   0.843879E-03
    2125.00      -0.952225E-01   0.835091E-03
    2130.00      -0.951650E-01   0.826480E-03
    2135.00      -0.951059E-01   0.818078E-03
    2140.00      -0.950449E-01   0.809923E-03
    2145.00      -0.949816E-01   0.802062E-03
    2150.00      -0.949156E-01   0.794558E-03
    2155.00      -0.948463E-01   0.787490E-03
    2160.00      -0.947731E-01   0.780958E-03
    2165.00      -0.946954E-01   0.775092E-03
    2170.00      -0.946123E-01   0.770059E-03
    2175.00      -0.945229E-01   0.766074E-03
    2180.00      -0.944260E-01   0.763422E-03
    2185.00      -0.943202E-01   0.762475E-03
