    1100.00       0.947330E-01   0.134472E-01
    1105.00       0.107700       0.153084E-01
    1110.00       0.120376       0.171335E-01
    1115.00       0.132886       0.189404E-01
    1120.00       0.145313       0.207408E-01
    1125.00       0.157712       0.225427E-01
    1130.00       0.170121       0.243518E-01
    1135.00       0.182570       0.261724E-01
    1140.00       0.195081       0.280079E-01
    1145.00       0.207669       0.298608E-01
    1150.00       0.220348       0.317331E-01
    1155.00       0.233128       0.336265E-01
    1160.00       0.246016       0.355424E-01
    1165.00       0.259019       0.374821E-01
    1170.00       0.272143       0.394466E-01
    1175.00       0.285391       0.414368E-01
    1180.00       0.298767       0.434536E-01
    1185.00       0.312275       0.454977E-01
    1190.00       0.325916       0.475698E-01
    1195.00       0.339694       0.496707E-01
    1200.00       0.353610       0.518010E-01
    1205.00       0.367666       0.539614E-01
    1210.00       0.381864       0.561525E-01
    1215.00       0.396205       0.583750E-01
    1220.00       0.410690       0.606295E-01
    1225.00       0.425322       0.629167E-01
    1230.00       0.440101       0.652373E-01
    1235.00       0.455029       0.675921E-01
    1240.00       0.470107       0.699817E-01
    1245.00       0.485337       0.724070E-01
    1250.00       0.500720       0.748687E-01
    1255.00       0.516257       0.773676E-01
    1260.00       0.531951       0.799047E-01
    1265.00       0.547803       0.824809E-01
    1270.00       0.563815       0.850972E-01
    1275.00       0.579988       0.877545E-01
    1280.00       0.596324       0.904540E-01
    1285.00       0.612827       0.931967E-01
    1290.00       0.629497       0.959840E-01
    1295.00       0.646337       0.988169E-01
    1300.00       0.663351       0.101697    
    1305.00       0.680540       0.104626    
    1310.00       0.697907       0.107604    
    1315.00       0.715456       0.110634    
    1320.00       0.733189       0.113718    
    1325.00       0.751111       0.116856    
    1330.00       0.769224       0.120051    
    1335.00       0.787532       0.123305    
    1340.00       0.806041       0.126620    
    1345.00       0.824753       0.129998    
    1350.00       0.843675       0.133442    
    1355.00       0.862810       0.136954    
    1360.00       0.882163       0.140537    
    1365.00       0.901741       0.144193    
    1370.00       0.921550       0.147927    
    1375.00       0.941595       0.151740    
    1380.00       0.961883       0.155636    
    1385.00       0.982421       0.159620    
    1390.00        1.00322       0.163695    
    1395.00        1.02428       0.167864    
    1400.00        1.04562       0.172134    
    1405.00        1.06724       0.176508    
    1410.00        1.08915       0.180993    
    1415.00        1.11137       0.185592    
    1420.00        1.13390       0.190313    
    1425.00        1.15676       0.195161    
    1430.00        1.17995       0.200144    
    1435.00        1.20350       0.205270    
    1440.00        1.22742       0.210545    
    1445.00        1.25171       0.215979    
    1450.00        1.27641       0.221582    
    1455.00        1.30152       0.227363    
    1460.00        1.32707       0.233334    
    1465.00        1.35307       0.239506    
    1470.00        1.37955       0.245892    
    1475.00        1.40653       0.252508    
    1480.00        1.43403       0.259368    
    1485.00        1.46209       0.266490    
    1490.00        1.49073       0.273892    
    1495.00        1.51999       0.281595    
    1500.00        1.54989       0.289621    
    1505.00        1.58049       0.297996    
    1510.00        1.61181       0.306746    
    1515.00        1.64391       0.315902    
    1520.00        1.67682       0.325499    
    1525.00        1.71061       0.335573    
    1530.00        1.74534       0.346167    
    1535.00        1.78106       0.357327    
    1540.00        1.81785       0.369107    
    1545.00        1.85578       0.381565    
    1550.00        1.89493       0.394770    
    1555.00        1.93541       0.408795    
    1560.00        1.97731       0.423728    
    1565.00        2.02076       0.439667    
    1570.00        2.06587       0.456725    
    1575.00        2.11279       0.475030    
    1580.00        2.16168       0.494733    
    1585.00        2.21271       0.516006    
    1590.00        2.26610       0.539051    
    1595.00        2.32205       0.564106    
    1600.00        2.38084       0.591449    
    1605.00        2.44273       0.621410    
    1610.00        2.50807       0.654384    
    1615.00        2.57721       0.690842    
    1620.00        2.65059       0.731357    
    1625.00        2.72867       0.776625    
    1630.00        2.81200       0.827498    
    1635.00        2.90120       0.885036    
    1640.00        2.99697       0.950560    
    1645.00        3.10008        1.02574    
    1650.00        3.21141        1.11270    
    1655.00        3.33188        1.21418    
    1660.00        3.46246        1.33377    
    1665.00        3.60401        1.47618    
    1670.00        3.75717        1.64772    
    1675.00        3.92194        1.85689    
    1680.00        4.09693        2.11527    
    1685.00        4.27802        2.43868    
    1690.00        4.45563        2.84859    
    1695.00        4.60962        3.37327    
    1700.00        4.69988        4.04698    
    1705.00        4.65065        4.90194    
    1710.00        4.33078        5.94045    
    1715.00        3.55298        7.06754    
    1720.00        2.16312        7.99477    
    1725.00       0.278471        8.26536    
    1730.00       -1.57083        7.61172    
    1735.00       -2.81951        6.29990    
    1740.00       -3.33777        4.85756    
    1745.00       -3.34034        3.62444    
    1750.00       -3.07993        2.68616    
    1755.00       -2.72061        2.00547    
    1760.00       -2.34544        1.51809    
    1765.00       -1.99017        1.16800    
    1770.00       -1.66730       0.913928    
    1775.00       -1.37890       0.727215    
    1780.00       -1.12285       0.588273    
    1785.00      -0.895606       0.483716    
    1790.00      -0.693442       0.404310    
    1795.00      -0.512942       0.343619    
    1800.00      -0.351185       0.297091    
    1805.00      -0.205805       0.261458    
    1810.00      -0.750455E-01   0.234283    
    1815.00       0.421577E-01   0.213512    
    1820.00       0.146127       0.196733    
    1825.00       0.237222       0.179708    
    1830.00       0.320013       0.155802    
    1835.00       0.407206       0.125209    
    1840.00       0.502624       0.102175    
    1845.00       0.595132       0.919906E-01
    1850.00       0.679231       0.889551E-01
    1855.00       0.755671       0.887131E-01
    1860.00       0.826166       0.895393E-01
    1865.00       0.892011       0.908539E-01
    1870.00       0.954075       0.924646E-01
    1875.00        1.01296       0.943017E-01
    1880.00        1.06909       0.963336E-01
    1885.00        1.12282       0.985394E-01
    1890.00        1.17440       0.100902    
    1895.00        1.22406       0.103404    
    1900.00        1.27198       0.106030    
    1905.00        1.31833       0.108765    
    1910.00        1.36324       0.111597    
    1915.00        1.40683       0.114511    
    1920.00        1.44922       0.117497    
    1925.00        1.49049       0.120544    
    1930.00        1.53074       0.123645    
    1935.00        1.57005       0.126789    
    1940.00        1.60848       0.129972    
    1945.00        1.64609       0.133186    
    1950.00        1.68296       0.136426    
    1955.00        1.71912       0.139688    
    1960.00        1.75463       0.142967    
    1965.00        1.78952       0.146260    
    1970.00        1.82385       0.149564    
    1975.00        1.85765       0.152875    
    1980.00        1.89095       0.156193    
    1985.00        1.92379       0.159513    
    1990.00        1.95619       0.162836    
    1995.00        1.98818       0.166160    
    2000.00        2.01978       0.169482    
    2005.00        2.05102       0.172803    
    2010.00        2.08193       0.176121    
    2015.00        2.11251       0.179436    
    2020.00        2.14279       0.182746    
    2025.00        2.17280       0.186051    
    2030.00        2.20253       0.189351    
    2035.00        2.23201       0.192646    
    2040.00        2.26126       0.195935    
    2045.00        2.29028       0.199218    
    2050.00        2.31909       0.202495    
    2055.00        2.34770       0.205765    
    2060.00        2.37612       0.209029    
    2065.00        2.40436       0.212287    
    2070.00        2.43244       0.215538    
    2075.00        2.46036       0.218783    
    2080.00        2.48813       0.222022    
    2085.00        2.51575       0.225254    
    2090.00        2.54325       0.228480    
    2095.00        2.57061       0.231700    
    2100.00        2.59786       0.234915    
    2105.00        2.62500       0.238123    
    2110.00        2.65202       0.241326    
    2115.00        2.67895       0.244524    
    2120.00        2.70578       0.247716    
    2125.00        2.73253       0.250903    
    2130.00        2.75919       0.254085    
    2135.00        2.78577       0.257262    
    2140.00        2.81227       0.260434    
    2145.00        2.83871       0.263602    
    2150.00        2.86508       0.266766    
    2155.00        2.89139       0.269926    
    2160.00        2.91763       0.273081    
    2165.00        2.94383       0.276233    
    2170.00        2.96997       0.279382    
    2175.00        2.99607       0.282527    
    2180.00        3.02212       0.285668    
    2185.00        3.04812       0.288807    
