    1100.00      -0.649367E-01   0.655501E-02
    1105.00      -0.737535E-01   0.744492E-02
    1110.00      -0.823533E-01   0.831289E-02
    1115.00      -0.908219E-01   0.916759E-02
    1120.00      -0.992148E-01   0.100146E-01
    1125.00      -0.107570       0.108578E-01
    1130.00      -0.115913       0.116997E-01
    1135.00      -0.124264       0.125425E-01
    1140.00      -0.132636       0.133873E-01
    1145.00      -0.141041       0.142354E-01
    1150.00      -0.149486       0.150876E-01
    1155.00      -0.157978       0.159444E-01
    1160.00      -0.166520       0.168063E-01
    1165.00      -0.175118       0.176738E-01
    1170.00      -0.183773       0.185470E-01
    1175.00      -0.192487       0.194262E-01
    1180.00      -0.201263       0.203116E-01
    1185.00      -0.210101       0.212032E-01
    1190.00      -0.219002       0.221011E-01
    1195.00      -0.227967       0.230055E-01
    1200.00      -0.236996       0.239163E-01
    1205.00      -0.246089       0.248335E-01
    1210.00      -0.255246       0.257572E-01
    1215.00      -0.264467       0.266872E-01
    1220.00      -0.273752       0.276237E-01
    1225.00      -0.283100       0.285666E-01
    1230.00      -0.292511       0.295158E-01
    1235.00      -0.301985       0.304713E-01
    1240.00      -0.311522       0.314331E-01
    1245.00      -0.321120       0.324011E-01
    1250.00      -0.330780       0.333752E-01
    1255.00      -0.340500       0.343555E-01
    1260.00      -0.350281       0.353418E-01
    1265.00      -0.360121       0.363340E-01
    1270.00      -0.370021       0.373323E-01
    1275.00      -0.379979       0.383364E-01
    1280.00      -0.389996       0.393463E-01
    1285.00      -0.400069       0.403620E-01
    1290.00      -0.410200       0.413834E-01
    1295.00      -0.420387       0.424105E-01
    1300.00      -0.430630       0.434432E-01
    1305.00      -0.440929       0.444814E-01
    1310.00      -0.451282       0.455251E-01
    1315.00      -0.461690       0.465743E-01
    1320.00      -0.472151       0.476289E-01
    1325.00      -0.482666       0.486888E-01
    1330.00      -0.493233       0.497540E-01
    1335.00      -0.503853       0.508244E-01
    1340.00      -0.514524       0.519001E-01
    1345.00      -0.525247       0.529809E-01
    1350.00      -0.536021       0.540668E-01
    1355.00      -0.546845       0.551577E-01
    1360.00      -0.557720       0.562537E-01
    1365.00      -0.568643       0.573546E-01
    1370.00      -0.579617       0.584605E-01
    1375.00      -0.590639       0.595713E-01
    1380.00      -0.601709       0.606869E-01
    1385.00      -0.612827       0.618073E-01
    1390.00      -0.623993       0.629325E-01
    1395.00      -0.635206       0.640624E-01
    1400.00      -0.646466       0.651971E-01
    1405.00      -0.657773       0.663364E-01
    1410.00      -0.669126       0.674803E-01
    1415.00      -0.680524       0.686288E-01
    1420.00      -0.691969       0.697819E-01
    1425.00      -0.703458       0.709395E-01
    1430.00      -0.714993       0.721017E-01
    1435.00      -0.726571       0.732683E-01
    1440.00      -0.738195       0.744393E-01
    1445.00      -0.749862       0.756148E-01
    1450.00      -0.761573       0.767946E-01
    1455.00      -0.773328       0.779788E-01
    1460.00      -0.785125       0.791673E-01
    1465.00      -0.796966       0.803602E-01
    1470.00      -0.808849       0.815573E-01
    1475.00      -0.820775       0.827587E-01
    1480.00      -0.832743       0.839643E-01
    1485.00      -0.844752       0.851742E-01
    1490.00      -0.856804       0.863882E-01
    1495.00      -0.868897       0.876064E-01
    1500.00      -0.881031       0.888288E-01
    1505.00      -0.893206       0.900553E-01
    1510.00      -0.905422       0.912859E-01
    1515.00      -0.917679       0.925205E-01
    1520.00      -0.929976       0.937593E-01
    1525.00      -0.942313       0.950021E-01
    1530.00      -0.954690       0.962489E-01
    1535.00      -0.967107       0.974998E-01
    1540.00      -0.979564       0.987547E-01
    1545.00      -0.992060       0.100013    
    1550.00       -1.00460       0.101276    
    1555.00       -1.01717       0.102543    
    1560.00       -1.02978       0.103814    
    1565.00       -1.04243       0.105088    
    1570.00       -1.05513       0.106367    
    1575.00       -1.06785       0.107649    
    1580.00       -1.08062       0.108936    
    1585.00       -1.09343       0.110226    
    1590.00       -1.10627       0.111520    
    1595.00       -1.11915       0.112818    
    1600.00       -1.13207       0.114120    
    1605.00       -1.14502       0.115425    
    1610.00       -1.15802       0.116735    
    1615.00       -1.17105       0.118048    
    1620.00       -1.18411       0.119365    
    1625.00       -1.19722       0.120686    
    1630.00       -1.21036       0.122010    
    1635.00       -1.22353       0.123339    
    1640.00       -1.23675       0.124671    
    1645.00       -1.25000       0.126007    
    1650.00       -1.26328       0.127346    
    1655.00       -1.27660       0.128690    
    1660.00       -1.28996       0.130037    
    1665.00       -1.30335       0.131388    
    1670.00       -1.31678       0.132743    
    1675.00       -1.33024       0.134101    
    1680.00       -1.34374       0.135463    
    1685.00       -1.35727       0.136829    
    1690.00       -1.37084       0.138198    
    1695.00       -1.38444       0.139572    
    1700.00       -1.39808       0.140949    
    1705.00       -1.41175       0.142329    
    1710.00       -1.42546       0.143714    
    1715.00       -1.43920       0.145102    
    1720.00       -1.45297       0.146494    
    1725.00       -1.46678       0.147889    
    1730.00       -1.48062       0.149289    
    1735.00       -1.49449       0.150692    
    1740.00       -1.50840       0.152098    
    1745.00       -1.52234       0.153509    
    1750.00       -1.53631       0.154923    
    1755.00       -1.55032       0.156341    
    1760.00       -1.56436       0.157763    
    1765.00       -1.57843       0.159189    
    1770.00       -1.59253       0.160618    
    1775.00       -1.60666       0.162052    
    1780.00       -1.62083       0.163489    
    1785.00       -1.63503       0.164930    
    1790.00       -1.64926       0.166374    
    1795.00       -1.66352       0.167823    
    1800.00       -1.67781       0.169276    
    1805.00       -1.69213       0.170732    
    1810.00       -1.70648       0.172192    
    1815.00       -1.72086       0.173657    
    1820.00       -1.73527       0.175125    
    1825.00       -1.74971       0.176598    
    1830.00       -1.76418       0.178074    
    1835.00       -1.77868       0.179555    
    1840.00       -1.79321       0.181040    
    1845.00       -1.80777       0.182529    
    1850.00       -1.82235       0.184023    
    1855.00       -1.83696       0.185520    
    1860.00       -1.85160       0.187022    
    1865.00       -1.86627       0.188529    
    1870.00       -1.88096       0.190040    
    1875.00       -1.89568       0.191556    
    1880.00       -1.91042       0.193076    
    1885.00       -1.92519       0.194601    
    1890.00       -1.93999       0.196131    
    1895.00       -1.95481       0.197666    
    1900.00       -1.96965       0.199207    
    1905.00       -1.98452       0.200752    
    1910.00       -1.99941       0.202302    
    1915.00       -2.01432       0.203859    
    1920.00       -2.02925       0.205420    
    1925.00       -2.04420       0.206988    
    1930.00       -2.05918       0.208561    
    1935.00       -2.07418       0.210141    
    1940.00       -2.08919       0.211727    
    1945.00       -2.10422       0.213320    
    1950.00       -2.11927       0.214920    
    1955.00       -2.13434       0.216526    
    1960.00       -2.14942       0.218141    
    1965.00       -2.16452       0.219763    
    1970.00       -2.17963       0.221393    
    1975.00       -2.19476       0.223031    
    1980.00       -2.20989       0.224679    
    1985.00       -2.22504       0.226336    
    1990.00       -2.24020       0.228003    
    1995.00       -2.25536       0.229680    
    2000.00       -2.27053       0.231369    
    2005.00       -2.28571       0.233069    
    2010.00       -2.30089       0.234781    
    2015.00       -2.31608       0.236507    
    2020.00       -2.33126       0.238246    
    2025.00       -2.34644       0.240001    
    2030.00       -2.36162       0.241772    
    2035.00       -2.37680       0.243560    
    2040.00       -2.39197       0.245366    
    2045.00       -2.40713       0.247192    
    2050.00       -2.42227       0.249040    
    2055.00       -2.43740       0.250911    
    2060.00       -2.45252       0.252807    
    2065.00       -2.46761       0.254730    
    2070.00       -2.48268       0.256682    
    2075.00       -2.49772       0.258667    
    2080.00       -2.51273       0.260687    
    2085.00       -2.52771       0.262745    
    2090.00       -2.54265       0.264845    
    2095.00       -2.55754       0.266991    
    2100.00       -2.57239       0.269188    
    2105.00       -2.58718       0.271441    
    2110.00       -2.60192       0.273755    
    2115.00       -2.61659       0.276138    
    2120.00       -2.63119       0.278596    
    2125.00       -2.64571       0.281138    
    2130.00       -2.66015       0.283774    
    2135.00       -2.67450       0.286514    
    2140.00       -2.68875       0.289371    
    2145.00       -2.70290       0.292358    
    2150.00       -2.71693       0.295492    
    2155.00       -2.73083       0.298792    
    2160.00       -2.74461       0.302277    
    2165.00       -2.75824       0.305973    
    2170.00       -2.77173       0.309906    
    2175.00       -2.78506       0.314110    
    2180.00       -2.79823       0.318621    
    2185.00       -2.81123       0.323480    
