  1080.00     0.00  0.00   0.000  0.000   0.000 0.000     0.00   0.00
  1085.00     0.00  0.00   0.000  0.000   0.000 0.000     0.00   0.00
  1090.00     0.00  0.00   0.000  0.000   0.000 0.000     0.00   0.00
  1095.00     0.00  0.00   0.000  0.000   0.000 0.000     0.00   0.00
  1100.00     0.01  0.00   0.000  0.000   0.000 0.000     0.00   0.00
  1105.00     0.01  0.00   0.000  0.000   0.000 0.000     0.00   0.00
  1110.00     0.02  0.00   0.000  0.000   0.000 0.000     0.00   0.00
  1115.00     0.03  0.00   0.000  0.000   0.001 0.000     0.00   0.00
  1120.00     0.04  0.00   0.000  0.000   0.001 0.000     0.00   0.00
  1125.00     0.05  0.00   0.000  0.000   0.001 0.000     0.00   0.00
  1130.00     0.07  0.00   0.000  0.000   0.001 0.000     0.00   0.00
  1135.00     0.09  0.00   0.000  0.000   0.002 0.000     0.00   0.00
  1140.00     0.11  0.00   0.000  0.000   0.002 0.000     0.00   0.00
  1145.00     0.14  0.00   0.000  0.000   0.002 0.000     0.00   0.00
  1150.00     0.17  0.00   0.000  0.000   0.003 0.000     0.00   0.00
  1155.00     0.20  0.00   0.000  0.000   0.003 0.000     0.01   0.00
  1160.00     0.24  0.00   0.000  0.000   0.004 0.000     0.01   0.00
  1165.00     0.28  0.00   0.000  0.000   0.005 0.000     0.01   0.00
  1170.00     0.32  0.00   0.000  0.000   0.006 0.000     0.01   0.00
  1175.00     0.37  0.00   0.000  0.000   0.006 0.000     0.01   0.00
  1180.00     0.42  0.00   0.000  0.000   0.007 0.000     0.02   0.00
  1185.00     0.48  0.00   0.000  0.000   0.008 0.000     0.02   0.00
  1190.00     0.54  0.00   0.000  0.000   0.009 0.000     0.03   0.00
  1195.00     0.61  0.00   0.000  0.000   0.011 0.000     0.03   0.00
  1200.00     0.68  0.00   0.000  0.000   0.012 0.000     0.04   0.00
  1205.00     0.76  0.00   0.000  0.000   0.013 0.000     0.04   0.00
  1210.00     0.85  0.00   0.000  0.000   0.015 0.000     0.05   0.00
  1215.00     0.94  0.00   0.000  0.000   0.016 0.000     0.06   0.00
  1220.00     1.04  0.00   0.000  0.000   0.018 0.000     0.08   0.01
  1225.00     1.15  0.00   0.001  0.000   0.020 0.001     0.11   0.03
  1230.00     1.26  0.00   0.001  0.000   0.022 0.001     0.14   0.05
  1235.00     1.38  0.00   0.002  0.000   0.024 0.001     0.18   0.07
  1240.00     1.50  0.00   0.002  0.000   0.026 0.001     0.22   0.10
  1245.00     1.64  0.00   0.003  0.000   0.029 0.002     0.26   0.12
  1250.00     1.78  0.00   0.004  0.000   0.031 0.002     0.30   0.14
  1255.00     1.92  0.00   0.004  0.000   0.033 0.002     0.35   0.17
  1260.00     2.08  0.00   0.005  0.000   0.036 0.003     0.40   0.20
  1265.00     2.24  0.00   0.006  0.000   0.039 0.003     0.45   0.22
  1270.00     2.42  0.00   0.007  0.000   0.042 0.004     0.51   0.25
  1275.00     2.60  0.00   0.008  0.000   0.045 0.004     0.57   0.28
  1280.00     2.79  0.00   0.009  0.000   0.048 0.005     0.63   0.32
  1285.00     2.99  0.00   0.011  0.000   0.052 0.005     0.70   0.35
  1290.00     3.19  0.00   0.012  0.000   0.055 0.006     0.78   0.38
  1295.00     3.41  0.00   0.014  0.000   0.059 0.007     0.86   0.42
  1300.00     3.64  0.00   0.016  0.000   0.063 0.008     0.94   0.46
  1305.00     3.88  0.00   0.017  0.000   0.067 0.009     1.03   0.51
  1310.00     4.14  0.00   0.020  0.000   0.071 0.010     1.13   0.55
  1315.00     4.40  0.00   0.022  0.000   0.076 0.011     1.24   0.60
  1320.00     4.68  0.00   0.025  0.000   0.080 0.013     1.36   0.65
  1325.00     4.98  0.00   0.027  0.000   0.085 0.014     1.48   0.71
  1330.00     5.28  0.00   0.031  0.000   0.090 0.016     1.62   0.77
  1335.00     5.61  0.00   0.034  0.000   0.096 0.018     1.77   0.84
  1340.00     5.95  0.00   0.038  0.000   0.101 0.020     1.93   0.91
  1345.00     6.31  0.00   0.042  0.000   0.107 0.023     2.10   0.99
  1350.00     6.69  0.00   0.047  0.000   0.113 0.025     2.29   1.07
  1355.00     7.09  0.00   0.052  0.000   0.119 0.028     2.50   1.16
  1360.00     7.52  0.00   0.058  0.000   0.126 0.031     2.72   1.26
  1365.00     7.97  0.00   0.064  0.000   0.133 0.035     2.96   1.36
  1370.00     8.44  0.00   0.071  0.000   0.140 0.039     3.23   1.48
  1375.00     8.94  0.00   0.079  0.000   0.147 0.043     3.51   1.60
  1380.00     9.47  0.00   0.088  0.000   0.155 0.048     3.83   1.73
  1385.00    10.04  0.00   0.097  0.000   0.163 0.054     4.17   1.88
  1390.00    10.64  0.00   0.107  0.000   0.172 0.060     4.54   2.03
  1395.00    11.29  0.00   0.119  0.000   0.180 0.067     4.94   2.20
  1400.00    11.98  0.00   0.131  0.000   0.189 0.074     5.38   2.38
  1405.00    12.72  0.00   0.145  0.000   0.199 0.082     5.87   2.58
  1410.00    13.51  0.00   0.160  0.000   0.208 0.092     6.40   2.79
  1415.00    14.36  0.00   0.177  0.000   0.218 0.102     6.99   3.02
  1420.00    15.28  0.00   0.196  0.000   0.228 0.114     7.63   3.28
  1425.00    16.28  0.00   0.216  0.000   0.238 0.127     8.34   3.55
  1430.00    17.37  0.00   0.239  0.000   0.248 0.142     9.12   3.85
  1435.00    18.55  0.00   0.265  0.000   0.259 0.158     9.99   4.18
  1440.00    19.84  0.00   0.293  0.000   0.268 0.176    10.94   4.54
  1445.00    21.26  0.00   0.324  0.000   0.278 0.197    11.99   4.94
  1450.00    22.82  0.00   0.359  0.000   0.286 0.220    13.15   5.36
  1455.00    24.55  0.00   0.398  0.000   0.293 0.246    14.42   5.83
  1460.00    26.48  0.00   0.440  0.000   0.299 0.275    15.81   6.33
  1465.00    28.63  0.00   0.486  0.000   0.302 0.306    17.32   6.87
  1470.00    31.06  0.00   0.536  0.000   0.301 0.341    18.94   7.45
  1475.00    33.81  0.00   0.589  0.000   0.296 0.378    20.65   8.05
  1480.00    36.97  0.00   0.645  0.000   0.286 0.418    22.42   8.66
  1485.00    40.63  0.00   0.702  0.000   0.270 0.459    24.20   9.27
  1490.00    44.95  0.00   0.759  0.000   0.246 0.500    25.93   9.84
  1495.00    50.16  0.00   0.812  0.000   0.213 0.539    27.50  10.36
  1500.00    56.61  0.00   0.859  0.000   0.173 0.574    28.82  10.77
  1505.00    64.78  0.00   0.895  0.000   0.125 0.603    29.78  11.06
  1510.00    75.11  0.00   0.920  0.000   0.070 0.623    30.28  11.17
  1515.00    87.30  0.00   0.929  0.000   0.013 0.633    30.26  11.10
  1520.00    99.66  0.00   0.922  0.000  -0.046 0.631    29.72  10.86
  1525.00   110.32  0.00   0.901  0.000  -0.102 0.619    28.70  10.44
  1530.00   118.80  0.00   0.867  0.000  -0.154 0.598    27.27   9.89
  1535.00   125.48  0.00   0.824  0.000  -0.198 0.568    25.54   9.26
  1540.00   130.85  0.00   0.774  0.000  -0.235 0.534    23.64   8.57
  1545.00   135.31  0.00   0.721  0.000  -0.264 0.497    21.67   7.86
  1550.00   139.08  0.00   0.668  0.000  -0.285 0.459    19.72   7.17
  1555.00   142.33  0.00   0.616  0.000  -0.300 0.422    17.84   6.52
  1560.00   145.17  0.00   0.567  0.000  -0.308 0.386    16.08   5.91
  1565.00   147.69  0.00   0.522  0.000  -0.312 0.352    14.46   5.36
  1570.00   149.92  0.00   0.481  0.000  -0.313 0.321    12.99   4.87
  1575.00   151.93  0.00   0.444  0.000  -0.310 0.292    11.67   4.43
  1580.00   153.75  0.00   0.411  0.000  -0.305 0.266    10.49   4.04
  1585.00   155.39  0.00   0.381  0.000  -0.298 0.243     9.44   3.70
  1590.00   156.90  0.00   0.356  0.000  -0.290 0.222     8.52   3.41
  1595.00   158.27  0.00   0.333  0.000  -0.281 0.204     7.70   3.15
  1600.00   159.54  0.00   0.314  0.000  -0.271 0.187     6.97   2.93
  1605.00   160.72  0.00   0.297  0.000  -0.261 0.172     6.34   2.73
  1610.00   161.81  0.00   0.283  0.000  -0.251 0.159     5.77   2.56
  1615.00   162.82  0.00   0.270  0.000  -0.241 0.147     5.28   2.42
  1620.00   163.77  0.00   0.260  0.000  -0.231 0.137     4.85   2.30
  1625.00   164.66  0.00   0.251  0.000  -0.221 0.128     4.46   2.19
  1630.00   165.50  0.00   0.244  0.000  -0.211 0.120     4.13   2.10
  1635.00   166.29  0.00   0.238  0.000  -0.201 0.113     3.83   2.02
  1640.00   167.03  0.00   0.233  0.000  -0.191 0.106     3.57   1.96
  1645.00   167.74  0.00   0.230  0.000  -0.182 0.101     3.34   1.90
  1650.00   168.41  0.00   0.227  0.000  -0.173 0.096     3.14   1.86
  1655.00   169.05  0.00   0.225  0.000  -0.164 0.092     2.97   1.82
  1660.00   169.66  0.00   0.224  0.000  -0.156 0.088     2.81   1.79
  1665.00   170.24  0.00   0.224  0.000  -0.147 0.085     2.68   1.77
  1670.00   170.80  0.00   0.225  0.000  -0.139 0.082     2.57   1.75
  1675.00   171.33  0.00   0.226  0.000  -0.131 0.080     2.47   1.74
  1680.00   171.84  0.00   0.227  0.000  -0.123 0.078     2.38   1.73
  1685.00   172.33  0.00   0.229  0.000  -0.116 0.077     2.31   1.73
  1690.00   172.81  0.00   0.232  0.000  -0.109 0.076     2.25   1.72
  1695.00   173.26  0.00   0.235  0.000  -0.102 0.075     2.20   1.73
  1700.00   173.70  0.00   0.238  0.000  -0.095 0.074     2.15   1.73
  1705.00   174.13  0.00   0.242  0.000  -0.089 0.074     2.12   1.74
  1710.00   174.53  0.00   0.246  0.000  -0.082 0.074     2.09   1.75
  1715.00   174.93  0.00   0.250  0.000  -0.076 0.074     2.07   1.76
  1720.00   175.31  0.00   0.255  0.000  -0.070 0.074     2.06   1.77
  1725.00   175.68  0.00   0.260  0.000  -0.065 0.075     2.05   1.78
  1730.00   176.04  0.00   0.265  0.000  -0.059 0.075     2.05   1.80
  1735.00    -3.62  0.00   0.270  0.000  -0.054 0.076     2.05   1.82
  1740.00    -3.28  0.00   0.276  0.000  -0.049 0.077     2.06   1.83
  1745.00    -2.96  0.00   0.282  0.000  -0.044 0.079     2.07   1.85
  1750.00    -2.65  0.00   0.288  0.000  -0.039 0.080     2.08   1.87
  1755.00    -2.34  0.00   0.294  0.000  -0.034 0.081     2.09   1.89
  1760.00    -2.05  0.00   0.300  0.000  -0.030 0.083     2.11   1.91
  1765.00    -1.77  0.00   0.307  0.000  -0.026 0.085     2.13   1.93
  1770.00    -1.50  0.00   0.314  0.000  -0.022 0.086     2.15   1.95
  1775.00    -1.23  0.00   0.320  0.000  -0.018 0.088     2.18   1.98
  1780.00    -0.98  0.00   0.327  0.000  -0.014 0.090     2.20   2.00
  1785.00    -0.73  0.00   0.334  0.000  -0.010 0.092     2.23   2.02
  1790.00    -0.50  0.00   0.341  0.000  -0.007 0.094     2.25   2.04
  1795.00    -0.27  0.00   0.348  0.000  -0.004 0.096     2.28   2.06
  1800.00    -0.05  0.00   0.355  0.000  -0.001 0.099     2.31   2.08
  1805.00     0.16  0.00   0.363  0.000   0.002 0.101     2.34   2.10
  1810.00     0.36  0.00   0.370  0.000   0.005 0.103     2.37   2.13
  1815.00     0.55  0.00   0.377  0.000   0.008 0.105     2.40   2.15
  1820.00     0.73  0.00   0.385  0.000   0.010 0.108     2.43   2.17
  1825.00     0.91  0.00   0.392  0.000   0.012 0.110     2.46   2.19
  1830.00     1.07  0.00   0.399  0.000   0.015 0.113     2.49   2.21
  1835.00     1.23  0.00   0.407  0.000   0.017 0.115     2.52   2.23
  1840.00     1.38  0.00   0.414  0.000   0.018 0.118     2.55   2.24
  1845.00     1.52  0.00   0.421  0.000   0.020 0.120     2.58   2.26
  1850.00     1.66  0.00   0.428  0.000   0.022 0.123     2.61   2.28
  1855.00     1.78  0.00   0.436  0.000   0.023 0.125     2.64   2.30
  1860.00     1.90  0.00   0.443  0.000   0.025 0.128     2.66   2.31
  1865.00     2.01  0.00   0.450  0.000   0.026 0.130     2.69   2.33
  1870.00     2.12  0.00   0.457  0.000   0.027 0.133     2.72   2.34
  1875.00     2.21  0.00   0.464  0.000   0.028 0.135     2.74   2.36
  1880.00     2.30  0.00   0.471  0.000   0.029 0.138     2.77   2.37
  1885.00     2.38  0.00   0.478  0.000   0.030 0.140     2.79   2.38
  1890.00     2.46  0.00   0.485  0.000   0.031 0.142     2.82   2.40
  1895.00     2.52  0.00   0.492  0.000   0.031 0.145     2.84   2.41
  1900.00     2.58  0.00   0.498  0.000   0.032 0.147     2.86   2.42
  1905.00     2.64  0.00   0.505  0.000   0.032 0.150     2.88   2.43
  1910.00     2.68  0.00   0.511  0.000   0.033 0.152     2.90   2.44
  1915.00     2.72  0.00   0.518  0.000   0.033 0.154     2.92   2.45
  1920.00     2.76  0.00   0.524  0.000   0.033 0.157     2.94   2.46
  1925.00     2.79  0.00   0.531  0.000   0.033 0.159     2.96   2.47
  1930.00     2.81  0.00   0.537  0.000   0.033 0.161     2.97   2.47
  1935.00     2.82  0.00   0.543  0.000   0.033 0.164     2.99   2.48
  1940.00     2.83  0.00   0.549  0.000   0.033 0.166     3.00   2.49
  1945.00     2.84  0.00   0.555  0.000   0.033 0.168     3.02   2.49
  1950.00     2.83  0.00   0.561  0.000   0.033 0.170     3.03   2.50
  1955.00     2.83  0.00   0.566  0.000   0.032 0.172     3.04   2.50
  1960.00     2.81  0.00   0.572  0.000   0.032 0.174     3.06   2.50
  1965.00     2.80  0.00   0.578  0.000   0.032 0.177     3.07   2.51
  1970.00     2.77  0.00   0.583  0.000   0.031 0.179     3.08   2.51
  1975.00     2.74  0.00   0.589  0.000   0.031 0.181     3.09   2.51
  1980.00     2.71  0.00   0.594  0.000   0.030 0.183     3.10   2.52
  1985.00     2.67  0.00   0.599  0.000   0.029 0.185     3.11   2.52
  1990.00     2.63  0.00   0.604  0.000   0.029 0.187     3.11   2.52
  1995.00     2.58  0.00   0.609  0.000   0.028 0.189     3.12   2.52
  2000.00     2.53  0.00   0.614  0.000   0.027 0.191     3.13   2.52
  2005.00     2.48  0.00   0.619  0.000   0.027 0.193     3.14   2.52
  2010.00     2.42  0.00   0.624  0.000   0.026 0.195     3.14   2.52
  2015.00     2.35  0.00   0.629  0.000   0.025 0.196     3.15   2.52
  2020.00     2.28  0.00   0.633  0.000   0.024 0.198     3.15   2.52
  2025.00     2.21  0.00   0.638  0.000   0.023 0.200     3.16   2.52
  2030.00     2.14  0.00   0.643  0.000   0.022 0.202     3.16   2.51
  2035.00     2.06  0.00   0.647  0.000   0.021 0.204     3.16   2.51
  2040.00     1.98  0.00   0.651  0.000   0.020 0.205     3.17   2.51
  2045.00     1.89  0.00   0.656  0.000   0.019 0.207     3.17   2.51
  2050.00     1.80  0.00   0.660  0.000   0.018 0.209     3.17   2.50
  2055.00     1.71  0.00   0.664  0.000   0.017 0.211     3.17   2.50
  2060.00     1.62  0.00   0.668  0.000   0.016 0.212     3.17   2.50
  2065.00     1.52  0.00   0.672  0.000   0.015 0.214     3.18   2.49
  2070.00     1.42  0.00   0.676  0.000   0.014 0.216     3.18   2.49
  2075.00     1.32  0.00   0.680  0.000   0.013 0.217     3.18   2.48
  2080.00     1.22  0.00   0.684  0.000   0.012 0.219     3.18   2.48
  2085.00     1.11  0.00   0.688  0.000   0.011 0.221     3.18   2.48
  2090.00     1.00  0.00   0.691  0.000   0.010 0.222     3.18   2.47
  2095.00     0.89  0.00   0.695  0.000   0.009 0.224     3.18   2.47
  2100.00     0.78  0.00   0.698  0.000   0.007 0.226     3.18   2.46
  2105.00     0.66  0.00   0.702  0.000   0.006 0.227     3.18   2.45
  2110.00     0.55  0.00   0.706  0.000   0.005 0.229     3.18   2.45
  2115.00     0.43  0.00   0.709  0.000   0.004 0.230     3.18   2.44
  2120.00     0.31  0.00   0.712  0.000   0.003 0.232     3.17   2.44
  2125.00     0.19  0.00   0.716  0.000   0.002 0.233     3.17   2.43
  2130.00     0.07  0.00   0.719  0.000   0.001 0.235     3.17   2.43
  2135.00    -0.06  0.00   0.722  0.000  -0.001 0.237     3.17   2.42
  2140.00    -0.18  0.00   0.726  0.000  -0.002 0.238     3.17   2.41
  2145.00    -0.31  0.00   0.729  0.000  -0.003 0.240     3.17   2.41
  2150.00    -0.43  0.00   0.732  0.000  -0.004 0.241     3.16   2.40
  2155.00    -0.56  0.00   0.735  0.000  -0.005 0.243     3.16   2.39
  2160.00    -0.69  0.00   0.738  0.000  -0.006 0.244     3.16   2.39
  2165.00    -0.81  0.00   0.741  0.000  -0.007 0.246     3.16   2.38
  2170.00    -0.94  0.00   0.744  0.000  -0.008 0.247     3.16   2.37
  2175.00    -1.07  0.00   0.747  0.000  -0.009 0.249     3.15   2.37
  2180.00    -1.20  0.00   0.750  0.000  -0.010 0.250     3.15   2.36
  2185.00    -1.33  0.00   0.753  0.000  -0.012 0.252     3.15   2.35
  2190.00    -1.46  0.00   0.756  0.000  -0.013 0.253     3.15   2.35
  2195.00    -1.59  0.00   0.759  0.000  -0.014 0.255     3.14   2.34
  2200.00    -1.72  0.00   0.762  0.000  -0.015 0.256     3.14   2.33
  2205.00    -1.84  0.00   0.764  0.000  -0.016 0.258     3.14   2.33
  2210.00    -1.97  0.00   0.767  0.000  -0.017 0.259     3.14   2.32
  2215.00    -2.10  0.00   0.770  0.000  -0.018 0.261     3.13   2.31
  2220.00    -2.23  0.00   0.773  0.000  -0.019 0.262     3.13   2.31
  2225.00    -2.35  0.00   0.775  0.000  -0.019 0.264     3.13   2.30
  2230.00    -2.48  0.00   0.778  0.000  -0.020 0.265     3.13   2.29
  2235.00    -2.61  0.00   0.781  0.000  -0.021 0.267     3.12   2.29
  2240.00    -2.73  0.00   0.784  0.000  -0.022 0.268     3.12   2.28
  2245.00    -2.85  0.00   0.786  0.000  -0.023 0.270     3.12   2.27
  2250.00    -2.98  0.00   0.789  0.000  -0.024 0.272     3.12   2.26
  2255.00    -3.10  0.00   0.792  0.000  -0.025 0.273     3.11   2.26
  2260.00    -3.22  0.00   0.794  0.000  -0.025 0.275     3.11   2.25
  2265.00    -3.33  0.00   0.797  0.000  -0.026 0.276     3.11   2.24
  2270.00    -3.45  0.00   0.799  0.000  -0.027 0.278     3.11   2.24
  2275.00    -3.57  0.00   0.802  0.000  -0.028 0.279     3.11   2.23
  2280.00    -3.68  0.00   0.805  0.000  -0.028 0.281     3.10   2.22
  2285.00    -3.79  0.00   0.807  0.000  -0.029 0.282     3.10   2.22
  2290.00    -3.90  0.00   0.810  0.000  -0.030 0.284     3.10   2.21
  2295.00    -4.01  0.00   0.812  0.000  -0.030 0.286     3.10   2.20
  2300.00    -4.12  0.00   0.815  0.000  -0.031 0.287     3.10   2.20
  2305.00    -4.22  0.00   0.817  0.000  -0.031 0.289     3.09   2.19
  2310.00    -4.32  0.00   0.820  0.000  -0.032 0.290     3.09   2.18
  2315.00    -4.42  0.00   0.823  0.000  -0.032 0.292     3.09   2.18
  2320.00    -4.52  0.00   0.825  0.000  -0.033 0.294     3.09   2.17
  2325.00    -4.62  0.00   0.828  0.000  -0.033 0.295     3.09   2.16
  2330.00    -4.71  0.00   0.830  0.000  -0.034 0.297     3.08   2.16
  2335.00    -4.80  0.00   0.833  0.000  -0.034 0.298     3.08   2.15
  2340.00    -4.89  0.00   0.835  0.000  -0.034 0.300     3.08   2.14
  2345.00    -4.97  0.00   0.838  0.000  -0.035 0.302     3.08   2.14
  2350.00    -5.05  0.00   0.840  0.000  -0.035 0.303     3.08   2.13
  2355.00    -5.13  0.00   0.843  0.000  -0.035 0.305     3.08   2.13
  2360.00    -5.21  0.00   0.846  0.000  -0.036 0.307     3.08   2.12
  2365.00    -5.28  0.00   0.848  0.000  -0.036 0.308     3.08   2.11
  2370.00    -5.35  0.00   0.851  0.000  -0.036 0.310     3.07   2.11
  2375.00    -5.41  0.00   0.853  0.000  -0.036 0.312     3.07   2.10
  2380.00    -5.47  0.00   0.856  0.000  -0.036 0.314     3.07   2.10
  2385.00    -5.53  0.00   0.858  0.000  -0.036 0.315     3.07   2.09
  2390.00    -5.58  0.00   0.861  0.000  -0.036 0.317     3.07   2.08
  2395.00    -5.63  0.00   0.864  0.000  -0.036 0.319     3.07   2.08
  2400.00    -5.68  0.00   0.866  0.000  -0.036 0.321     3.07   2.07
