  1080.00     0.00  0.00   0.000  0.000   0.000 0.000     0.00   0.00
  1085.00     0.00  0.00   0.000  0.000   0.000 0.000     0.00   0.00
  1090.00     0.00  0.00   0.000  0.000   0.000 0.000     0.00   0.00
  1095.00     0.01  0.00   0.000  0.000   0.000 0.000     0.00   0.00
  1100.00     0.01  0.00   0.000  0.000   0.000 0.000     0.00   0.00
  1105.00     0.02  0.00   0.000  0.000   0.000 0.000     0.00   0.00
  1110.00     0.03  0.00   0.000  0.000   0.001 0.000     0.00   0.00
  1115.00     0.05  0.00   0.000  0.000   0.001 0.000     0.00   0.00
  1120.00     0.06  0.00   0.000  0.000   0.001 0.000     0.00   0.00
  1125.00     0.08  0.00   0.000  0.000   0.001 0.000     0.00   0.00
  1130.00     0.10  0.00   0.000  0.000   0.002 0.000     0.00   0.00
  1135.00     0.12  0.00   0.000  0.000   0.002 0.000     0.00   0.00
  1140.00     0.14  0.00   0.000  0.000   0.003 0.000     0.01   0.00
  1145.00     0.17  0.00   0.000  0.000   0.003 0.000     0.01   0.00
  1150.00     0.20  0.00   0.000  0.000   0.003 0.000     0.01   0.00
  1155.00     0.23  0.00   0.000  0.000   0.004 0.000     0.01   0.00
  1160.00     0.26  0.00   0.000  0.000   0.005 0.000     0.01   0.00
  1165.00     0.29  0.00   0.000  0.000   0.005 0.000     0.01   0.00
  1170.00     0.33  0.00   0.000  0.000   0.006 0.000     0.02   0.00
  1175.00     0.37  0.00   0.000  0.000   0.006 0.000     0.02   0.00
  1180.00     0.40  0.00   0.000  0.000   0.007 0.000     0.02   0.00
  1185.00     0.44  0.00   0.000  0.000   0.008 0.000     0.03   0.00
  1190.00     0.49  0.00   0.000  0.000   0.008 0.000     0.03   0.00
  1195.00     0.53  0.00   0.000  0.000   0.009 0.000     0.03   0.00
  1200.00     0.57  0.00   0.000  0.000   0.010 0.000     0.04   0.00
  1205.00     0.62  0.00   0.000  0.000   0.011 0.000     0.04   0.00
  1210.00     0.66  0.00   0.000  0.000   0.012 0.000     0.05   0.00
  1215.00     0.71  0.00   0.000  0.000   0.012 0.000     0.05   0.00
  1220.00     0.76  0.00   0.000  0.000   0.013 0.000     0.06   0.00
  1225.00     0.81  0.00   0.000  0.000   0.014 0.000     0.06   0.00
  1230.00     0.86  0.00   0.000  0.000   0.015 0.000     0.07   0.00
  1235.00     0.91  0.00   0.000  0.000   0.016 0.000     0.07   0.00
  1240.00     0.97  0.00   0.000  0.000   0.017 0.000     0.08   0.00
  1245.00     1.02  0.00   0.000  0.000   0.018 0.000     0.08   0.00
  1250.00     1.07  0.00   0.000  0.000   0.019 0.000     0.09   0.00
  1255.00     1.13  0.00   0.000  0.000   0.020 0.000     0.10   0.00
  1260.00     1.19  0.00   0.000  0.000   0.021 0.000     0.10   0.00
  1265.00     1.24  0.00   0.000  0.000   0.022 0.000     0.11   0.01
  1270.00     1.30  0.00   0.000  0.000   0.023 0.001     0.12   0.01
  1275.00     1.36  0.00   0.000  0.000   0.024 0.001     0.13   0.01
  1280.00     1.42  0.00   0.000  0.000   0.025 0.001     0.13   0.01
  1285.00     1.48  0.00   0.000  0.000   0.026 0.001     0.14   0.01
  1290.00     1.54  0.00   0.000  0.000   0.027 0.001     0.15   0.01
  1295.00     1.60  0.00   0.000  0.000   0.028 0.001     0.16   0.02
  1300.00     1.67  0.00   0.000  0.000   0.029 0.001     0.17   0.02
  1305.00     1.73  0.00   0.000  0.000   0.030 0.001     0.18   0.02
  1310.00     1.80  0.00   0.001  0.000   0.031 0.001     0.19   0.02
  1315.00     1.87  0.00   0.001  0.000   0.033 0.001     0.20   0.03
  1320.00     1.93  0.00   0.001  0.000   0.034 0.001     0.21   0.03
  1325.00     2.00  0.00   0.001  0.000   0.035 0.001     0.22   0.03
  1330.00     2.08  0.00   0.001  0.000   0.036 0.002     0.24   0.04
  1335.00     2.15  0.00   0.001  0.000   0.037 0.002     0.25   0.04
  1340.00     2.22  0.00   0.001  0.000   0.039 0.002     0.26   0.05
  1345.00     2.30  0.00   0.002  0.000   0.040 0.002     0.28   0.06
  1350.00     2.37  0.00   0.002  0.000   0.041 0.002     0.30   0.06
  1355.00     2.45  0.00   0.002  0.000   0.043 0.002     0.31   0.07
  1360.00     2.54  0.00   0.002  0.000   0.044 0.003     0.33   0.08
  1365.00     2.62  0.00   0.003  0.000   0.046 0.003     0.35   0.08
  1370.00     2.70  0.00   0.003  0.000   0.047 0.003     0.37   0.09
  1375.00     2.79  0.00   0.003  0.000   0.049 0.003     0.39   0.10
  1380.00     2.88  0.00   0.004  0.000   0.050 0.003     0.41   0.11
  1385.00     2.98  0.00   0.004  0.000   0.052 0.004     0.44   0.12
  1390.00     3.07  0.00   0.005  0.000   0.053 0.004     0.46   0.14
  1395.00     3.17  0.00   0.005  0.000   0.055 0.004     0.49   0.15
  1400.00     3.28  0.00   0.006  0.000   0.057 0.005     0.52   0.17
  1405.00     3.38  0.00   0.007  0.000   0.059 0.005     0.55   0.18
  1410.00     3.49  0.00   0.008  0.000   0.061 0.006     0.59   0.20
  1415.00     3.61  0.00   0.008  0.000   0.063 0.006     0.62   0.22
  1420.00     3.72  0.00   0.009  0.000   0.065 0.007     0.66   0.24
  1425.00     3.85  0.00   0.011  0.000   0.067 0.007     0.70   0.26
  1430.00     3.98  0.00   0.012  0.000   0.069 0.008     0.75   0.28
  1435.00     4.11  0.00   0.013  0.000   0.071 0.008     0.79   0.31
  1440.00     4.25  0.00   0.014  0.000   0.073 0.009     0.84   0.34
  1445.00     4.39  0.00   0.016  0.000   0.076 0.010     0.90   0.37
  1450.00     4.54  0.00   0.018  0.000   0.078 0.011     0.96   0.40
  1455.00     4.70  0.00   0.020  0.000   0.081 0.012     1.02   0.43
  1460.00     4.87  0.00   0.022  0.000   0.084 0.013     1.09   0.47
  1465.00     5.04  0.00   0.024  0.000   0.086 0.014     1.16   0.51
  1470.00     5.22  0.00   0.027  0.000   0.089 0.015     1.24   0.56
  1475.00     5.41  0.00   0.030  0.000   0.092 0.016     1.33   0.60
  1480.00     5.61  0.00   0.033  0.000   0.096 0.018     1.42   0.66
  1485.00     5.82  0.00   0.036  0.000   0.099 0.019     1.52   0.71
  1490.00     6.04  0.00   0.040  0.000   0.103 0.021     1.63   0.78
  1495.00     6.28  0.00   0.044  0.000   0.106 0.023     1.75   0.84
  1500.00     6.53  0.00   0.049  0.000   0.110 0.025     1.88   0.92
  1505.00     6.79  0.00   0.054  0.000   0.114 0.027     2.02   1.00
  1510.00     7.06  0.00   0.060  0.000   0.118 0.030     2.17   1.09
  1515.00     7.35  0.00   0.066  0.000   0.123 0.033     2.34   1.18
  1520.00     7.66  0.00   0.073  0.000   0.127 0.036     2.52   1.29
  1525.00     7.99  0.00   0.081  0.000   0.132 0.039     2.72   1.41
  1530.00     8.34  0.00   0.090  0.000   0.137 0.043     2.94   1.53
  1535.00     8.71  0.00   0.099  0.000   0.142 0.047     3.19   1.67
  1540.00     9.11  0.00   0.110  0.000   0.147 0.052     3.45   1.83
  1545.00     9.53  0.00   0.122  0.000   0.153 0.057     3.74   2.00
  1550.00     9.97  0.00   0.136  0.000   0.159 0.063     4.06   2.19
  1555.00    10.45  0.00   0.151  0.000   0.164 0.070     4.41   2.39
  1560.00    10.96  0.00   0.168  0.000   0.170 0.077     4.80   2.62
  1565.00    11.50  0.00   0.186  0.000   0.176 0.085     5.23   2.87
  1570.00    12.07  0.00   0.207  0.000   0.182 0.094     5.70   3.15
  1575.00    12.69  0.00   0.231  0.000   0.188 0.104     6.22   3.46
  1580.00    13.34  0.00   0.257  0.000   0.194 0.115     6.79   3.79
  1585.00    14.03  0.00   0.286  0.000   0.199 0.127     7.41   4.16
  1590.00    14.77  0.00   0.318  0.000   0.204 0.141     8.09   4.57
  1595.00    15.54  0.00   0.353  0.000   0.208 0.156     8.82   5.01
  1600.00    16.36  0.00   0.392  0.000   0.211 0.172     9.62   5.48
  1605.00    17.20  0.00   0.435  0.000   0.212 0.190    10.47   5.99
  1610.00    18.07  0.00   0.480  0.000   0.213 0.209    11.37   6.54
  1615.00    18.94  0.00   0.529  0.000   0.211 0.229    12.32   7.11
  1620.00    19.81  0.00   0.581  0.000   0.206 0.251    13.29   7.70
  1625.00    20.63  0.00   0.634  0.000   0.199 0.273    14.27   8.30
  1630.00    21.35  0.00   0.688  0.000   0.189 0.295    15.23   8.89
  1635.00    21.91  0.00   0.741  0.000   0.176 0.317    16.15   9.46
  1640.00    22.19  0.00   0.792  0.000   0.159 0.337    16.99   9.98
  1645.00    22.04  0.00   0.839  0.000   0.139 0.356    17.71  10.44
  1650.00    21.19  0.00   0.880  0.000   0.117 0.372    18.28  10.81
  1655.00    19.29  0.00   0.914  0.000   0.092 0.385    18.69  11.08
  1660.00    15.80  0.00   0.939  0.000   0.065 0.394    18.91  11.25
  1665.00    10.25  0.00   0.954  0.000   0.037 0.400    18.93  11.30
  1670.00     2.90  0.00   0.961  0.000   0.010 0.401    18.78  11.24
  1675.00    -4.66  0.00   0.958  0.000  -0.017 0.399    18.45  11.07
  1680.00   -10.70  0.00   0.948  0.000  -0.042 0.394    17.99  10.82
  1685.00   -14.74  0.00   0.931  0.000  -0.065 0.386    17.40  10.51
  1690.00   -17.20  0.00   0.908  0.000  -0.086 0.375    16.74  10.13
  1695.00   -18.60  0.00   0.882  0.000  -0.104 0.363    16.02   9.72
  1700.00   -19.31  0.00   0.853  0.000  -0.120 0.350    15.26   9.29
  1705.00   -19.59  0.00   0.822  0.000  -0.133 0.336    14.50   8.86
  1710.00   -19.59  0.00   0.790  0.000  -0.145 0.323    13.74   8.42
  1715.00   -19.41  0.00   0.759  0.000  -0.154 0.309    13.01   7.99
  1720.00   -19.12  0.00   0.728  0.000  -0.161 0.295    12.30   7.58
  1725.00   -18.77  0.00   0.698  0.000  -0.167 0.282    11.62   7.19
  1730.00   -18.37  0.00   0.669  0.000  -0.172 0.270    10.99   6.82
  1735.00   -17.96  0.00   0.642  0.000  -0.175 0.258    10.39   6.47
  1740.00   -17.54  0.00   0.616  0.000  -0.178 0.247     9.83   6.14
  1745.00   -17.12  0.00   0.592  0.000  -0.180 0.236     9.31   5.84
  1750.00   -16.71  0.00   0.570  0.000  -0.181 0.226     8.83   5.56
  1755.00   -16.30  0.00   0.549  0.000  -0.181 0.217     8.38   5.30
  1760.00   -15.91  0.00   0.529  0.000  -0.181 0.209     7.96   5.05
  1765.00   -15.54  0.00   0.511  0.000  -0.180 0.201     7.58   4.83
  1770.00   -15.17  0.00   0.494  0.000  -0.180 0.193     7.23   4.62
  1775.00   -14.83  0.00   0.479  0.000  -0.179 0.186     6.90   4.43
  1780.00   -14.50  0.00   0.465  0.000  -0.177 0.180     6.60   4.26
  1785.00   -14.18  0.00   0.452  0.000  -0.176 0.174     6.32   4.09
  1790.00   -13.87  0.00   0.440  0.000  -0.174 0.169     6.06   3.94
  1795.00   -13.58  0.00   0.428  0.000  -0.173 0.164     5.82   3.81
  1800.00   -13.30  0.00   0.418  0.000  -0.171 0.159     5.59   3.68
  1805.00   -13.04  0.00   0.409  0.000  -0.169 0.155     5.39   3.56
  1810.00   -12.78  0.00   0.400  0.000  -0.167 0.151     5.20   3.45
  1815.00   -12.54  0.00   0.393  0.000  -0.165 0.147     5.02   3.35
  1820.00   -12.31  0.00   0.386  0.000  -0.163 0.144     4.86   3.26
  1825.00   -12.08  0.00   0.379  0.000  -0.161 0.141     4.70   3.17
  1830.00   -11.87  0.00   0.373  0.000  -0.159 0.138     4.56   3.09
  1835.00   -11.66  0.00   0.368  0.000  -0.157 0.135     4.43   3.02
  1840.00   -11.46  0.00   0.363  0.000  -0.155 0.132     4.31   2.95
  1845.00   -11.27  0.00   0.359  0.000  -0.153 0.130     4.20   2.89
  1850.00   -11.09  0.00   0.355  0.000  -0.152 0.128     4.09   2.83
  1855.00   -10.91  0.00   0.352  0.000  -0.150 0.126     3.99   2.78
  1860.00   -10.74  0.00   0.349  0.000  -0.148 0.124     3.90   2.73
  1865.00   -10.57  0.00   0.346  0.000  -0.146 0.123     3.81   2.69
  1870.00   -10.41  0.00   0.344  0.000  -0.144 0.121     3.74   2.64
  1875.00   -10.26  0.00   0.342  0.000  -0.142 0.120     3.66   2.61
  1880.00   -10.11  0.00   0.341  0.000  -0.140 0.119     3.59   2.57
  1885.00    -9.96  0.00   0.339  0.000  -0.139 0.118     3.53   2.54
  1890.00    -9.82  0.00   0.339  0.000  -0.137 0.117     3.47   2.51
  1895.00    -9.69  0.00   0.338  0.000  -0.135 0.116     3.42   2.48
  1900.00    -9.56  0.00   0.338  0.000  -0.133 0.116     3.36   2.46
  1905.00    -9.43  0.00   0.338  0.000  -0.132 0.115     3.32   2.44
  1910.00    -9.30  0.00   0.338  0.000  -0.130 0.114     3.27   2.42
  1915.00    -9.18  0.00   0.338  0.000  -0.128 0.114     3.23   2.40
  1920.00    -9.07  0.00   0.339  0.000  -0.127 0.114     3.20   2.38
  1925.00    -8.95  0.00   0.340  0.000  -0.125 0.113     3.16   2.37
  1930.00    -8.84  0.00   0.341  0.000  -0.123 0.113     3.13   2.36
  1935.00    -8.73  0.00   0.342  0.000  -0.122 0.113     3.10   2.35
  1940.00    -8.63  0.00   0.344  0.000  -0.120 0.113     3.08   2.34
  1945.00    -8.53  0.00   0.346  0.000  -0.119 0.113     3.05   2.33
  1950.00    -8.43  0.00   0.348  0.000  -0.117 0.114     3.03   2.32
  1955.00    -8.33  0.00   0.350  0.000  -0.116 0.114     3.01   2.32
  1960.00    -8.23  0.00   0.352  0.000  -0.114 0.114     3.00   2.31
  1965.00    -8.14  0.00   0.355  0.000  -0.113 0.114     2.98   2.31
  1970.00    -8.05  0.00   0.357  0.000  -0.111 0.115     2.97   2.31
  1975.00    -7.97  0.00   0.360  0.000  -0.110 0.115     2.96   2.31
  1980.00    -7.88  0.00   0.363  0.000  -0.108 0.116     2.95   2.31
  1985.00    -7.80  0.00   0.366  0.000  -0.107 0.117     2.94   2.31
  1990.00    -7.72  0.00   0.369  0.000  -0.106 0.117     2.93   2.31
  1995.00    -7.65  0.00   0.373  0.000  -0.104 0.118     2.93   2.31
  2000.00    -7.58  0.00   0.376  0.000  -0.103 0.119     2.93   2.32
  2005.00    -7.50  0.00   0.380  0.000  -0.102 0.120     2.92   2.32
  2010.00    -7.44  0.00   0.384  0.000  -0.101 0.121     2.92   2.32
  2015.00    -7.37  0.00   0.388  0.000  -0.100 0.122     2.92   2.33
  2020.00    -7.31  0.00   0.392  0.000  -0.098 0.123     2.92   2.34
  2025.00    -7.25  0.00   0.396  0.000  -0.097 0.124     2.93   2.34
  2030.00    -7.19  0.00   0.400  0.000  -0.096 0.125     2.93   2.35
  2035.00    -7.14  0.00   0.404  0.000  -0.095 0.126     2.94   2.36
  2040.00    -7.09  0.00   0.409  0.000  -0.094 0.127     2.94   2.36
  2045.00    -7.04  0.00   0.413  0.000  -0.093 0.129     2.95   2.37
  2050.00    -7.00  0.00   0.418  0.000  -0.092 0.130     2.96   2.38
  2055.00    -6.96  0.00   0.422  0.000  -0.091 0.131     2.96   2.39
  2060.00    -6.92  0.00   0.427  0.000  -0.091 0.133     2.97   2.39
  2065.00    -6.88  0.00   0.432  0.000  -0.090 0.134     2.98   2.40
  2070.00    -6.85  0.00   0.437  0.000  -0.089 0.135     2.99   2.41
  2075.00    -6.83  0.00   0.442  0.000  -0.088 0.137     3.00   2.42
  2080.00    -6.80  0.00   0.446  0.000  -0.088 0.138     3.01   2.43
  2085.00    -6.79  0.00   0.451  0.000  -0.087 0.140     3.02   2.44
  2090.00    -6.77  0.00   0.456  0.000  -0.086 0.142     3.03   2.45
  2095.00    -6.76  0.00   0.461  0.000  -0.086 0.143     3.05   2.45
  2100.00    -6.75  0.00   0.466  0.000  -0.085 0.145     3.06   2.46
  2105.00    -6.75  0.00   0.471  0.000  -0.085 0.146     3.07   2.47
  2110.00    -6.75  0.00   0.476  0.000  -0.085 0.148     3.08   2.48
  2115.00    -6.76  0.00   0.481  0.000  -0.084 0.150     3.09   2.48
  2120.00    -6.77  0.00   0.485  0.000  -0.084 0.151     3.11   2.49
  2125.00    -6.78  0.00   0.490  0.000  -0.084 0.153     3.12   2.50
  2130.00    -6.80  0.00   0.495  0.000  -0.084 0.155     3.13   2.50
  2135.00    -6.82  0.00   0.500  0.000  -0.083 0.156     3.14   2.51
  2140.00    -6.85  0.00   0.504  0.000  -0.083 0.158     3.15   2.52
  2145.00    -6.88  0.00   0.509  0.000  -0.083 0.160     3.16   2.52
  2150.00    -6.92  0.00   0.513  0.000  -0.083 0.161     3.17   2.52
  2155.00    -6.96  0.00   0.517  0.000  -0.084 0.163     3.18   2.53
  2160.00    -7.00  0.00   0.522  0.000  -0.084 0.164     3.19   2.53
  2165.00    -7.05  0.00   0.526  0.000  -0.084 0.166     3.20   2.53
  2170.00    -7.11  0.00   0.530  0.000  -0.084 0.168     3.21   2.54
  2175.00    -7.16  0.00   0.534  0.000  -0.084 0.169     3.22   2.54
  2180.00    -7.22  0.00   0.537  0.000  -0.085 0.171     3.22   2.54
  2185.00    -7.29  0.00   0.541  0.000  -0.085 0.172     3.23   2.54
  2190.00    -7.35  0.00   0.545  0.000  -0.086 0.174     3.23   2.54
  2195.00    -7.42  0.00   0.548  0.000  -0.086 0.175     3.24   2.53
  2200.00    -7.50  0.00   0.551  0.000  -0.087 0.176     3.24   2.53
  2205.00    -7.57  0.00   0.554  0.000  -0.087 0.178     3.24   2.53
  2210.00    -7.65  0.00   0.557  0.000  -0.088 0.179     3.25   2.53
  2215.00    -7.73  0.00   0.559  0.000  -0.088 0.180     3.25   2.52
  2220.00    -7.81  0.00   0.562  0.000  -0.089 0.181     3.25   2.52
  2225.00    -7.90  0.00   0.564  0.000  -0.090 0.182     3.25   2.51
  2230.00    -7.98  0.00   0.566  0.000  -0.091 0.183     3.24   2.50
  2235.00    -8.07  0.00   0.568  0.000  -0.091 0.184     3.24   2.50
  2240.00    -8.16  0.00   0.570  0.000  -0.092 0.185     3.23   2.49
  2245.00    -8.24  0.00   0.572  0.000  -0.093 0.186     3.23   2.48
  2250.00    -8.33  0.00   0.573  0.000  -0.094 0.187     3.22   2.47
  2255.00    -8.41  0.00   0.574  0.000  -0.094 0.188     3.21   2.46
  2260.00    -8.50  0.00   0.576  0.000  -0.095 0.188     3.20   2.45
  2265.00    -8.58  0.00   0.576  0.000  -0.096 0.189     3.19   2.43
  2270.00    -8.67  0.00   0.577  0.000  -0.097 0.190     3.18   2.42
  2275.00    -8.75  0.00   0.578  0.000  -0.098 0.190     3.17   2.41
  2280.00    -8.82  0.00   0.578  0.000  -0.098 0.191     3.16   2.40
  2285.00    -8.90  0.00   0.578  0.000  -0.099 0.191     3.14   2.38
  2290.00    -8.97  0.00   0.578  0.000  -0.100 0.191     3.13   2.37
  2295.00    -9.04  0.00   0.578  0.000  -0.101 0.191     3.11   2.35
  2300.00    -9.10  0.00   0.578  0.000  -0.102 0.191     3.10   2.34
  2305.00    -9.17  0.00   0.578  0.000  -0.102 0.191     3.08   2.32
  2310.00    -9.22  0.00   0.577  0.000  -0.103 0.191     3.06   2.30
  2315.00    -9.28  0.00   0.576  0.000  -0.104 0.191     3.04   2.29
  2320.00    -9.32  0.00   0.575  0.000  -0.104 0.191     3.02   2.27
  2325.00    -9.37  0.00   0.574  0.000  -0.105 0.191     3.00   2.25
  2330.00    -9.41  0.00   0.573  0.000  -0.105 0.191     2.98   2.23
  2335.00    -9.44  0.00   0.572  0.000  -0.106 0.190     2.95   2.22
  2340.00    -9.47  0.00   0.571  0.000  -0.106 0.190     2.93   2.20
  2345.00    -9.49  0.00   0.569  0.000  -0.107 0.190     2.90   2.18
  2350.00    -9.51  0.00   0.568  0.000  -0.107 0.189     2.88   2.16
  2355.00    -9.52  0.00   0.566  0.000  -0.107 0.189     2.85   2.14
  2360.00    -9.52  0.00   0.564  0.000  -0.108 0.188     2.83   2.12
  2365.00    -9.52  0.00   0.562  0.000  -0.108 0.187     2.80   2.10
  2370.00    -9.52  0.00   0.560  0.000  -0.108 0.187     2.77   2.08
  2375.00    -9.50  0.00   0.558  0.000  -0.108 0.186     2.75   2.06
  2380.00    -9.49  0.00   0.556  0.000  -0.108 0.185     2.72   2.04
  2385.00    -9.46  0.00   0.554  0.000  -0.108 0.184     2.69   2.02
  2390.00    -9.43  0.00   0.552  0.000  -0.108 0.183     2.66   2.00
  2395.00    -9.39  0.00   0.550  0.000  -0.108 0.182     2.63   1.98
  2400.00    -9.35  0.00   0.547  0.000  -0.108 0.181     2.60   1.96
