  1080.00     0.00  0.00   0.000  0.000   0.000 0.000     0.00   0.00
  1085.00     0.00  0.00   0.000  0.000   0.000 0.000     0.00   0.00
  1090.00     0.00  0.00   0.000  0.000   0.000 0.000     0.00   0.00
  1095.00     0.00  0.00   0.000  0.000   0.000 0.000     0.00   0.00
  1100.00     0.00  0.00   0.000  0.000   0.000 0.000     0.00   0.00
  1105.00     0.01  0.00   0.000  0.000   0.000 0.000     0.00   0.00
  1110.00     0.01  0.00   0.000  0.000   0.000 0.000     0.00   0.00
  1115.00     0.01  0.00   0.000  0.000   0.000 0.000     0.00   0.00
  1120.00     0.02  0.00   0.000  0.000   0.000 0.000     0.00   0.00
  1125.00     0.02  0.00   0.000  0.000   0.000 0.000     0.00   0.00
  1130.00     0.03  0.00   0.000  0.000   0.001 0.000     0.00   0.00
  1135.00     0.04  0.00   0.000  0.000   0.001 0.000     0.00   0.00
  1140.00     0.04  0.00   0.000  0.000   0.001 0.000     0.00   0.00
  1145.00     0.05  0.00   0.000  0.000   0.001 0.000     0.00   0.00
  1150.00     0.06  0.00   0.000  0.000   0.001 0.000     0.00   0.00
  1155.00     0.07  0.00   0.000  0.000   0.001 0.000     0.00   0.00
  1160.00     0.08  0.00   0.000  0.000   0.001 0.000     0.00   0.00
  1165.00     0.09  0.00   0.000  0.000   0.001 0.000     0.00   0.00
  1170.00     0.10  0.00   0.000  0.000   0.002 0.000     0.00   0.00
  1175.00     0.11  0.00   0.000  0.000   0.002 0.000     0.00   0.00
  1180.00     0.12  0.00   0.000  0.000   0.002 0.000     0.00   0.00
  1185.00     0.13  0.00   0.000  0.000   0.002 0.000     0.00   0.00
  1190.00     0.14  0.00   0.000  0.000   0.002 0.000     0.00   0.00
  1195.00     0.15  0.00   0.000  0.000   0.003 0.000     0.00   0.00
  1200.00     0.16  0.00   0.000  0.000   0.003 0.000     0.00   0.00
  1205.00     0.17  0.00   0.000  0.000   0.003 0.000     0.00   0.00
  1210.00     0.18  0.00   0.000  0.000   0.003 0.000     0.00   0.00
  1215.00     0.19  0.00   0.000  0.000   0.003 0.000     0.00   0.00
  1220.00     0.20  0.00   0.000  0.000   0.003 0.000     0.00   0.00
  1225.00     0.21  0.00   0.000  0.000   0.004 0.000     0.00   0.00
  1230.00     0.22  0.00   0.000  0.000   0.004 0.000     0.00   0.00
  1235.00     0.22  0.00   0.000  0.000   0.004 0.000     0.01   0.00
  1240.00     0.23  0.00   0.000  0.000   0.004 0.000     0.01   0.01
  1245.00     0.24  0.00   0.000  0.000   0.004 0.000     0.01   0.01
  1250.00     0.25  0.00   0.000  0.000   0.004 0.000     0.01   0.01
  1255.00     0.26  0.00   0.000  0.000   0.004 0.000     0.02   0.01
  1260.00     0.26  0.00   0.000  0.000   0.005 0.000     0.02   0.02
  1265.00     0.27  0.00   0.001  0.000   0.005 0.000     0.02   0.02
  1270.00     0.28  0.00   0.001  0.000   0.005 0.000     0.03   0.02
  1275.00     0.28  0.00   0.001  0.000   0.005 0.000     0.03   0.03
  1280.00     0.29  0.00   0.001  0.000   0.005 0.000     0.04   0.03
  1285.00     0.29  0.00   0.001  0.000   0.005 0.000     0.04   0.04
  1290.00     0.30  0.00   0.001  0.000   0.005 0.000     0.05   0.05
  1295.00     0.30  0.00   0.002  0.000   0.005 0.000     0.06   0.05
  1300.00     0.31  0.00   0.002  0.000   0.005 0.001     0.07   0.06
  1305.00     0.31  0.00   0.003  0.000   0.005 0.001     0.08   0.07
  1310.00     0.32  0.00   0.003  0.000   0.006 0.001     0.09   0.08
  1315.00     0.32  0.00   0.004  0.000   0.006 0.001     0.10   0.10
  1320.00     0.33  0.00   0.004  0.000   0.006 0.001     0.12   0.11
  1325.00     0.33  0.00   0.005  0.000   0.006 0.001     0.13   0.13
  1330.00     0.34  0.00   0.006  0.000   0.006 0.001     0.15   0.14
  1335.00     0.34  0.00   0.007  0.000   0.006 0.002     0.17   0.16
  1340.00     0.35  0.00   0.008  0.000   0.006 0.002     0.19   0.18
  1345.00     0.35  0.00   0.009  0.000   0.006 0.002     0.21   0.21
  1350.00     0.36  0.00   0.010  0.000   0.006 0.003     0.24   0.23
  1355.00     0.37  0.00   0.012  0.000   0.006 0.003     0.26   0.26
  1360.00     0.37  0.00   0.013  0.000   0.006 0.003     0.29   0.29
  1365.00     0.38  0.00   0.015  0.000   0.007 0.004     0.33   0.32
  1370.00     0.39  0.00   0.017  0.000   0.007 0.004     0.36   0.35
  1375.00     0.40  0.00   0.019  0.000   0.007 0.005     0.40   0.39
  1380.00     0.41  0.00   0.022  0.000   0.007 0.005     0.43   0.43
  1385.00     0.41  0.00   0.024  0.000   0.007 0.006     0.47   0.47
  1390.00     0.42  0.00   0.027  0.000   0.007 0.007     0.52   0.51
  1395.00     0.43  0.00   0.030  0.000   0.007 0.008     0.56   0.55
  1400.00     0.44  0.00   0.033  0.000   0.008 0.008     0.60   0.60
  1405.00     0.45  0.00   0.036  0.000   0.008 0.009     0.65   0.64
  1410.00     0.46  0.00   0.040  0.000   0.008 0.010     0.70   0.69
  1415.00     0.47  0.00   0.043  0.000   0.008 0.011     0.75   0.74
  1420.00     0.48  0.00   0.047  0.000   0.008 0.012     0.80   0.79
  1425.00     0.49  0.00   0.051  0.000   0.008 0.013     0.86   0.84
  1430.00     0.51  0.00   0.056  0.000   0.009 0.014     0.92   0.90
  1435.00     0.52  0.00   0.060  0.000   0.009 0.015     0.97   0.95
  1440.00     0.53  0.00   0.065  0.000   0.009 0.017     1.03   1.01
  1445.00     0.55  0.00   0.071  0.000   0.009 0.018     1.10   1.07
  1450.00     0.56  0.00   0.076  0.000   0.009 0.019     1.16   1.13
  1455.00     0.58  0.00   0.082  0.000   0.010 0.021     1.23   1.20
  1460.00     0.60  0.00   0.088  0.000   0.010 0.023     1.30   1.26
  1465.00     0.61  0.00   0.094  0.000   0.010 0.024     1.37   1.33
  1470.00     0.63  0.00   0.101  0.000   0.010 0.026     1.45   1.40
  1475.00     0.65  0.00   0.108  0.000   0.011 0.028     1.52   1.47
  1480.00     0.67  0.00   0.115  0.000   0.011 0.030     1.60   1.55
  1485.00     0.69  0.00   0.123  0.000   0.011 0.032     1.68   1.62
  1490.00     0.71  0.00   0.131  0.000   0.011 0.034     1.77   1.70
  1495.00     0.72  0.00   0.140  0.000   0.012 0.036     1.86   1.78
  1500.00     0.74  0.00   0.149  0.000   0.012 0.039     1.95   1.87
  1505.00     0.76  0.00   0.158  0.000   0.012 0.041     2.05   1.95
  1510.00     0.77  0.00   0.168  0.000   0.012 0.044     2.14   2.04
  1515.00     0.79  0.00   0.178  0.000   0.012 0.047     2.24   2.13
  1520.00     0.80  0.00   0.189  0.000   0.013 0.050     2.35   2.22
  1525.00     0.81  0.00   0.200  0.000   0.013 0.053     2.46   2.32
  1530.00     0.81  0.00   0.212  0.000   0.013 0.056     2.57   2.42
  1535.00     0.81  0.00   0.224  0.000   0.012 0.060     2.68   2.52
  1540.00     0.80  0.00   0.237  0.000   0.012 0.063     2.80   2.62
  1545.00     0.79  0.00   0.250  0.000   0.012 0.067     2.93   2.72
  1550.00     0.76  0.00   0.263  0.000   0.011 0.071     3.05   2.83
  1555.00     0.73  0.00   0.277  0.000   0.011 0.075     3.18   2.93
  1560.00     0.69  0.00   0.292  0.000   0.010 0.079     3.31   3.04
  1565.00     0.63  0.00   0.306  0.000   0.009 0.084     3.44   3.15
  1570.00     0.56  0.00   0.321  0.000   0.008 0.088     3.57   3.26
  1575.00     0.47  0.00   0.337  0.000   0.007 0.093     3.71   3.36
  1580.00     0.36  0.00   0.352  0.000   0.005 0.098     3.85   3.47
  1585.00     0.23  0.00   0.368  0.000   0.003 0.102     3.98   3.57
  1590.00     0.07  0.00   0.383  0.000   0.001 0.107     4.11   3.67
  1595.00    -0.11  0.00   0.399  0.000  -0.001 0.112     4.25   3.77
  1600.00    -0.32  0.00   0.414  0.000  -0.004 0.117     4.38   3.86
  1605.00    -0.56  0.00   0.429  0.000  -0.007 0.122     4.50   3.95
  1610.00    -0.83  0.00   0.444  0.000  -0.011 0.127     4.62   4.03
  1615.00    -1.14  0.00   0.458  0.000  -0.015 0.132     4.73   4.10
  1620.00    -1.48  0.00   0.471  0.000  -0.019 0.137     4.83   4.16
  1625.00    -1.86  0.00   0.483  0.000  -0.023 0.141     4.93   4.21
  1630.00    -2.26  0.00   0.494  0.000  -0.028 0.145     5.01   4.26
  1635.00    -2.70  0.00   0.504  0.000  -0.033 0.149     5.08   4.29
  1640.00    -3.17  0.00   0.513  0.000  -0.039 0.153     5.14   4.31
  1645.00    -3.66  0.00   0.520  0.000  -0.044 0.157     5.19   4.32
  1650.00    -4.16  0.00   0.527  0.000  -0.050 0.160     5.23   4.31
  1655.00    -4.68  0.00   0.531  0.000  -0.056 0.162     5.25   4.30
  1660.00    -5.21  0.00   0.534  0.000  -0.062 0.164     5.25   4.27
  1665.00    -5.74  0.00   0.536  0.000  -0.068 0.166     5.25   4.23
  1670.00    -6.26  0.00   0.537  0.000  -0.074 0.168     5.23   4.18
  1675.00    -6.76  0.00   0.536  0.000  -0.080 0.169     5.20   4.13
  1680.00    -7.26  0.00   0.534  0.000  -0.086 0.169     5.16   4.06
  1685.00    -7.73  0.00   0.530  0.000  -0.091 0.170     5.11   3.99
  1690.00    -8.17  0.00   0.526  0.000  -0.097 0.170     5.05   3.91
  1695.00    -8.59  0.00   0.521  0.000  -0.102 0.169     4.98   3.83
  1700.00    -8.97  0.00   0.515  0.000  -0.107 0.169     4.90   3.74
  1705.00    -9.33  0.00   0.509  0.000  -0.112 0.168     4.83   3.65
  1710.00    -9.66  0.00   0.502  0.000  -0.117 0.167     4.74   3.56
  1715.00    -9.96  0.00   0.494  0.000  -0.121 0.166     4.66   3.47
  1720.00   -10.23  0.00   0.487  0.000  -0.125 0.164     4.57   3.38
  1725.00   -10.47  0.00   0.479  0.000  -0.129 0.163     4.48   3.29
  1730.00   -10.68  0.00   0.472  0.000  -0.132 0.162     4.39   3.20
  1735.00   -10.88  0.00   0.464  0.000  -0.136 0.160     4.30   3.12
  1740.00   -11.05  0.00   0.457  0.000  -0.139 0.159     4.21   3.03
  1745.00   -11.20  0.00   0.449  0.000  -0.141 0.157     4.13   2.95
  1750.00   -11.33  0.00   0.443  0.000  -0.144 0.156     4.04   2.88
  1755.00   -11.45  0.00   0.436  0.000  -0.146 0.154     3.96   2.80
  1760.00   -11.56  0.00   0.430  0.000  -0.148 0.153     3.89   2.73
  1765.00   -11.65  0.00   0.424  0.000  -0.150 0.151     3.81   2.67
  1770.00   -11.73  0.00   0.418  0.000  -0.152 0.150     3.74   2.61
  1775.00   -11.80  0.00   0.413  0.000  -0.153 0.149     3.67   2.55
  1780.00   -11.87  0.00   0.408  0.000  -0.155 0.148     3.61   2.49
  1785.00   -11.93  0.00   0.404  0.000  -0.156 0.147     3.55   2.44
  1790.00   -11.98  0.00   0.400  0.000  -0.157 0.146     3.49   2.39
  1795.00   -12.03  0.00   0.396  0.000  -0.158 0.145     3.44   2.35
  1800.00   -12.07  0.00   0.393  0.000  -0.159 0.144     3.39   2.30
  1805.00   -12.11  0.00   0.390  0.000  -0.160 0.144     3.34   2.26
  1810.00   -12.15  0.00   0.388  0.000  -0.161 0.143     3.30   2.23
  1815.00   -12.19  0.00   0.385  0.000  -0.162 0.143     3.25   2.19
  1820.00   -12.23  0.00   0.384  0.000  -0.162 0.143     3.22   2.16
  1825.00   -12.26  0.00   0.382  0.000  -0.163 0.142     3.18   2.13
  1830.00   -12.30  0.00   0.381  0.000  -0.164 0.142     3.15   2.11
  1835.00   -12.33  0.00   0.380  0.000  -0.164 0.142     3.11   2.08
  1840.00   -12.37  0.00   0.380  0.000  -0.165 0.142     3.09   2.06
  1845.00   -12.40  0.00   0.379  0.000  -0.165 0.142     3.06   2.04
  1850.00   -12.44  0.00   0.379  0.000  -0.166 0.143     3.03   2.02
  1855.00   -12.47  0.00   0.379  0.000  -0.166 0.143     3.01   2.00
  1860.00   -12.51  0.00   0.380  0.000  -0.167 0.143     2.99   1.98
  1865.00   -12.55  0.00   0.380  0.000  -0.167 0.144     2.97   1.97
  1870.00   -12.59  0.00   0.381  0.000  -0.167 0.144     2.95   1.95
  1875.00   -12.63  0.00   0.382  0.000  -0.168 0.145     2.94   1.94
  1880.00   -12.67  0.00   0.383  0.000  -0.168 0.145     2.92   1.93
  1885.00   -12.71  0.00   0.385  0.000  -0.168 0.146     2.91   1.92
  1890.00   -12.76  0.00   0.386  0.000  -0.169 0.146     2.90   1.91
  1895.00   -12.80  0.00   0.388  0.000  -0.169 0.147     2.88   1.90
  1900.00   -12.85  0.00   0.390  0.000  -0.169 0.148     2.87   1.89
  1905.00   -12.90  0.00   0.392  0.000  -0.170 0.149     2.87   1.88
  1910.00   -12.95  0.00   0.394  0.000  -0.170 0.150     2.86   1.88
  1915.00   -13.00  0.00   0.396  0.000  -0.170 0.151     2.85   1.87
  1920.00   -13.05  0.00   0.398  0.000  -0.171 0.152     2.84   1.87
  1925.00   -13.11  0.00   0.400  0.000  -0.171 0.153     2.84   1.86
  1930.00   -13.17  0.00   0.403  0.000  -0.171 0.154     2.83   1.86
  1935.00   -13.22  0.00   0.405  0.000  -0.172 0.155     2.83   1.85
  1940.00   -13.28  0.00   0.408  0.000  -0.172 0.156     2.82   1.85
  1945.00   -13.34  0.00   0.411  0.000  -0.172 0.157     2.82   1.84
  1950.00   -13.41  0.00   0.414  0.000  -0.173 0.158     2.82   1.84
  1955.00   -13.47  0.00   0.416  0.000  -0.173 0.159     2.82   1.84
  1960.00   -13.54  0.00   0.419  0.000  -0.173 0.161     2.82   1.84
  1965.00   -13.61  0.00   0.422  0.000  -0.174 0.162     2.81   1.83
  1970.00   -13.67  0.00   0.425  0.000  -0.174 0.163     2.81   1.83
  1975.00   -13.74  0.00   0.428  0.000  -0.174 0.165     2.81   1.83
  1980.00   -13.82  0.00   0.431  0.000  -0.175 0.166     2.81   1.83
  1985.00   -13.89  0.00   0.435  0.000  -0.175 0.167     2.81   1.83
  1990.00   -13.96  0.00   0.438  0.000  -0.176 0.169     2.81   1.82
  1995.00   -14.04  0.00   0.441  0.000  -0.176 0.170     2.81   1.82
  2000.00   -14.12  0.00   0.444  0.000  -0.176 0.172     2.82   1.82
  2005.00   -14.20  0.00   0.448  0.000  -0.177 0.173     2.82   1.82
  2010.00   -14.28  0.00   0.451  0.000  -0.177 0.175     2.82   1.82
  2015.00   -14.36  0.00   0.454  0.000  -0.177 0.176     2.82   1.82
  2020.00   -14.44  0.00   0.458  0.000  -0.178 0.178     2.82   1.82
  2025.00   -14.52  0.00   0.461  0.000  -0.178 0.179     2.82   1.82
  2030.00   -14.61  0.00   0.464  0.000  -0.179 0.181     2.83   1.82
  2035.00   -14.70  0.00   0.468  0.000  -0.179 0.182     2.83   1.82
  2040.00   -14.78  0.00   0.471  0.000  -0.179 0.184     2.83   1.82
  2045.00   -14.87  0.00   0.475  0.000  -0.180 0.185     2.83   1.81
  2050.00   -14.96  0.00   0.478  0.000  -0.180 0.187     2.84   1.81
  2055.00   -15.06  0.00   0.482  0.000  -0.181 0.189     2.84   1.81
  2060.00   -15.15  0.00   0.485  0.000  -0.181 0.190     2.84   1.81
  2065.00   -15.24  0.00   0.489  0.000  -0.181 0.192     2.85   1.81
  2070.00   -15.34  0.00   0.492  0.000  -0.182 0.194     2.85   1.81
  2075.00   -15.44  0.00   0.495  0.000  -0.182 0.195     2.85   1.81
  2080.00   -15.53  0.00   0.499  0.000  -0.183 0.197     2.86   1.81
  2085.00   -15.63  0.00   0.502  0.000  -0.183 0.199     2.86   1.81
  2090.00   -15.73  0.00   0.506  0.000  -0.183 0.200     2.86   1.81
  2095.00   -15.84  0.00   0.509  0.000  -0.184 0.202     2.87   1.81
  2100.00   -15.94  0.00   0.513  0.000  -0.184 0.204     2.87   1.81
  2105.00   -16.04  0.00   0.516  0.000  -0.185 0.205     2.87   1.81
  2110.00   -16.15  0.00   0.520  0.000  -0.185 0.207     2.88   1.80
  2115.00   -16.25  0.00   0.523  0.000  -0.186 0.209     2.88   1.80
  2120.00   -16.36  0.00   0.527  0.000  -0.186 0.211     2.88   1.80
  2125.00   -16.47  0.00   0.530  0.000  -0.186 0.212     2.89   1.80
  2130.00   -16.58  0.00   0.534  0.000  -0.187 0.214     2.89   1.80
  2135.00   -16.69  0.00   0.537  0.000  -0.187 0.216     2.89   1.80
  2140.00   -16.80  0.00   0.541  0.000  -0.188 0.218     2.90   1.80
  2145.00   -16.92  0.00   0.544  0.000  -0.188 0.220     2.90   1.80
  2150.00   -17.03  0.00   0.547  0.000  -0.188 0.221     2.90   1.80
  2155.00   -17.15  0.00   0.551  0.000  -0.189 0.223     2.91   1.79
  2160.00   -17.26  0.00   0.554  0.000  -0.189 0.225     2.91   1.79
  2165.00   -17.38  0.00   0.557  0.000  -0.190 0.227     2.91   1.79
  2170.00   -17.50  0.00   0.561  0.000  -0.190 0.229     2.92   1.79
  2175.00   -17.62  0.00   0.564  0.000  -0.190 0.230     2.92   1.79
  2180.00   -17.74  0.00   0.567  0.000  -0.191 0.232     2.92   1.79
  2185.00   -17.86  0.00   0.571  0.000  -0.191 0.234     2.93   1.78
  2190.00   -17.98  0.00   0.574  0.000  -0.192 0.236     2.93   1.78
  2195.00   -18.11  0.00   0.577  0.000  -0.192 0.238     2.93   1.78
  2200.00   -18.23  0.00   0.581  0.000  -0.192 0.240     2.94   1.78
  2205.00   -18.36  0.00   0.584  0.000  -0.193 0.241     2.94   1.78
  2210.00   -18.49  0.00   0.587  0.000  -0.193 0.243     2.94   1.78
  2215.00   -18.62  0.00   0.590  0.000  -0.194 0.245     2.95   1.77
  2220.00   -18.74  0.00   0.593  0.000  -0.194 0.247     2.95   1.77
  2225.00   -18.87  0.00   0.597  0.000  -0.194 0.249     2.95   1.77
  2230.00   -19.01  0.00   0.600  0.000  -0.195 0.251     2.95   1.77
  2235.00   -19.14  0.00   0.603  0.000  -0.195 0.253     2.96   1.76
  2240.00   -19.27  0.00   0.606  0.000  -0.196 0.255     2.96   1.76
  2245.00   -19.41  0.00   0.609  0.000  -0.196 0.256     2.96   1.76
  2250.00   -19.54  0.00   0.612  0.000  -0.196 0.258     2.97   1.76
  2255.00   -19.68  0.00   0.615  0.000  -0.197 0.260     2.97   1.75
  2260.00   -19.82  0.00   0.618  0.000  -0.197 0.262     2.97   1.75
  2265.00   -19.96  0.00   0.621  0.000  -0.197 0.264     2.97   1.75
  2270.00   -20.10  0.00   0.624  0.000  -0.198 0.266     2.98   1.75
  2275.00   -20.24  0.00   0.627  0.000  -0.198 0.268     2.98   1.74
  2280.00   -20.38  0.00   0.630  0.000  -0.199 0.270     2.98   1.74
  2285.00   -20.52  0.00   0.633  0.000  -0.199 0.272     2.98   1.74
  2290.00   -20.67  0.00   0.636  0.000  -0.199 0.273     2.98   1.74
  2295.00   -20.81  0.00   0.639  0.000  -0.200 0.275     2.99   1.73
  2300.00   -20.96  0.00   0.642  0.000  -0.200 0.277     2.99   1.73
  2305.00   -21.10  0.00   0.644  0.000  -0.200 0.279     2.99   1.73
  2310.00   -21.25  0.00   0.647  0.000  -0.201 0.281     2.99   1.72
  2315.00   -21.40  0.00   0.650  0.000  -0.201 0.283     2.99   1.72
  2320.00   -21.55  0.00   0.653  0.000  -0.201 0.285     3.00   1.72
  2325.00   -21.70  0.00   0.655  0.000  -0.202 0.287     3.00   1.71
  2330.00   -21.85  0.00   0.658  0.000  -0.202 0.289     3.00   1.71
  2335.00   -22.01  0.00   0.661  0.000  -0.202 0.291     3.00   1.71
  2340.00   -22.16  0.00   0.663  0.000  -0.203 0.292     3.00   1.70
  2345.00   -22.31  0.00   0.666  0.000  -0.203 0.294     3.01   1.70
  2350.00   -22.47  0.00   0.669  0.000  -0.203 0.296     3.01   1.70
  2355.00   -22.63  0.00   0.671  0.000  -0.204 0.298     3.01   1.69
  2360.00   -22.79  0.00   0.674  0.000  -0.204 0.300     3.01   1.69
  2365.00   -22.94  0.00   0.676  0.000  -0.204 0.302     3.01   1.69
  2370.00   -23.10  0.00   0.679  0.000  -0.205 0.304     3.01   1.68
  2375.00   -23.26  0.00   0.681  0.000  -0.205 0.306     3.01   1.68
  2380.00   -23.43  0.00   0.684  0.000  -0.205 0.308     3.01   1.67
  2385.00   -23.59  0.00   0.686  0.000  -0.205 0.310     3.02   1.67
  2390.00   -23.75  0.00   0.689  0.000  -0.206 0.312     3.02   1.67
  2395.00   -23.92  0.00   0.691  0.000  -0.206 0.313     3.02   1.66
  2400.00   -24.08  0.00   0.693  0.000  -0.206 0.315     3.02   1.66
