  1080.00     0.00  0.00   0.000  0.000   0.000 0.000     0.00   0.00
  1085.00     0.00  0.00   0.000  0.000   0.000 0.000     0.00   0.00
  1090.00     0.00  0.00   0.000  0.000   0.000 0.000     0.00   0.00
  1095.00     0.00  0.00   0.000  0.000   0.000 0.000     0.00   0.00
  1100.00    -0.01  0.00   0.000  0.000   0.000 0.000     0.00   0.00
  1105.00    -0.01  0.00   0.000  0.000   0.000 0.000     0.00   0.00
  1110.00    -0.01  0.00   0.000  0.000   0.000 0.000     0.00   0.00
  1115.00    -0.02  0.00   0.000  0.000   0.000 0.000     0.00   0.00
  1120.00    -0.03  0.00   0.000  0.000   0.000 0.000     0.00   0.00
  1125.00    -0.04  0.00   0.000  0.000  -0.001 0.000     0.00   0.00
  1130.00    -0.04  0.00   0.000  0.000  -0.001 0.000     0.00   0.00
  1135.00    -0.05  0.00   0.000  0.000  -0.001 0.000     0.00   0.00
  1140.00    -0.07  0.00   0.000  0.000  -0.001 0.000     0.00   0.00
  1145.00    -0.08  0.00   0.000  0.000  -0.001 0.000     0.00   0.00
  1150.00    -0.09  0.00   0.000  0.000  -0.002 0.000     0.00   0.00
  1155.00    -0.11  0.00   0.000  0.000  -0.002 0.000     0.00   0.00
  1160.00    -0.12  0.00   0.000  0.000  -0.002 0.000     0.00   0.00
  1165.00    -0.14  0.00   0.000  0.000  -0.002 0.000     0.00   0.00
  1170.00    -0.16  0.00   0.000  0.000  -0.003 0.000     0.00   0.00
  1175.00    -0.17  0.00   0.000  0.000  -0.003 0.000     0.00   0.00
  1180.00    -0.19  0.00   0.000  0.000  -0.003 0.000     0.01   0.00
  1185.00    -0.21  0.00   0.000  0.000  -0.004 0.000     0.01   0.00
  1190.00    -0.24  0.00   0.000  0.000  -0.004 0.000     0.01   0.00
  1195.00    -0.26  0.00   0.000  0.000  -0.005 0.000     0.01   0.00
  1200.00    -0.28  0.00   0.000  0.000  -0.005 0.000     0.01   0.00
  1205.00    -0.30  0.00   0.000  0.000  -0.005 0.000     0.01   0.00
  1210.00    -0.33  0.00   0.000  0.000  -0.006 0.000     0.01   0.00
  1215.00    -0.35  0.00   0.000  0.000  -0.006 0.000     0.01   0.00
  1220.00    -0.38  0.00   0.000  0.000  -0.007 0.000     0.01   0.00
  1225.00    -0.41  0.00   0.000  0.000  -0.007 0.000     0.02   0.00
  1230.00    -0.43  0.00   0.000  0.000  -0.008 0.000     0.02   0.00
  1235.00    -0.46  0.00   0.000  0.000  -0.008 0.000     0.02   0.00
  1240.00    -0.49  0.00   0.000  0.000  -0.009 0.000     0.02   0.00
  1245.00    -0.52  0.00   0.000  0.000  -0.009 0.000     0.02   0.00
  1250.00    -0.55  0.00   0.000  0.000  -0.010 0.000     0.02   0.00
  1255.00    -0.58  0.00   0.000  0.000  -0.010 0.000     0.03   0.00
  1260.00    -0.61  0.00   0.000  0.000  -0.011 0.000     0.03   0.00
  1265.00    -0.64  0.00   0.000  0.000  -0.011 0.000     0.03   0.00
  1270.00    -0.67  0.00   0.000  0.000  -0.012 0.000     0.03   0.00
  1275.00    -0.70  0.00   0.000  0.000  -0.012 0.000     0.03   0.00
  1280.00    -0.73  0.00   0.000  0.000  -0.013 0.000     0.04   0.00
  1285.00    -0.77  0.00   0.000  0.000  -0.013 0.000     0.04   0.00
  1290.00    -0.80  0.00   0.000  0.000  -0.014 0.000     0.04   0.00
  1295.00    -0.83  0.00   0.000  0.000  -0.014 0.000     0.04   0.00
  1300.00    -0.86  0.00   0.000  0.000  -0.015 0.000     0.05   0.01
  1305.00    -0.90  0.00   0.000  0.000  -0.016 0.000     0.05   0.01
  1310.00    -0.93  0.00   0.000  0.000  -0.016 0.000     0.05   0.01
  1315.00    -0.96  0.00   0.000  0.000  -0.017 0.000     0.05   0.01
  1320.00    -1.00  0.00   0.000  0.000  -0.017 0.000     0.06   0.01
  1325.00    -1.03  0.00   0.000  0.000  -0.018 0.000     0.06   0.01
  1330.00    -1.07  0.00   0.000  0.000  -0.019 0.000     0.06   0.01
  1335.00    -1.10  0.00   0.000  0.000  -0.019 0.000     0.06   0.01
  1340.00    -1.13  0.00   0.000  0.000  -0.020 0.000     0.07   0.01
  1345.00    -1.17  0.00   0.000  0.000  -0.020 0.001     0.07   0.01
  1350.00    -1.20  0.00   0.000  0.000  -0.021 0.001     0.07   0.01
  1355.00    -1.24  0.00   0.000  0.000  -0.022 0.001     0.08   0.02
  1360.00    -1.27  0.00   0.001  0.000  -0.022 0.001     0.08   0.02
  1365.00    -1.30  0.00   0.001  0.000  -0.023 0.001     0.08   0.02
  1370.00    -1.34  0.00   0.001  0.000  -0.023 0.001     0.09   0.02
  1375.00    -1.37  0.00   0.001  0.000  -0.024 0.001     0.09   0.02
  1380.00    -1.41  0.00   0.001  0.000  -0.025 0.001     0.09   0.02
  1385.00    -1.44  0.00   0.001  0.000  -0.025 0.001     0.10   0.02
  1390.00    -1.47  0.00   0.001  0.000  -0.026 0.001     0.10   0.03
  1395.00    -1.51  0.00   0.001  0.000  -0.026 0.001     0.10   0.03
  1400.00    -1.54  0.00   0.001  0.000  -0.027 0.001     0.11   0.03
  1405.00    -1.57  0.00   0.001  0.000  -0.027 0.001     0.11   0.03
  1410.00    -1.61  0.00   0.001  0.000  -0.028 0.001     0.12   0.03
  1415.00    -1.64  0.00   0.001  0.000  -0.029 0.001     0.12   0.04
  1420.00    -1.67  0.00   0.002  0.000  -0.029 0.001     0.12   0.04
  1425.00    -1.70  0.00   0.002  0.000  -0.030 0.001     0.13   0.04
  1430.00    -1.73  0.00   0.002  0.000  -0.030 0.001     0.13   0.04
  1435.00    -1.76  0.00   0.002  0.000  -0.031 0.001     0.13   0.05
  1440.00    -1.80  0.00   0.002  0.000  -0.031 0.001     0.14   0.05
  1445.00    -1.83  0.00   0.002  0.000  -0.032 0.002     0.14   0.05
  1450.00    -1.86  0.00   0.002  0.000  -0.032 0.002     0.15   0.05
  1455.00    -1.89  0.00   0.003  0.000  -0.033 0.002     0.15   0.06
  1460.00    -1.91  0.00   0.003  0.000  -0.033 0.002     0.16   0.06
  1465.00    -1.94  0.00   0.003  0.000  -0.034 0.002     0.16   0.06
  1470.00    -1.97  0.00   0.003  0.000  -0.034 0.002     0.16   0.07
  1475.00    -2.00  0.00   0.003  0.000  -0.035 0.002     0.17   0.07
  1480.00    -2.03  0.00   0.004  0.000  -0.035 0.002     0.17   0.07
  1485.00    -2.05  0.00   0.004  0.000  -0.036 0.002     0.18   0.08
  1490.00    -2.08  0.00   0.004  0.000  -0.036 0.002     0.18   0.08
  1495.00    -2.11  0.00   0.004  0.000  -0.037 0.002     0.19   0.08
  1500.00    -2.13  0.00   0.005  0.000  -0.037 0.003     0.19   0.09
  1505.00    -2.15  0.00   0.005  0.000  -0.037 0.003     0.19   0.09
  1510.00    -2.18  0.00   0.005  0.000  -0.038 0.003     0.20   0.09
  1515.00    -2.20  0.00   0.005  0.000  -0.038 0.003     0.20   0.10
  1520.00    -2.22  0.00   0.006  0.000  -0.039 0.003     0.21   0.10
  1525.00    -2.25  0.00   0.006  0.000  -0.039 0.003     0.21   0.11
  1530.00    -2.27  0.00   0.006  0.000  -0.039 0.003     0.22   0.11
  1535.00    -2.29  0.00   0.007  0.000  -0.040 0.003     0.22   0.12
  1540.00    -2.31  0.00   0.007  0.000  -0.040 0.003     0.23   0.12
  1545.00    -2.33  0.00   0.008  0.000  -0.040 0.004     0.23   0.12
  1550.00    -2.34  0.00   0.008  0.000  -0.041 0.004     0.24   0.13
  1555.00    -2.36  0.00   0.008  0.000  -0.041 0.004     0.24   0.13
  1560.00    -2.38  0.00   0.009  0.000  -0.041 0.004     0.25   0.14
  1565.00    -2.39  0.00   0.009  0.000  -0.042 0.004     0.25   0.15
  1570.00    -2.41  0.00   0.010  0.000  -0.042 0.004     0.26   0.15
  1575.00    -2.42  0.00   0.010  0.000  -0.042 0.004     0.26   0.16
  1580.00    -2.44  0.00   0.011  0.000  -0.042 0.005     0.27   0.16
  1585.00    -2.45  0.00   0.012  0.000  -0.042 0.005     0.27   0.17
  1590.00    -2.46  0.00   0.012  0.000  -0.043 0.005     0.28   0.17
  1595.00    -2.47  0.00   0.013  0.000  -0.043 0.005     0.29   0.18
  1600.00    -2.48  0.00   0.013  0.000  -0.043 0.005     0.29   0.19
  1605.00    -2.49  0.00   0.014  0.000  -0.043 0.005     0.30   0.19
  1610.00    -2.49  0.00   0.015  0.000  -0.043 0.006     0.30   0.20
  1615.00    -2.50  0.00   0.016  0.000  -0.043 0.006     0.31   0.21
  1620.00    -2.51  0.00   0.016  0.000  -0.043 0.006     0.32   0.22
  1625.00    -2.51  0.00   0.017  0.000  -0.043 0.006     0.32   0.22
  1630.00    -2.51  0.00   0.018  0.000  -0.043 0.006     0.33   0.23
  1635.00    -2.51  0.00   0.019  0.000  -0.043 0.007     0.34   0.24
  1640.00    -2.52  0.00   0.020  0.000  -0.043 0.007     0.35   0.25
  1645.00    -2.51  0.00   0.021  0.000  -0.043 0.007     0.35   0.26
  1650.00    -2.51  0.00   0.022  0.000  -0.043 0.007     0.36   0.27
  1655.00    -2.51  0.00   0.023  0.000  -0.043 0.008     0.37   0.27
  1660.00    -2.51  0.00   0.024  0.000  -0.043 0.008     0.38   0.28
  1665.00    -2.50  0.00   0.025  0.000  -0.043 0.008     0.38   0.29
  1670.00    -2.49  0.00   0.026  0.000  -0.043 0.008     0.39   0.30
  1675.00    -2.49  0.00   0.027  0.000  -0.043 0.009     0.40   0.31
  1680.00    -2.48  0.00   0.029  0.000  -0.043 0.009     0.41   0.33
  1685.00    -2.47  0.00   0.030  0.000  -0.042 0.009     0.42   0.34
  1690.00    -2.46  0.00   0.031  0.000  -0.042 0.010     0.43   0.35
  1695.00    -2.44  0.00   0.033  0.000  -0.042 0.010     0.44   0.36
  1700.00    -2.43  0.00   0.034  0.000  -0.042 0.010     0.45   0.37
  1705.00    -2.41  0.00   0.036  0.000  -0.041 0.011     0.46   0.39
  1710.00    -2.40  0.00   0.037  0.000  -0.041 0.011     0.48   0.40
  1715.00    -2.38  0.00   0.039  0.000  -0.041 0.012     0.49   0.41
  1720.00    -2.36  0.00   0.041  0.000  -0.040 0.012     0.50   0.43
  1725.00    -2.34  0.00   0.043  0.000  -0.040 0.012     0.51   0.44
  1730.00    -2.31  0.00   0.045  0.000  -0.039 0.013     0.53   0.46
  1735.00    -2.29  0.00   0.047  0.000  -0.039 0.013     0.54   0.47
  1740.00    -2.27  0.00   0.049  0.000  -0.039 0.014     0.56   0.49
  1745.00    -2.24  0.00   0.052  0.000  -0.038 0.015     0.57   0.51
  1750.00    -2.21  0.00   0.054  0.000  -0.038 0.015     0.59   0.53
  1755.00    -2.18  0.00   0.056  0.000  -0.037 0.016     0.61   0.54
  1760.00    -2.15  0.00   0.059  0.000  -0.036 0.016     0.62   0.56
  1765.00    -2.12  0.00   0.062  0.000  -0.036 0.017     0.64   0.58
  1770.00    -2.09  0.00   0.065  0.000  -0.035 0.018     0.66   0.60
  1775.00    -2.06  0.00   0.067  0.000  -0.035 0.018     0.68   0.62
  1780.00    -2.02  0.00   0.071  0.000  -0.034 0.019     0.70   0.65
  1785.00    -1.99  0.00   0.074  0.000  -0.033 0.020     0.72   0.67
  1790.00    -1.95  0.00   0.077  0.000  -0.033 0.021     0.75   0.69
  1795.00    -1.92  0.00   0.081  0.000  -0.032 0.022     0.77   0.72
  1800.00    -1.88  0.00   0.084  0.000  -0.031 0.023     0.79   0.74
  1805.00    -1.84  0.00   0.088  0.000  -0.031 0.023     0.82   0.77
  1810.00    -1.80  0.00   0.092  0.000  -0.030 0.024     0.84   0.79
  1815.00    -1.77  0.00   0.096  0.000  -0.029 0.025     0.87   0.82
  1820.00    -1.73  0.00   0.100  0.000  -0.029 0.027     0.90   0.84
  1825.00    -1.69  0.00   0.104  0.000  -0.028 0.028     0.92   0.87
  1830.00    -1.65  0.00   0.109  0.000  -0.027 0.029     0.95   0.90
  1835.00    -1.61  0.00   0.113  0.000  -0.026 0.030     0.98   0.93
  1840.00    -1.57  0.00   0.118  0.000  -0.026 0.031     1.01   0.96
  1845.00    -1.53  0.00   0.123  0.000  -0.025 0.032     1.04   0.99
  1850.00    -1.50  0.00   0.128  0.000  -0.024 0.034     1.08   1.02
  1855.00    -1.46  0.00   0.133  0.000  -0.024 0.035     1.11   1.05
  1860.00    -1.43  0.00   0.138  0.000  -0.023 0.036     1.14   1.08
  1865.00    -1.39  0.00   0.144  0.000  -0.022 0.038     1.18   1.12
  1870.00    -1.36  0.00   0.149  0.000  -0.022 0.039     1.21   1.15
  1875.00    -1.33  0.00   0.155  0.000  -0.021 0.041     1.25   1.18
  1880.00    -1.30  0.00   0.161  0.000  -0.021 0.042     1.28   1.21
  1885.00    -1.27  0.00   0.167  0.000  -0.020 0.044     1.32   1.25
  1890.00    -1.25  0.00   0.173  0.000  -0.020 0.046     1.35   1.28
  1895.00    -1.23  0.00   0.179  0.000  -0.019 0.047     1.39   1.31
  1900.00    -1.21  0.00   0.185  0.000  -0.019 0.049     1.43   1.35
  1905.00    -1.19  0.00   0.191  0.000  -0.019 0.051     1.46   1.38
  1910.00    -1.18  0.00   0.197  0.000  -0.018 0.052     1.50   1.41
  1915.00    -1.17  0.00   0.203  0.000  -0.018 0.054     1.53   1.44
  1920.00    -1.17  0.00   0.209  0.000  -0.018 0.056     1.57   1.47
  1925.00    -1.16  0.00   0.215  0.000  -0.018 0.057     1.60   1.50
  1930.00    -1.16  0.00   0.221  0.000  -0.018 0.059     1.63   1.53
  1935.00    -1.17  0.00   0.227  0.000  -0.018 0.061     1.67   1.56
  1940.00    -1.18  0.00   0.233  0.000  -0.018 0.062     1.70   1.58
  1945.00    -1.19  0.00   0.238  0.000  -0.018 0.064     1.73   1.61
  1950.00    -1.20  0.00   0.244  0.000  -0.018 0.066     1.75   1.63
  1955.00    -1.22  0.00   0.249  0.000  -0.018 0.067     1.78   1.65
  1960.00    -1.23  0.00   0.254  0.000  -0.019 0.069     1.80   1.67
  1965.00    -1.25  0.00   0.259  0.000  -0.019 0.070     1.83   1.69
  1970.00    -1.27  0.00   0.264  0.000  -0.019 0.072     1.85   1.71
  1975.00    -1.30  0.00   0.269  0.000  -0.019 0.073     1.87   1.72
  1980.00    -1.32  0.00   0.273  0.000  -0.020 0.074     1.89   1.74
  1985.00    -1.34  0.00   0.277  0.000  -0.020 0.075     1.90   1.75
  1990.00    -1.36  0.00   0.281  0.000  -0.020 0.077     1.92   1.76
  1995.00    -1.39  0.00   0.285  0.000  -0.020 0.078     1.93   1.77
  2000.00    -1.41  0.00   0.289  0.000  -0.021 0.079     1.94   1.78
   2005.00    -1.42  0.00   0.292  0.000  -0.021 0.080     1.95   1.78
  2010.00    -1.44  0.00   0.296  0.000  -0.021 0.081     1.96   1.79
  2015.00    -1.46  0.00   0.299  0.000  -0.021 0.082     1.97   1.80
  2020.00    -1.47  0.00   0.302  0.000  -0.021 0.083     1.97   1.80
  2025.00    -1.48  0.00   0.305  0.000  -0.021 0.084     1.98   1.80
  2030.00    -1.48  0.00   0.308  0.000  -0.022 0.085     1.99   1.81
  2035.00    -1.49  0.00   0.311  0.000  -0.022 0.085     1.99   1.81
  2040.00    -1.49  0.00   0.314  0.000  -0.022 0.086     2.00   1.81
  2045.00    -1.49  0.00   0.317  0.000  -0.021 0.087     2.00   1.82
  2050.00    -1.49  0.00   0.319  0.000  -0.021 0.088     2.01   1.82
  2055.00    -1.48  0.00   0.322  0.000  -0.021 0.089     2.01   1.82
  2060.00    -1.47  0.00   0.325  0.000  -0.021 0.090     2.01   1.82
  2065.00    -1.46  0.00   0.328  0.000  -0.021 0.091     2.02   1.83
  2070.00    -1.45  0.00   0.331  0.000  -0.021 0.092     2.02   1.83
  2075.00    -1.44  0.00   0.334  0.000  -0.020 0.092     2.03   1.83
  2080.00    -1.42  0.00   0.337  0.000  -0.020 0.093     2.03   1.83
  2085.00    -1.40  0.00   0.340  0.000  -0.020 0.094     2.04   1.84
  2090.00    -1.38  0.00   0.343  0.000  -0.020 0.095     2.04   1.84
  2095.00    -1.36  0.00   0.346  0.000  -0.019 0.096     2.05   1.84
  2100.00    -1.34  0.00   0.350  0.000  -0.019 0.097     2.05   1.85
  2105.00    -1.32  0.00   0.353  0.000  -0.019 0.098     2.06   1.85
  2110.00    -1.30  0.00   0.356  0.000  -0.018 0.099     2.07   1.86
  2115.00    -1.28  0.00   0.360  0.000  -0.018 0.100     2.07   1.86
  2120.00    -1.25  0.00   0.363  0.000  -0.017 0.101     2.08   1.86
  2125.00    -1.23  0.00   0.367  0.000  -0.017 0.102     2.09   1.87
  2130.00    -1.21  0.00   0.370  0.000  -0.017 0.104     2.10   1.87
  2135.00    -1.18  0.00   0.374  0.000  -0.016 0.105     2.10   1.88
  2140.00    -1.16  0.00   0.377  0.000  -0.016 0.106     2.11   1.88
  2145.00    -1.14  0.00   0.381  0.000  -0.016 0.107     2.12   1.89
  2150.00    -1.12  0.00   0.385  0.000  -0.015 0.108     2.13   1.89
  2155.00    -1.09  0.00   0.388  0.000  -0.015 0.109     2.14   1.90
  2160.00    -1.07  0.00   0.392  0.000  -0.015 0.110     2.14   1.90
  2165.00    -1.05  0.00   0.396  0.000  -0.014 0.112     2.15   1.91
  2170.00    -1.03  0.00   0.400  0.000  -0.014 0.113     2.16   1.91
  2175.00    -1.01  0.00   0.403  0.000  -0.014 0.114     2.17   1.92
  2180.00    -0.99  0.00   0.407  0.000  -0.013 0.115     2.18   1.92
  2185.00    -0.97  0.00   0.411  0.000  -0.013 0.117     2.19   1.93
  2190.00    -0.96  0.00   0.415  0.000  -0.013 0.118     2.19   1.93
  2195.00    -0.94  0.00   0.419  0.000  -0.012 0.119     2.20   1.94
  2200.00    -0.92  0.00   0.423  0.000  -0.012 0.120     2.21   1.94
  2205.00    -0.91  0.00   0.426  0.000  -0.012 0.121     2.22   1.95
  2210.00    -0.90  0.00   0.430  0.000  -0.012 0.123     2.23   1.95
  2215.00    -0.88  0.00   0.434  0.000  -0.012 0.124     2.23   1.96
  2220.00    -0.87  0.00   0.438  0.000  -0.011 0.125     2.24   1.96
  2225.00    -0.86  0.00   0.442  0.000  -0.011 0.127     2.25   1.96
  2230.00    -0.85  0.00   0.445  0.000  -0.011 0.128     2.26   1.97
  2235.00    -0.84  0.00   0.449  0.000  -0.011 0.129     2.27   1.97
  2240.00    -0.84  0.00   0.453  0.000  -0.011 0.130     2.27   1.97
  2245.00    -0.83  0.00   0.456  0.000  -0.011 0.132     2.28   1.98
  2250.00    -0.83  0.00   0.460  0.000  -0.011 0.133     2.29   1.98
  2255.00    -0.82  0.00   0.464  0.000  -0.011 0.134     2.29   1.98
  2260.00    -0.82  0.00   0.467  0.000  -0.010 0.135     2.30   1.99
  2265.00    -0.82  0.00   0.471  0.000  -0.010 0.136     2.31   1.99
  2270.00    -0.82  0.00   0.474  0.000  -0.010 0.138     2.31   1.99
  2275.00    -0.82  0.00   0.478  0.000  -0.010 0.139     2.32   1.99
  2280.00    -0.82  0.00   0.481  0.000  -0.010 0.140     2.32   2.00
  2285.00    -0.82  0.00   0.485  0.000  -0.010 0.141     2.33   2.00
  2290.00    -0.83  0.00   0.488  0.000  -0.010 0.142     2.33   2.00
  2295.00    -0.83  0.00   0.492  0.000  -0.010 0.144     2.34   2.00
  2300.00    -0.84  0.00   0.495  0.000  -0.010 0.145     2.34   2.00
  2305.00    -0.85  0.00   0.498  0.000  -0.010 0.146     2.35   2.00
  2310.00    -0.86  0.00   0.501  0.000  -0.011 0.147     2.35   2.00
  2315.00    -0.87  0.00   0.505  0.000  -0.011 0.148     2.35   2.00
  2320.00    -0.88  0.00   0.508  0.000  -0.011 0.149     2.36   2.00
  2325.00    -0.89  0.00   0.511  0.000  -0.011 0.150     2.36   2.00
  2330.00    -0.91  0.00   0.514  0.000  -0.011 0.152     2.36   2.00
  2335.00    -0.92  0.00   0.517  0.000  -0.011 0.153     2.37   2.00
  2340.00    -0.94  0.00   0.520  0.000  -0.011 0.154     2.37   2.00
  2345.00    -0.95  0.00   0.523  0.000  -0.012 0.155     2.37   2.00
  2350.00    -0.97  0.00   0.526  0.000  -0.012 0.156     2.37   2.00
  2355.00    -0.99  0.00   0.528  0.000  -0.012 0.157     2.37   2.00
  2360.00    -1.01  0.00   0.531  0.000  -0.012 0.158     2.37   2.00
  2365.00    -1.03  0.00   0.534  0.000  -0.012 0.159     2.38   2.00
  2370.00    -1.06  0.00   0.536  0.000  -0.013 0.160     2.38   1.99
  2375.00    -1.08  0.00   0.539  0.000  -0.013 0.161     2.38   1.99
  2380.00    -1.11  0.00   0.542  0.000  -0.013 0.162     2.38   1.99
  2385.00    -1.13  0.00   0.544  0.000  -0.013 0.163     2.38   1.99
  2390.00    -1.16  0.00   0.547  0.000  -0.014 0.164     2.38   1.98
  2395.00    -1.19  0.00   0.549  0.000  -0.014 0.164     2.38   1.98
  2400.00    -1.22  0.00   0.551  0.000  -0.014 0.165     2.37   1.98
