  1080.00     0.00  0.00   0.000  0.000   0.000 0.000     0.00   0.00
  1085.00     0.00  0.00   0.000  0.000   0.000 0.000     0.00   0.00
  1090.00     0.00  0.00   0.000  0.000   0.000 0.000     0.00   0.00
  1095.00     0.00  0.00   0.000  0.000   0.000 0.000     0.00   0.00
  1100.00     0.00  0.00   0.000  0.000   0.000 0.000     0.00   0.00
  1105.00     0.00  0.00   0.000  0.000   0.000 0.000     0.00   0.00
  1110.00     0.00  0.00   0.000  0.000   0.000 0.000     0.00   0.00
  1115.00     0.00  0.00   0.000  0.000   0.000 0.000     0.00   0.00
  1120.00     0.00  0.00   0.000  0.000   0.000 0.000     0.00   0.00
  1125.00     0.00  0.00   0.000  0.000   0.000 0.000     0.00   0.00
  1130.00     0.00  0.00   0.000  0.000   0.000 0.000     0.00   0.00
  1135.00     0.01  0.00   0.000  0.000   0.000 0.000     0.00   0.00
  1140.00     0.01  0.00   0.000  0.000   0.000 0.000     0.00   0.00
  1145.00     0.01  0.00   0.000  0.000   0.000 0.000     0.00   0.00
  1150.00     0.01  0.00   0.000  0.000   0.000 0.000     0.00   0.00
  1155.00     0.02  0.00   0.000  0.000   0.000 0.000     0.00   0.00
  1160.00     0.02  0.00   0.000  0.000   0.000 0.000     0.00   0.00
  1165.00     0.03  0.00   0.000  0.000   0.000 0.000     0.00   0.00
  1170.00     0.03  0.00   0.000  0.000   0.001 0.000     0.00   0.00
  1175.00     0.04  0.00   0.000  0.000   0.001 0.000     0.00   0.00
  1180.00     0.04  0.00   0.000  0.000   0.001 0.000     0.00   0.00
  1185.00     0.05  0.00   0.000  0.000   0.001 0.000     0.00   0.00
  1190.00     0.06  0.00   0.000  0.000   0.001 0.000     0.00   0.00
  1195.00     0.07  0.00   0.000  0.000   0.001 0.000     0.00   0.00
  1200.00     0.08  0.00   0.000  0.000   0.001 0.000     0.00   0.00
  1205.00     0.09  0.00   0.000  0.000   0.002 0.000     0.00   0.00
  1210.00     0.11  0.00   0.000  0.000   0.002 0.000     0.00   0.00
  1215.00     0.12  0.00   0.000  0.000   0.002 0.000     0.00   0.00
  1220.00     0.14  0.00   0.000  0.000   0.002 0.000     0.00   0.00
  1225.00     0.16  0.00   0.000  0.000   0.003 0.000     0.00   0.00
  1230.00     0.17  0.00   0.000  0.000   0.003 0.000     0.00   0.00
  1235.00     0.19  0.00   0.000  0.000   0.003 0.000     0.00   0.00
  1240.00     0.22  0.00   0.000  0.000   0.004 0.000     0.01   0.00
  1245.00     0.24  0.00   0.000  0.000   0.004 0.000     0.01   0.00
  1250.00     0.27  0.00   0.000  0.000   0.005 0.000     0.01   0.00
  1255.00     0.29  0.00   0.000  0.000   0.005 0.000     0.01   0.00
  1260.00     0.32  0.00   0.000  0.000   0.006 0.000     0.01   0.00
  1265.00     0.35  0.00   0.000  0.000   0.006 0.000     0.01   0.00
  1270.00     0.39  0.00   0.000  0.000   0.007 0.000     0.02   0.01
  1275.00     0.42  0.00   0.000  0.000   0.007 0.000     0.02   0.01
  1280.00     0.46  0.00   0.000  0.000   0.008 0.000     0.02   0.01
  1285.00     0.50  0.00   0.000  0.000   0.009 0.000     0.02   0.01
  1290.00     0.54  0.00   0.000  0.000   0.009 0.000     0.03   0.01
  1295.00     0.59  0.00   0.000  0.000   0.010 0.000     0.03   0.01
  1300.00     0.63  0.00   0.000  0.000   0.011 0.000     0.04   0.01
  1305.00     0.68  0.00   0.000  0.000   0.012 0.000     0.04   0.02
  1310.00     0.74  0.00   0.000  0.000   0.013 0.000     0.05   0.02
  1315.00     0.79  0.00   0.000  0.000   0.014 0.000     0.05   0.02
  1320.00     0.85  0.00   0.001  0.000   0.015 0.000     0.06   0.02
  1325.00     0.91  0.00   0.001  0.000   0.016 0.000     0.06   0.02
  1330.00     0.98  0.00   0.001  0.000   0.017 0.000     0.07   0.03
  1335.00     1.05  0.00   0.001  0.000   0.018 0.001     0.08   0.03
  1340.00     1.12  0.00   0.001  0.000   0.020 0.001     0.09   0.03
  1345.00     1.20  0.00   0.001  0.000   0.021 0.001     0.10   0.04
  1350.00     1.28  0.00   0.001  0.000   0.022 0.001     0.11   0.04
  1355.00     1.36  0.00   0.001  0.000   0.024 0.001     0.12   0.05
  1360.00     1.45  0.00   0.002  0.000   0.025 0.001     0.13   0.05
  1365.00     1.55  0.00   0.002  0.000   0.027 0.001     0.15   0.06
  1370.00     1.65  0.00   0.002  0.000   0.029 0.001     0.16   0.06
  1375.00     1.75  0.00   0.002  0.000   0.030 0.001     0.18   0.07
  1380.00     1.86  0.00   0.002  0.000   0.032 0.002     0.20   0.07
  1385.00     1.97  0.00   0.003  0.000   0.034 0.002     0.22   0.08
  1390.00     2.09  0.00   0.003  0.000   0.036 0.002     0.24   0.09
  1395.00     2.21  0.00   0.003  0.000   0.039 0.002     0.26   0.10
  1400.00     2.35  0.00   0.004  0.000   0.041 0.003     0.29   0.11
  1405.00     2.48  0.00   0.004  0.000   0.043 0.003     0.31   0.11
  1410.00     2.63  0.00   0.005  0.000   0.046 0.003     0.34   0.13
  1415.00     2.78  0.00   0.005  0.000   0.048 0.004     0.38   0.14
  1420.00     2.94  0.00   0.006  0.000   0.051 0.004     0.41   0.15
  1425.00     3.10  0.00   0.007  0.000   0.054 0.005     0.45   0.16
  1430.00     3.28  0.00   0.007  0.000   0.057 0.005     0.49   0.17
  1435.00     3.46  0.00   0.008  0.000   0.060 0.006     0.53   0.19
  1440.00     3.65  0.00   0.009  0.000   0.063 0.006     0.58   0.21
  1445.00     3.85  0.00   0.010  0.000   0.067 0.007     0.63   0.22
  1450.00     4.07  0.00   0.011  0.000   0.070 0.008     0.69   0.24
  1455.00     4.29  0.00   0.012  0.000   0.074 0.009     0.75   0.26
  1460.00     4.52  0.00   0.013  0.000   0.078 0.009     0.82   0.28
  1465.00     4.77  0.00   0.014  0.000   0.082 0.010     0.89   0.31
  1470.00     5.03  0.00   0.016  0.000   0.087 0.012     0.97   0.33
  1475.00     5.30  0.00   0.018  0.000   0.091 0.013     1.05   0.36
  1480.00     5.58  0.00   0.019  0.000   0.096 0.014     1.15   0.39
  1485.00     5.89  0.00   0.021  0.000   0.101 0.016     1.25   0.42
  1490.00     6.21  0.00   0.023  0.000   0.106 0.017     1.36   0.46
  1495.00     6.54  0.00   0.026  0.000   0.112 0.019     1.48   0.49
  1500.00     6.90  0.00   0.028  0.000   0.118 0.021     1.61   0.54
  1505.00     7.27  0.00   0.031  0.000   0.124 0.024     1.75   0.58
  1510.00     7.67  0.00   0.035  0.000   0.130 0.026     1.91   0.63
  1515.00     8.09  0.00   0.038  0.000   0.137 0.029     2.08   0.68
  1520.00     8.54  0.00   0.042  0.000   0.144 0.032     2.27   0.74
  1525.00     9.01  0.00   0.046  0.000   0.151 0.036     2.48   0.80
  1530.00     9.52  0.00   0.051  0.000   0.159 0.040     2.71   0.87
  1535.00    10.05  0.00   0.056  0.000   0.167 0.044     2.96   0.95
  1540.00    10.63  0.00   0.062  0.000   0.176 0.049     3.23   1.03
  1545.00    11.24  0.00   0.069  0.000   0.184 0.054     3.54   1.12
  1550.00    11.89  0.00   0.076  0.000   0.194 0.060     3.88   1.22
  1555.00    12.59  0.00   0.084  0.000   0.204 0.067     4.25   1.33
  1560.00    13.34  0.00   0.093  0.000   0.214 0.075     4.66   1.46
  1565.00    14.15  0.00   0.103  0.000   0.224 0.083     5.12   1.59
  1570.00    15.02  0.00   0.115  0.000   0.235 0.093     5.64   1.74
  1575.00    15.96  0.00   0.128  0.000   0.247 0.104     6.21   1.91
  1580.00    16.97  0.00   0.142  0.000   0.259 0.116     6.84   2.10
  1585.00    18.08  0.00   0.158  0.000   0.271 0.130     7.55   2.30
  1590.00    19.27  0.00   0.176  0.000   0.283 0.145     8.34   2.53
  1595.00    20.58  0.00   0.197  0.000   0.295 0.163     9.22   2.79
  1600.00    22.02  0.00   0.220  0.000   0.307 0.183    10.21   3.08
  1605.00    23.59  0.00   0.246  0.000   0.318 0.205    11.30   3.39
  1610.00    25.32  0.00   0.275  0.000   0.329 0.230    12.52   3.75
  1615.00    27.23  0.00   0.308  0.000   0.338 0.258    13.87   4.14
  1620.00    29.34  0.00   0.344  0.000   0.346 0.290    15.36   4.57
  1625.00    31.70  0.00   0.385  0.000   0.351 0.324    16.98   5.04
  1630.00    34.32  0.00   0.429  0.000   0.352 0.362    18.73   5.55
  1635.00    37.27  0.00   0.477  0.000   0.348 0.404    20.59   6.09
  1640.00    40.58  0.00   0.529  0.000   0.339 0.447    22.53   6.66
  1645.00    44.33  0.00   0.582  0.000   0.323 0.492    24.50   7.24
  1650.00    48.59  0.00   0.636  0.000   0.299 0.538    26.42   7.81
  1655.00    53.46  0.00   0.689  0.000   0.267 0.581    28.20   8.36
  1660.00    59.05  0.00   0.738  0.000   0.226 0.621    29.75   8.84
  1665.00    65.45  0.00   0.780  0.000   0.177 0.654    30.95   9.23
  1670.00    72.74  0.00   0.814  0.000   0.122 0.678    31.71   9.52
  1675.00    80.82  0.00   0.836  0.000   0.064 0.692    31.98   9.67
  1680.00    89.41  0.00   0.848  0.000   0.004 0.695    31.75   9.68
  1685.00    97.99  0.00   0.848  0.000  -0.054 0.688    31.04   9.57
  1690.00   106.05  0.00   0.838  0.000  -0.107 0.671    29.92   9.34
  1695.00   113.25  0.00   0.819  0.000  -0.154 0.646    28.50   9.03
  1700.00   119.51  0.00   0.795  0.000  -0.194 0.616    26.87   8.67
  1705.00   -55.12  0.00   0.768  0.000  -0.226 0.583    25.14   8.27
  1710.00   -50.51  0.00   0.739  0.000  -0.251 0.549    23.39   7.87
  1715.00   -46.54  0.00   0.710  0.000  -0.269 0.514    21.67   7.48
  1720.00   -43.09  0.00   0.682  0.000  -0.281 0.481    20.05   7.11
  1725.00   -40.09  0.00   0.657  0.000  -0.289 0.450    18.54   6.77
  1730.00   -37.44  0.00   0.634  0.000  -0.292 0.421    17.16   6.46
  1735.00   -35.11  0.00   0.615  0.000  -0.292 0.395    15.92   6.19
  1740.00   -33.05  0.00   0.598  0.000  -0.290 0.372    14.81   5.96
  1745.00   -31.22  0.00   0.585  0.000  -0.286 0.351    13.84   5.76
  1750.00   -29.58  0.00   0.574  0.000  -0.280 0.333    12.98   5.60
  1755.00   -28.13  0.00   0.565  0.000  -0.274 0.317    12.23   5.45
  1760.00   -26.84  0.00   0.559  0.000  -0.268 0.303    11.59   5.34
  1765.00   -25.70  0.00   0.555  0.000  -0.261 0.292    11.03   5.24
  1770.00   -24.68  0.00   0.552  0.000  -0.254 0.282    10.55   5.16
  1775.00   -23.79  0.00   0.550  0.000  -0.247 0.274    10.14   5.09
  1780.00   -23.00  0.00   0.550  0.000  -0.241 0.267     9.78   5.04
  1785.00   -22.31  0.00   0.550  0.000  -0.236 0.261     9.47   4.99
  1790.00   -21.72  0.00   0.550  0.000  -0.230 0.257     9.21   4.94
  1795.00   -21.20  0.00   0.551  0.000  -0.226 0.253     8.98   4.90
  1800.00   -20.76  0.00   0.552  0.000  -0.222 0.249     8.77   4.85
  1805.00   -20.38  0.00   0.552  0.000  -0.218 0.247     8.59   4.81
  1810.00   -20.05  0.00   0.552  0.000  -0.215 0.244     8.42   4.76
  1815.00   -19.77  0.00   0.552  0.000  -0.213 0.242     8.26   4.71
  1820.00   -19.53  0.00   0.551  0.000  -0.211 0.240     8.11   4.66
  1825.00   -19.32  0.00   0.549  0.000  -0.210 0.238     7.96   4.60
  1830.00   -19.13  0.00   0.547  0.000  -0.208 0.236     7.82   4.54
  1835.00   -18.96  0.00   0.545  0.000  -0.207 0.234     7.68   4.47
  1840.00   -18.80  0.00   0.542  0.000  -0.207 0.232     7.54   4.41
  1845.00   -18.66  0.00   0.538  0.000  -0.206 0.230     7.40   4.34
  1850.00   -18.52  0.00   0.534  0.000  -0.206 0.228     7.26   4.26
  1855.00   -18.38  0.00   0.530  0.000  -0.205 0.225     7.12   4.19
  1860.00   -18.24  0.00   0.525  0.000  -0.205 0.223     6.98   4.11
  1865.00   -18.10  0.00   0.520  0.000  -0.205 0.220     6.84   4.04
  1870.00   -17.95  0.00   0.515  0.000  -0.204 0.218     6.70   3.96
  1875.00   -17.80  0.00   0.510  0.000  -0.204 0.215     6.56   3.88
  1880.00   -17.65  0.00   0.505  0.000  -0.203 0.213     6.43   3.81
  1885.00   -17.50  0.00   0.499  0.000  -0.203 0.210     6.29   3.74
  1890.00   -17.34  0.00   0.494  0.000  -0.202 0.208     6.15   3.66
  1895.00   -17.17  0.00   0.489  0.000  -0.202 0.205     6.02   3.59
  1900.00   -17.00  0.00   0.484  0.000  -0.201 0.202     5.89   3.52
  1905.00   -16.83  0.00   0.479  0.000  -0.200 0.200     5.76   3.46
  1910.00   -16.66  0.00   0.474  0.000  -0.199 0.197     5.64   3.39
  1915.00   -16.48  0.00   0.469  0.000  -0.198 0.194     5.51   3.33
  1920.00   -16.30  0.00   0.465  0.000  -0.197 0.192     5.39   3.27
  1925.00   -16.12  0.00   0.460  0.000  -0.196 0.189     5.28   3.21
  1930.00   -15.94  0.00   0.456  0.000  -0.195 0.187     5.17   3.15
  1935.00   -15.75  0.00   0.453  0.000  -0.193 0.185     5.06   3.10
  1940.00   -15.57  0.00   0.449  0.000  -0.192 0.182     4.95   3.05
  1945.00   -15.38  0.00   0.446  0.000  -0.190 0.180     4.85   3.00
  1950.00   -15.20  0.00   0.442  0.000  -0.189 0.178     4.75   2.95
  1955.00   -15.01  0.00   0.439  0.000  -0.187 0.176     4.66   2.91
  1960.00   -14.83  0.00   0.437  0.000  -0.186 0.174     4.57   2.87
  1965.00   -14.64  0.00   0.434  0.000  -0.184 0.172     4.48   2.83
  1970.00   -14.46  0.00   0.432  0.000  -0.182 0.170     4.40   2.79
  1975.00   -14.28  0.00   0.430  0.000  -0.180 0.168     4.32   2.76
  1980.00   -14.10  0.00   0.428  0.000  -0.179 0.167     4.24   2.72
  1985.00   -13.92  0.00   0.427  0.000  -0.177 0.165     4.17   2.69
  1990.00   -13.74  0.00   0.426  0.000  -0.175 0.164     4.10   2.66
  1995.00   -13.56  0.00   0.424  0.000  -0.173 0.162     4.03   2.63
  2000.00   -13.39  0.00   0.424  0.000  -0.171 0.161     3.96   2.61
  2005.00   -13.22  0.00   0.423  0.000  -0.169 0.160     3.90   2.58
  2010.00   -13.05  0.00   0.422  0.000  -0.167 0.159     3.84   2.56
  2015.00   -12.88  0.00   0.422  0.000  -0.165 0.158     3.79   2.54
  2020.00   -12.72  0.00   0.422  0.000  -0.163 0.157     3.74   2.51
  2025.00   -12.55  0.00   0.422  0.000  -0.161 0.156     3.68   2.50
  2030.00   -12.39  0.00   0.422  0.000  -0.159 0.155     3.64   2.48
  2035.00   -12.23  0.00   0.423  0.000  -0.157 0.154     3.59   2.46
  2040.00   -12.08  0.00   0.423  0.000  -0.155 0.153     3.55   2.44
  2045.00   -11.93  0.00   0.424  0.000  -0.153 0.153     3.51   2.43
  2050.00   -11.78  0.00   0.425  0.000  -0.152 0.152     3.47   2.42
  2055.00   -11.63  0.00   0.426  0.000  -0.150 0.152     3.43   2.40
  2060.00   -11.49  0.00   0.427  0.000  -0.148 0.151     3.40   2.39
  2065.00   -11.34  0.00   0.428  0.000  -0.146 0.151     3.36   2.38
  2070.00   -11.21  0.00   0.429  0.000  -0.144 0.151     3.33   2.37
  2075.00   -11.07  0.00   0.431  0.000  -0.142 0.151     3.30   2.36
  2080.00   -10.94  0.00   0.432  0.000  -0.140 0.150     3.27   2.35
  2085.00   -10.81  0.00   0.434  0.000  -0.139 0.150     3.25   2.34
  2090.00   -10.69  0.00   0.436  0.000  -0.137 0.150     3.22   2.34
  2095.00   -10.56  0.00   0.438  0.000  -0.135 0.150     3.20   2.33
  2100.00   -10.44  0.00   0.440  0.000  -0.133 0.150     3.18   2.32
  2105.00   -10.33  0.00   0.442  0.000  -0.132 0.150     3.16   2.32
  2110.00   -10.22  0.00   0.444  0.000  -0.130 0.151     3.14   2.31
  2115.00   -10.11  0.00   0.446  0.000  -0.129 0.151     3.12   2.31
  2120.00   -10.00  0.00   0.448  0.000  -0.127 0.151     3.10   2.30
  2125.00    -9.90  0.00   0.451  0.000  -0.126 0.151     3.08   2.30
  2130.00    -9.80  0.00   0.453  0.000  -0.124 0.152     3.07   2.29
  2135.00    -9.71  0.00   0.455  0.000  -0.123 0.152     3.06   2.29
  2140.00    -9.62  0.00   0.458  0.000  -0.121 0.152     3.04   2.28
  2145.00    -9.53  0.00   0.460  0.000  -0.120 0.153     3.03   2.28
  2150.00    -9.45  0.00   0.463  0.000  -0.119 0.153     3.02   2.28
  2155.00    -9.37  0.00   0.465  0.000  -0.117 0.154     3.01   2.27
  2160.00    -9.29  0.00   0.468  0.000  -0.116 0.154     3.00   2.27
  2165.00    -9.22  0.00   0.471  0.000  -0.115 0.155     2.99   2.27
  2170.00    -9.15  0.00   0.473  0.000  -0.114 0.155     2.98   2.27
  2175.00    -9.09  0.00   0.476  0.000  -0.113 0.156     2.97   2.26
  2180.00    -9.03  0.00   0.479  0.000  -0.112 0.157     2.96   2.26
  2185.00    -8.97  0.00   0.481  0.000  -0.111 0.157     2.95   2.26
  2190.00    -8.92  0.00   0.484  0.000  -0.110 0.158     2.94   2.25
  2195.00    -8.87  0.00   0.486  0.000  -0.109 0.159     2.94   2.25
  2200.00    -8.83  0.00   0.489  0.000  -0.108 0.159     2.93   2.25
  2205.00    -8.78  0.00   0.492  0.000  -0.108 0.160     2.92   2.24
  2210.00    -8.75  0.00   0.494  0.000  -0.107 0.161     2.92   2.24
  2215.00    -8.71  0.00   0.497  0.000  -0.106 0.162     2.91   2.24
  2220.00    -8.69  0.00   0.499  0.000  -0.106 0.162     2.91   2.24
  2225.00    -8.66  0.00   0.502  0.000  -0.105 0.163     2.90   2.23
  2230.00    -8.64  0.00   0.504  0.000  -0.105 0.164     2.90   2.23
  2235.00    -8.62  0.00   0.507  0.000  -0.104 0.165     2.89   2.23
  2240.00    -8.61  0.00   0.509  0.000  -0.104 0.165     2.89   2.22
  2245.00    -8.60  0.00   0.512  0.000  -0.103 0.166     2.88   2.22
  2250.00    -8.59  0.00   0.514  0.000  -0.103 0.167     2.88   2.21
  2255.00    -8.59  0.00   0.516  0.000  -0.103 0.168     2.87   2.21
  2260.00    -8.59  0.00   0.519  0.000  -0.103 0.169     2.87   2.21
  2265.00    -8.60  0.00   0.521  0.000  -0.102 0.169     2.86   2.20
  2270.00    -8.61  0.00   0.523  0.000  -0.102 0.170     2.86   2.20
  2275.00    -8.63  0.00   0.525  0.000  -0.102 0.171     2.85   2.19
  2280.00    -8.64  0.00   0.527  0.000  -0.102 0.172     2.85   2.19
  2285.00    -8.67  0.00   0.529  0.000  -0.102 0.173     2.84   2.18
  2290.00    -8.69  0.00   0.531  0.000  -0.102 0.173     2.84   2.18
  2295.00    -8.72  0.00   0.533  0.000  -0.102 0.174     2.83   2.17
  2300.00    -8.76  0.00   0.535  0.000  -0.103 0.175     2.83   2.16
  2305.00    -8.79  0.00   0.537  0.000  -0.103 0.176     2.82   2.16
  2310.00    -8.83  0.00   0.539  0.000  -0.103 0.176     2.82   2.15
  2315.00    -8.88  0.00   0.540  0.000  -0.103 0.177     2.81   2.14
  2320.00    -8.93  0.00   0.542  0.000  -0.104 0.178     2.81   2.14
  2325.00    -8.98  0.00   0.544  0.000  -0.104 0.179     2.80   2.13
  2330.00    -9.04  0.00   0.545  0.000  -0.105 0.179     2.80   2.12
  2335.00    -9.10  0.00   0.546  0.000  -0.105 0.180     2.79   2.12
  2340.00    -9.16  0.00   0.548  0.000  -0.106 0.181     2.79   2.11
  2345.00    -9.23  0.00   0.549  0.000  -0.106 0.182     2.78   2.10
  2350.00    -9.30  0.00   0.550  0.000  -0.107 0.182     2.77   2.09
  2355.00    -9.37  0.00   0.551  0.000  -0.108 0.183     2.77   2.09
  2360.00    -9.45  0.00   0.552  0.000  -0.108 0.184     2.76   2.08
  2365.00    -9.53  0.00   0.553  0.000  -0.109 0.184     2.75   2.07
  2370.00    -9.61  0.00   0.554  0.000  -0.110 0.185     2.75   2.06
  2375.00    -9.70  0.00   0.555  0.000  -0.111 0.185     2.74   2.05
  2380.00    -9.79  0.00   0.556  0.000  -0.112 0.186     2.73   2.04
  2385.00    -9.89  0.00   0.557  0.000  -0.113 0.187     2.73   2.03
  2390.00    -9.98  0.00   0.557  0.000  -0.114 0.187     2.72   2.02
  2395.00   -10.08  0.00   0.558  0.000  -0.115 0.188     2.71   2.01
  2400.00   -10.19  0.00   0.558  0.000  -0.116 0.189     2.71   2.00
