  1080.00     0.00  0.00   0.000  0.000   0.000 0.000     0.00   0.00
  1085.00     0.00  0.00   0.000  0.000   0.000 0.000     0.00   0.00
  1090.00     0.00  0.00   0.000  0.000   0.000 0.000     0.00   0.00
  1095.00     0.00  0.00   0.000  0.000   0.000 0.000     0.00   0.00
  1100.00     0.00  0.00   0.000  0.000   0.000 0.000     0.00   0.00
  1105.00     0.00  0.00   0.000  0.000   0.000 0.000     0.00   0.00
  1110.00     0.00  0.00   0.000  0.000   0.000 0.000     0.00   0.00
  1115.00     0.00  0.00   0.000  0.000   0.000 0.000     0.00   0.00
  1120.00     0.00  0.00   0.000  0.000   0.000 0.000     0.00   0.00
  1125.00     0.00  0.00   0.000  0.000   0.000 0.000     0.00   0.00
  1130.00     0.00  0.00   0.000  0.000   0.000 0.000     0.00   0.00
  1135.00     0.00  0.00   0.000  0.000   0.000 0.000     0.00   0.00
  1140.00     0.00  0.00   0.000  0.000   0.000 0.000     0.00   0.00
  1145.00     0.00  0.00   0.000  0.000   0.000 0.000     0.00   0.00
  1150.00     0.00  0.00   0.000  0.000   0.000 0.000     0.00   0.00
  1155.00     0.00  0.00   0.000  0.000   0.000 0.000     0.00   0.00
  1160.00     0.00  0.00   0.000  0.000   0.000 0.000     0.00   0.00
  1165.00     0.00  0.00   0.000  0.000   0.000 0.000     0.00   0.00
  1170.00     0.00  0.00   0.000  0.000   0.000 0.000     0.00   0.00
  1175.00     0.00  0.00   0.000  0.000   0.000 0.000     0.00   0.00
  1180.00     0.00  0.00   0.000  0.000   0.000 0.000     0.00   0.00
  1185.00     0.00  0.00   0.000  0.000   0.000 0.000     0.00   0.00
  1190.00     0.00  0.00   0.000  0.000   0.000 0.000     0.00   0.00
  1195.00     0.00  0.00   0.000  0.000   0.000 0.000     0.00   0.00
  1200.00     0.00  0.00   0.000  0.000   0.000 0.000     0.00   0.00
  1205.00     0.00  0.00   0.000  0.000   0.000 0.000     0.00   0.00
  1210.00    -0.01  0.00   0.000  0.000   0.000 0.000     0.00   0.00
  1215.00    -0.01  0.00   0.000  0.000   0.000 0.000     0.00   0.00
  1220.00    -0.01  0.00   0.000  0.000   0.000 0.000     0.00   0.00
  1225.00    -0.01  0.00   0.000  0.000   0.000 0.000     0.00   0.00
  1230.00    -0.01  0.00   0.000  0.000   0.000 0.000     0.00   0.00
  1235.00    -0.01  0.00   0.000  0.000   0.000 0.000     0.00   0.00
  1240.00    -0.01  0.00   0.000  0.000   0.000 0.000     0.00   0.00
  1245.00    -0.02  0.00   0.000  0.000   0.000 0.000     0.00   0.00
  1250.00    -0.02  0.00   0.000  0.000   0.000 0.000     0.00   0.00
  1255.00    -0.02  0.00   0.000  0.000   0.000 0.000     0.00   0.00
  1260.00    -0.02  0.00   0.000  0.000   0.000 0.000     0.00   0.00
  1265.00    -0.03  0.00   0.000  0.000   0.000 0.000     0.00   0.00
  1270.00    -0.03  0.00   0.000  0.000  -0.001 0.000     0.00   0.00
  1275.00    -0.03  0.00   0.000  0.000  -0.001 0.000     0.00   0.00
  1280.00    -0.04  0.00   0.000  0.000  -0.001 0.000     0.00   0.00
  1285.00    -0.04  0.00   0.000  0.000  -0.001 0.000     0.00   0.00
  1290.00    -0.04  0.00   0.000  0.000  -0.001 0.000     0.00   0.00
  1295.00    -0.05  0.00   0.000  0.000  -0.001 0.000     0.01   0.01
  1300.00    -0.05  0.00   0.000  0.000  -0.001 0.000     0.01   0.01
  1305.00    -0.06  0.00   0.000  0.000  -0.001 0.000     0.01   0.01
  1310.00    -0.06  0.00   0.000  0.000  -0.001 0.000     0.01   0.01
  1315.00    -0.06  0.00   0.000  0.000  -0.001 0.000     0.01   0.01
  1320.00    -0.07  0.00   0.000  0.000  -0.001 0.000     0.01   0.01
  1325.00    -0.07  0.00   0.000  0.000  -0.001 0.000     0.01   0.01
  1330.00    -0.08  0.00   0.000  0.000  -0.001 0.000     0.01   0.01
  1335.00    -0.08  0.00   0.000  0.000  -0.001 0.000     0.02   0.02
  1340.00    -0.09  0.00   0.000  0.000  -0.002 0.000     0.02   0.02
  1345.00    -0.09  0.00   0.001  0.000  -0.002 0.000     0.02   0.02
  1350.00    -0.10  0.00   0.001  0.000  -0.002 0.000     0.02   0.02
  1355.00    -0.11  0.00   0.001  0.000  -0.002 0.000     0.02   0.02
  1360.00    -0.11  0.00   0.001  0.000  -0.002 0.000     0.03   0.03
  1365.00    -0.12  0.00   0.001  0.000  -0.002 0.000     0.03   0.03
  1370.00    -0.12  0.00   0.001  0.000  -0.002 0.000     0.03   0.03
  1375.00    -0.13  0.00   0.001  0.000  -0.002 0.000     0.04   0.04
  1380.00    -0.13  0.00   0.001  0.000  -0.002 0.000     0.04   0.04
  1385.00    -0.14  0.00   0.001  0.000  -0.002 0.000     0.04   0.04
  1390.00    -0.15  0.00   0.002  0.000  -0.003 0.000     0.05   0.05
  1395.00    -0.15  0.00   0.002  0.000  -0.003 0.000     0.05   0.05
  1400.00    -0.16  0.00   0.002  0.000  -0.003 0.001     0.06   0.06
  1405.00    -0.16  0.00   0.002  0.000  -0.003 0.001     0.06   0.06
  1410.00    -0.17  0.00   0.003  0.000  -0.003 0.001     0.07   0.07
  1415.00    -0.18  0.00   0.003  0.000  -0.003 0.001     0.07   0.07
  1420.00    -0.18  0.00   0.003  0.000  -0.003 0.001     0.08   0.08
  1425.00    -0.19  0.00   0.003  0.000  -0.003 0.001     0.08   0.08
  1430.00    -0.19  0.00   0.004  0.000  -0.003 0.001     0.09   0.09
  1435.00    -0.20  0.00   0.004  0.000  -0.003 0.001     0.10   0.10
  1440.00    -0.20  0.00   0.004  0.000  -0.004 0.001     0.10   0.10
  1445.00    -0.21  0.00   0.005  0.000  -0.004 0.001     0.11   0.11
  1450.00    -0.21  0.00   0.005  0.000  -0.004 0.001     0.12   0.12
  1455.00    -0.22  0.00   0.006  0.000  -0.004 0.001     0.13   0.13
  1460.00    -0.22  0.00   0.006  0.000  -0.004 0.002     0.14   0.13
  1465.00    -0.22  0.00   0.007  0.000  -0.004 0.002     0.14   0.14
  1470.00    -0.23  0.00   0.007  0.000  -0.004 0.002     0.15   0.15
  1475.00    -0.23  0.00   0.008  0.000  -0.004 0.002     0.16   0.16
  1480.00    -0.23  0.00   0.009  0.000  -0.004 0.002     0.17   0.17
  1485.00    -0.24  0.00   0.009  0.000  -0.004 0.002     0.18   0.18
  1490.00    -0.24  0.00   0.010  0.000  -0.004 0.002     0.19   0.19
  1495.00    -0.24  0.00   0.011  0.000  -0.004 0.003     0.21   0.20
  1500.00    -0.24  0.00   0.011  0.000  -0.004 0.003     0.22   0.22
  1505.00    -0.24  0.00   0.012  0.000  -0.004 0.003     0.23   0.23
  1510.00    -0.24  0.00   0.013  0.000  -0.004 0.003     0.24   0.24
  1515.00    -0.24  0.00   0.014  0.000  -0.004 0.004     0.26   0.25
  1520.00    -0.24  0.00   0.015  0.000  -0.004 0.004     0.27   0.27
  1525.00    -0.24  0.00   0.016  0.000  -0.004 0.004     0.29   0.28
  1530.00    -0.23  0.00   0.017  0.000  -0.004 0.004     0.30   0.30
  1535.00    -0.23  0.00   0.019  0.000  -0.004 0.005     0.32   0.32
  1540.00    -0.22  0.00   0.020  0.000  -0.004 0.005     0.33   0.33
  1545.00    -0.22  0.00   0.021  0.000  -0.004 0.005     0.35   0.35
  1550.00    -0.21  0.00   0.023  0.000  -0.004 0.006     0.37   0.37
  1555.00    -0.20  0.00   0.024  0.000  -0.004 0.006     0.39   0.39
  1560.00    -0.20  0.00   0.026  0.000  -0.003 0.007     0.41   0.41
  1565.00    -0.19  0.00   0.028  0.000  -0.003 0.007     0.43   0.43
  1570.00    -0.17  0.00   0.030  0.000  -0.003 0.007     0.46   0.45
  1575.00    -0.16  0.00   0.032  0.000  -0.003 0.008     0.48   0.48
  1580.00    -0.15  0.00   0.034  0.000  -0.003 0.009     0.50   0.50
  1585.00    -0.14  0.00   0.036  0.000  -0.002 0.009     0.53   0.53
  1590.00    -0.12  0.00   0.038  0.000  -0.002 0.010     0.56   0.55
  1595.00    -0.10  0.00   0.041  0.000  -0.002 0.010     0.59   0.58
  1600.00    -0.08  0.00   0.044  0.000  -0.001 0.011     0.62   0.61
  1605.00    -0.06  0.00   0.046  0.000  -0.001 0.012     0.65   0.64
  1610.00    -0.04  0.00   0.049  0.000  -0.001 0.013     0.68   0.67
  1615.00    -0.02  0.00   0.053  0.000   0.000 0.013     0.72   0.71
  1620.00     0.00  0.00   0.056  0.000   0.000 0.014     0.75   0.74
  1625.00     0.03  0.00   0.060  0.000   0.000 0.015     0.79   0.78
  1630.00     0.05  0.00   0.064  0.000   0.001 0.016     0.83   0.82
  1635.00     0.08  0.00   0.068  0.000   0.001 0.017     0.88   0.86
  1640.00     0.11  0.00   0.072  0.000   0.002 0.018     0.92   0.91
  1645.00     0.14  0.00   0.077  0.000   0.002 0.020     0.97   0.95
  1650.00     0.17  0.00   0.082  0.000   0.003 0.021     1.02   1.00
  1655.00     0.21  0.00   0.087  0.000   0.003 0.022     1.08   1.05
  1660.00     0.24  0.00   0.092  0.000   0.004 0.024     1.13   1.11
  1665.00     0.28  0.00   0.098  0.000   0.005 0.025     1.19   1.16
  1670.00     0.31  0.00   0.104  0.000   0.005 0.027     1.26   1.22
  1675.00     0.35  0.00   0.111  0.000   0.006 0.029     1.32   1.28
  1680.00     0.38  0.00   0.118  0.000   0.006 0.030     1.39   1.35
  1685.00     0.42  0.00   0.125  0.000   0.007 0.032     1.46   1.41
  1690.00     0.45  0.00   0.133  0.000   0.007 0.035     1.54   1.49
  1695.00     0.49  0.00   0.142  0.000   0.008 0.037     1.62   1.56
  1700.00     0.52  0.00   0.150  0.000   0.008 0.039     1.71   1.64
  1705.00     0.55  0.00   0.160  0.000   0.009 0.042     1.80   1.72
  1710.00     0.58  0.00   0.169  0.000   0.009 0.044     1.89   1.80
  1715.00     0.60  0.00   0.179  0.000   0.009 0.047     1.99   1.89
  1720.00     0.62  0.00   0.190  0.000   0.010 0.050     2.09   1.98
  1725.00     0.63  0.00   0.201  0.000   0.010 0.053     2.19   2.07
  1730.00     0.63  0.00   0.213  0.000   0.010 0.057     2.30   2.17
  1735.00     0.62  0.00   0.225  0.000   0.010 0.060     2.42   2.27
  1740.00     0.61  0.00   0.238  0.000   0.009 0.064     2.53   2.37
  1745.00     0.58  0.00   0.251  0.000   0.009 0.067     2.65   2.47
  1750.00     0.54  0.00   0.264  0.000   0.008 0.071     2.77   2.57
  1755.00     0.48  0.00   0.277  0.000   0.007 0.075     2.90   2.68
  1760.00     0.40  0.00   0.291  0.000   0.006 0.079     3.02   2.78
  1765.00     0.31  0.00   0.305  0.000   0.004 0.083     3.14   2.88
  1770.00     0.19  0.00   0.319  0.000   0.003 0.087     3.27   2.98
  1775.00     0.05  0.00   0.332  0.000   0.001 0.091     3.39   3.08
  1780.00    -0.12  0.00   0.346  0.000  -0.002 0.096     3.50   3.17
  1785.00    -0.31  0.00   0.359  0.000  -0.004 0.100     3.62   3.26
  1790.00    -0.52  0.00   0.372  0.000  -0.007 0.104     3.72   3.34
  1795.00    -0.77  0.00   0.384  0.000  -0.011 0.108     3.82   3.41
  1800.00    -1.04  0.00   0.395  0.000  -0.014 0.111     3.92   3.47
  1805.00    -1.33  0.00   0.405  0.000  -0.018 0.115     4.00   3.53
  1810.00    -1.65  0.00   0.415  0.000  -0.022 0.118     4.07   3.57
  1815.00    -1.99  0.00   0.423  0.000  -0.026 0.121     4.13   3.61
  1820.00    -2.35  0.00   0.430  0.000  -0.031 0.124     4.18   3.63
  1825.00    -2.72  0.00   0.436  0.000  -0.036 0.126     4.22   3.65
  1830.00    -3.10  0.00   0.440  0.000  -0.040 0.128     4.25   3.65
  1835.00    -3.49  0.00   0.443  0.000  -0.045 0.130     4.26   3.64
  1840.00    -3.87  0.00   0.445  0.000  -0.050 0.131     4.26   3.62
  1845.00    -4.25  0.00   0.446  0.000  -0.055 0.132     4.25   3.59
  1850.00    -4.63  0.00   0.446  0.000  -0.060 0.133     4.23   3.56
  1855.00    -4.99  0.00   0.444  0.000  -0.065 0.133     4.20   3.51
  1860.00    -5.33  0.00   0.442  0.000  -0.069 0.133     4.16   3.46
  1865.00    -5.66  0.00   0.438  0.000  -0.074 0.133     4.11   3.40
  1870.00    -5.97  0.00   0.434  0.000  -0.078 0.132     4.06   3.34
  1875.00    -6.26  0.00   0.429  0.000  -0.082 0.131     4.00   3.27
  1880.00    -6.53  0.00   0.424  0.000  -0.086 0.130     3.93   3.20
  1885.00    -6.77  0.00   0.418  0.000  -0.089 0.129     3.86   3.13
  1890.00    -7.00  0.00   0.412  0.000  -0.093 0.128     3.79   3.05
  1895.00    -7.20  0.00   0.405  0.000  -0.096 0.126     3.72   2.98
  1900.00    -7.38  0.00   0.398  0.000  -0.099 0.125     3.64   2.90
  1905.00    -7.54  0.00   0.392  0.000  -0.101 0.123     3.56   2.83
  1910.00    -7.69  0.00   0.385  0.000  -0.104 0.122     3.49   2.75
  1915.00    -7.81  0.00   0.378  0.000  -0.106 0.120     3.41   2.68
  1920.00    -7.93  0.00   0.372  0.000  -0.108 0.119     3.34   2.61
  1925.00    -8.02  0.00   0.365  0.000  -0.110 0.117     3.26   2.54
  1930.00    -8.11  0.00   0.359  0.000  -0.112 0.116     3.19   2.48
  1935.00    -8.18  0.00   0.353  0.000  -0.113 0.114     3.12   2.42
  1940.00    -8.24  0.00   0.347  0.000  -0.115 0.112     3.06   2.36
  1945.00    -8.29  0.00   0.341  0.000  -0.116 0.111     2.99   2.30
  1950.00    -8.32  0.00   0.336  0.000  -0.117 0.110     2.93   2.24
  1955.00    -8.36  0.00   0.331  0.000  -0.118 0.108     2.87   2.19
  1960.00    -8.38  0.00   0.326  0.000  -0.118 0.107     2.81   2.14
  1965.00    -8.40  0.00   0.322  0.000  -0.119 0.106     2.76   2.10
  1970.00    -8.41  0.00   0.318  0.000  -0.119 0.105     2.70   2.05
  1975.00    -8.41  0.00   0.314  0.000  -0.120 0.104     2.65   2.01
  1980.00    -8.41  0.00   0.311  0.000  -0.120 0.103     2.61   1.97
  1985.00    -8.40  0.00   0.307  0.000  -0.120 0.102     2.56   1.94
  1990.00    -8.39  0.00   0.305  0.000  -0.120 0.101     2.52   1.90
  1995.00    -8.38  0.00   0.302  0.000  -0.120 0.100     2.48   1.87
  2000.00    -8.36  0.00   0.300  0.000  -0.120 0.099     2.45   1.85
  2005.00    -8.34  0.00   0.298  0.000  -0.120 0.099     2.41   1.82
  2010.00    -8.32  0.00   0.297  0.000  -0.120 0.098     2.38   1.80
  2015.00    -8.29  0.00   0.295  0.000  -0.120 0.098     2.35   1.77
  2020.00    -8.26  0.00   0.294  0.000  -0.119 0.097     2.32   1.76
  2025.00    -8.23  0.00   0.294  0.000  -0.119 0.097     2.30   1.74
  2030.00    -8.20  0.00   0.293  0.000  -0.119 0.097     2.27   1.72
  2035.00    -8.17  0.00   0.293  0.000  -0.118 0.097     2.25   1.71
  2040.00    -8.13  0.00   0.294  0.000  -0.118 0.097     2.23   1.70
  2045.00    -8.09  0.00   0.294  0.000  -0.117 0.097     2.21   1.69
  2050.00    -8.05  0.00   0.295  0.000  -0.116 0.097     2.20   1.68
  2055.00    -8.01  0.00   0.296  0.000  -0.116 0.097     2.18   1.67
  2060.00    -7.97  0.00   0.297  0.000  -0.115 0.097     2.17   1.66
  2065.00    -7.92  0.00   0.298  0.000  -0.114 0.097     2.16   1.66
  2070.00    -7.88  0.00   0.300  0.000  -0.114 0.097     2.15   1.66
  2075.00    -7.83  0.00   0.302  0.000  -0.113 0.098     2.15   1.66
  2080.00    -7.79  0.00   0.304  0.000  -0.112 0.098     2.14   1.66
  2085.00    -7.74  0.00   0.307  0.000  -0.111 0.099     2.14   1.66
  2090.00    -7.69  0.00   0.310  0.000  -0.110 0.099     2.13   1.66
  2095.00    -7.64  0.00   0.313  0.000  -0.109 0.100     2.13   1.66
  2100.00    -7.59  0.00   0.316  0.000  -0.108 0.101     2.13   1.67
  2105.00    -7.54  0.00   0.319  0.000  -0.107 0.102     2.13   1.67
  2110.00    -7.49  0.00   0.323  0.000  -0.106 0.102     2.13   1.68
  2115.00    -7.44  0.00   0.326  0.000  -0.105 0.103     2.14   1.69
  2120.00    -7.39  0.00   0.330  0.000  -0.104 0.104     2.14   1.70
  2125.00    -7.34  0.00   0.335  0.000  -0.103 0.105     2.15   1.71
  2130.00    -7.28  0.00   0.339  0.000  -0.102 0.107     2.16   1.72
  2135.00    -7.23  0.00   0.344  0.000  -0.101 0.108     2.17   1.73
  2140.00    -7.18  0.00   0.348  0.000  -0.100 0.109     2.18   1.74
  2145.00    -7.12  0.00   0.353  0.000  -0.099 0.110     2.19   1.75
  2150.00    -7.07  0.00   0.359  0.000  -0.098 0.112     2.20   1.76
  2155.00    -7.02  0.00   0.364  0.000  -0.097 0.113     2.21   1.78
  2160.00    -6.96  0.00   0.369  0.000  -0.096 0.115     2.23   1.79
  2165.00    -6.91  0.00   0.375  0.000  -0.094 0.116     2.24   1.81
  2170.00    -6.86  0.00   0.381  0.000  -0.093 0.118     2.26   1.82
  2175.00    -6.80  0.00   0.387  0.000  -0.092 0.120     2.27   1.84
  2180.00    -6.75  0.00   0.393  0.000  -0.091 0.121     2.29   1.86
  2185.00    -6.70  0.00   0.400  0.000  -0.090 0.123     2.31   1.87
  2190.00    -6.65  0.00   0.406  0.000  -0.089 0.125     2.33   1.89
  2195.00    -6.59  0.00   0.413  0.000  -0.087 0.127     2.35   1.91
  2200.00    -6.54  0.00   0.419  0.000  -0.086 0.129     2.37   1.93
  2205.00    -6.49  0.00   0.426  0.000  -0.085 0.131     2.39   1.95
  2210.00    -6.44  0.00   0.433  0.000  -0.084 0.133     2.42   1.97
  2215.00    -6.39  0.00   0.441  0.000  -0.083 0.135     2.44   1.99
  2220.00    -6.34  0.00   0.448  0.000  -0.082 0.138     2.46   2.00
  2225.00    -6.30  0.00   0.455  0.000  -0.080 0.140     2.49   2.02
  2230.00    -6.25  0.00   0.463  0.000  -0.079 0.142     2.51   2.04
  2235.00    -6.20  0.00   0.470  0.000  -0.078 0.145     2.54   2.06
  2240.00    -6.16  0.00   0.478  0.000  -0.077 0.147     2.57   2.09
  2245.00    -6.12  0.00   0.486  0.000  -0.076 0.150     2.59   2.11
  2250.00    -6.07  0.00   0.494  0.000  -0.075 0.152     2.62   2.13
  2255.00    -6.03  0.00   0.502  0.000  -0.074 0.155     2.65   2.15
  2260.00    -5.99  0.00   0.510  0.000  -0.073 0.158     2.68   2.17
  2265.00    -5.96  0.00   0.518  0.000  -0.072 0.160     2.71   2.19
  2270.00    -5.92  0.00   0.526  0.000  -0.071 0.163     2.74   2.21
  2275.00    -5.89  0.00   0.534  0.000  -0.070 0.166     2.77   2.23
  2280.00    -5.86  0.00   0.543  0.000  -0.069 0.169     2.80   2.25
  2285.00    -5.83  0.00   0.551  0.000  -0.068 0.172     2.83   2.27
  2290.00    -5.80  0.00   0.560  0.000  -0.067 0.175     2.86   2.29
  2295.00    -5.78  0.00   0.568  0.000  -0.066 0.178     2.90   2.31
  2300.00    -5.76  0.00   0.576  0.000  -0.065 0.181     2.93   2.33
  2305.00    -5.74  0.00   0.585  0.000  -0.064 0.184     2.96   2.35
  2310.00    -5.72  0.00   0.593  0.000  -0.063 0.188     3.00   2.37
  2315.00    -5.71  0.00   0.602  0.000  -0.062 0.191     3.03   2.39
  2320.00    -5.70  0.00   0.610  0.000  -0.062 0.194     3.06   2.41
  2325.00    -5.70  0.00   0.619  0.000  -0.061 0.197     3.10   2.43
  2330.00    -5.69  0.00   0.627  0.000  -0.060 0.201     3.13   2.45
  2335.00    -5.70  0.00   0.636  0.000  -0.060 0.204     3.17   2.46
  2340.00    -5.70  0.00   0.644  0.000  -0.059 0.208     3.20   2.48
  2345.00    -5.71  0.00   0.653  0.000  -0.058 0.211     3.23   2.50
  2350.00    -5.73  0.00   0.661  0.000  -0.058 0.215     3.27   2.52
  2355.00    -5.75  0.00   0.670  0.000  -0.057 0.218     3.30   2.53
  2360.00    -5.77  0.00   0.678  0.000  -0.057 0.222     3.34   2.55
  2365.00    -5.80  0.00   0.686  0.000  -0.056 0.226     3.37   2.57
  2370.00    -5.84  0.00   0.694  0.000  -0.056 0.229     3.41   2.58
  2375.00    -5.88  0.00   0.702  0.000  -0.056 0.233     3.44   2.60
  2380.00    -5.92  0.00   0.710  0.000  -0.055 0.237     3.48   2.61
  2385.00    -5.98  0.00   0.718  0.000  -0.055 0.240     3.51   2.62
  2390.00    -6.04  0.00   0.726  0.000  -0.055 0.244     3.55   2.64
  2395.00    -6.10  0.00   0.734  0.000  -0.054 0.248     3.58   2.65
  2400.00    -6.17  0.00   0.742  0.000  -0.054 0.252     3.62   2.66
