  1080.00     0.00  0.00   0.000  0.000   0.000 0.000     0.00   0.00
  1085.00     0.00  0.00   0.000  0.000   0.000 0.000     0.00   0.00
  1090.00     0.00  0.00   0.000  0.000   0.000 0.000     0.00   0.00
  1095.00     0.00  0.00   0.000  0.000   0.000 0.000     0.00   0.00
  1100.00     0.00  0.00   0.000  0.000   0.000 0.000     0.00   0.00
  1105.00     0.00  0.00   0.000  0.000   0.000 0.000     0.00   0.00
  1110.00     0.00  0.00   0.000  0.000   0.000 0.000     0.00   0.00
  1115.00     0.00  0.00   0.000  0.000   0.000 0.000     0.00   0.00
  1120.00     0.00  0.00   0.000  0.000   0.000 0.000     0.00   0.00
  1125.00     0.00  0.00   0.000  0.000   0.000 0.000     0.00   0.00
  1130.00     0.01  0.00   0.000  0.000   0.000 0.000     0.00   0.00
  1135.00     0.01  0.00   0.000  0.000   0.000 0.000     0.00   0.00
  1140.00     0.01  0.00   0.000  0.000   0.000 0.000     0.00   0.00
  1145.00     0.01  0.00   0.000  0.000   0.000 0.000     0.00   0.00
  1150.00     0.02  0.00   0.000  0.000   0.000 0.000     0.00   0.00
  1155.00     0.02  0.00   0.000  0.000   0.000 0.000     0.00   0.00
  1160.00     0.03  0.00   0.000  0.000   0.000 0.000     0.00   0.00
  1165.00     0.03  0.00   0.000  0.000   0.001 0.000     0.00   0.00
  1170.00     0.04  0.00   0.000  0.000   0.001 0.000     0.00   0.00
  1175.00     0.04  0.00   0.000  0.000   0.001 0.000     0.00   0.00
  1180.00     0.05  0.00   0.000  0.000   0.001 0.000     0.00   0.00
  1185.00     0.06  0.00   0.000  0.000   0.001 0.000     0.00   0.00
  1190.00     0.07  0.00   0.000  0.000   0.001 0.000     0.00   0.00
  1195.00     0.08  0.00   0.000  0.000   0.001 0.000     0.00   0.00
  1200.00     0.09  0.00   0.000  0.000   0.001 0.000     0.00   0.00
  1205.00     0.10  0.00   0.000  0.000   0.002 0.000     0.00   0.00
  1210.00     0.11  0.00   0.000  0.000   0.002 0.000     0.00   0.00
  1215.00     0.12  0.00   0.000  0.000   0.002 0.000     0.00   0.00
  1220.00     0.13  0.00   0.000  0.000   0.002 0.000     0.00   0.00
  1225.00     0.15  0.00   0.000  0.000   0.003 0.000     0.00   0.00
  1230.00     0.16  0.00   0.000  0.000   0.003 0.000     0.00   0.00
  1235.00     0.18  0.00   0.000  0.000   0.003 0.000     0.00   0.00
  1240.00     0.19  0.00   0.000  0.000   0.003 0.000     0.00   0.00
  1245.00     0.21  0.00   0.000  0.000   0.004 0.000     0.00   0.00
  1250.00     0.23  0.00   0.000  0.000   0.004 0.000     0.01   0.00
  1255.00     0.25  0.00   0.000  0.000   0.004 0.000     0.01   0.00
  1260.00     0.27  0.00   0.000  0.000   0.005 0.000     0.01   0.00
  1265.00     0.29  0.00   0.000  0.000   0.005 0.000     0.01   0.00
  1270.00     0.31  0.00   0.000  0.000   0.005 0.000     0.01   0.00
  1275.00     0.33  0.00   0.000  0.000   0.006 0.000     0.01   0.00
  1280.00     0.35  0.00   0.000  0.000   0.006 0.000     0.01   0.00
  1285.00     0.38  0.00   0.000  0.000   0.007 0.000     0.01   0.00
  1290.00     0.40  0.00   0.000  0.000   0.007 0.000     0.02   0.00
  1295.00     0.43  0.00   0.000  0.000   0.007 0.000     0.02   0.00
  1300.00     0.45  0.00   0.000  0.000   0.008 0.000     0.02   0.00
  1305.00     0.48  0.00   0.000  0.000   0.008 0.000     0.02   0.00
  1310.00     0.51  0.00   0.000  0.000   0.009 0.000     0.02   0.00
  1315.00     0.54  0.00   0.000  0.000   0.009 0.000     0.02   0.01
  1320.00     0.57  0.00   0.000  0.000   0.010 0.000     0.03   0.01
  1325.00     0.61  0.00   0.000  0.000   0.011 0.000     0.03   0.01
  1330.00     0.64  0.00   0.000  0.000   0.011 0.000     0.03   0.01
  1335.00     0.67  0.00   0.000  0.000   0.012 0.000     0.04   0.01
  1340.00     0.71  0.00   0.000  0.000   0.012 0.000     0.04   0.01
  1345.00     0.74  0.00   0.000  0.000   0.013 0.000     0.04   0.01
  1350.00     0.78  0.00   0.000  0.000   0.014 0.000     0.05   0.01
  1355.00     0.82  0.00   0.000  0.000   0.014 0.000     0.05   0.01
  1360.00     0.86  0.00   0.000  0.000   0.015 0.000     0.05   0.02
  1365.00     0.90  0.00   0.000  0.000   0.016 0.000     0.06   0.02
  1370.00     0.95  0.00   0.000  0.000   0.016 0.000     0.06   0.02
  1375.00     0.99  0.00   0.000  0.000   0.017 0.000     0.07   0.02
  1380.00     1.03  0.00   0.001  0.000   0.018 0.000     0.07   0.02
  1385.00     1.08  0.00   0.001  0.000   0.019 0.001     0.08   0.02
  1390.00     1.13  0.00   0.001  0.000   0.020 0.001     0.09   0.03
  1395.00     1.18  0.00   0.001  0.000   0.021 0.001     0.09   0.03
  1400.00     1.23  0.00   0.001  0.000   0.021 0.001     0.10   0.03
  1405.00     1.28  0.00   0.001  0.000   0.022 0.001     0.11   0.03
  1410.00     1.33  0.00   0.001  0.000   0.023 0.001     0.11   0.04
  1415.00     1.39  0.00   0.001  0.000   0.024 0.001     0.12   0.04
  1420.00     1.45  0.00   0.001  0.000   0.025 0.001     0.13   0.04
  1425.00     1.50  0.00   0.001  0.000   0.026 0.001     0.14   0.05
  1430.00     1.57  0.00   0.002  0.000   0.027 0.001     0.15   0.05
  1435.00     1.63  0.00   0.002  0.000   0.028 0.001     0.16   0.06
  1440.00     1.69  0.00   0.002  0.000   0.029 0.001     0.17   0.06
  1445.00     1.76  0.00   0.002  0.000   0.031 0.001     0.18   0.07
  1450.00     1.82  0.00   0.002  0.000   0.032 0.002     0.19   0.07
  1455.00     1.89  0.00   0.003  0.000   0.033 0.002     0.20   0.08
  1460.00     1.96  0.00   0.003  0.000   0.034 0.002     0.22   0.08
  1465.00     2.04  0.00   0.003  0.000   0.035 0.002     0.23   0.09
  1470.00     2.11  0.00   0.003  0.000   0.037 0.002     0.24   0.09
  1475.00     2.19  0.00   0.004  0.000   0.038 0.002     0.26   0.10
  1480.00     2.27  0.00   0.004  0.000   0.040 0.003     0.28   0.11
  1485.00     2.35  0.00   0.004  0.000   0.041 0.003     0.29   0.12
  1490.00     2.44  0.00   0.005  0.000   0.042 0.003     0.31   0.12
  1495.00     2.53  0.00   0.005  0.000   0.044 0.003     0.33   0.13
  1500.00     2.62  0.00   0.006  0.000   0.045 0.003     0.35   0.14
  1505.00     2.71  0.00   0.006  0.000   0.047 0.004     0.37   0.15
  1510.00     2.80  0.00   0.007  0.000   0.049 0.004     0.39   0.16
  1515.00     2.90  0.00   0.007  0.000   0.050 0.004     0.41   0.17
  1520.00     3.00  0.00   0.008  0.000   0.052 0.005     0.44   0.18
  1525.00     3.11  0.00   0.008  0.000   0.054 0.005     0.46   0.19
  1530.00     3.22  0.00   0.009  0.000   0.056 0.005     0.49   0.20
  1535.00     3.33  0.00   0.010  0.000   0.058 0.006     0.52   0.22
  1540.00     3.44  0.00   0.010  0.000   0.060 0.006     0.55   0.23
  1545.00     3.56  0.00   0.011  0.000   0.062 0.007     0.58   0.25
  1550.00     3.68  0.00   0.012  0.000   0.064 0.007     0.61   0.26
  1555.00     3.81  0.00   0.013  0.000   0.066 0.008     0.65   0.28
  1560.00     3.94  0.00   0.014  0.000   0.068 0.008     0.68   0.29
  1565.00     4.07  0.00   0.015  0.000   0.070 0.009     0.72   0.31
  1570.00     4.21  0.00   0.016  0.000   0.073 0.009     0.76   0.33
  1575.00     4.35  0.00   0.017  0.000   0.075 0.010     0.81   0.35
  1580.00     4.49  0.00   0.019  0.000   0.077 0.011     0.85   0.37
  1585.00     4.65  0.00   0.020  0.000   0.080 0.012     0.90   0.39
  1590.00     4.80  0.00   0.022  0.000   0.083 0.012     0.95   0.41
  1595.00     4.96  0.00   0.023  0.000   0.085 0.013     1.00   0.44
  1600.00     5.13  0.00   0.025  0.000   0.088 0.014     1.06   0.47
  1605.00     5.30  0.00   0.027  0.000   0.091 0.015     1.12   0.49
  1610.00     5.48  0.00   0.029  0.000   0.094 0.016     1.18   0.52
  1615.00     5.66  0.00   0.031  0.000   0.097 0.017     1.24   0.55
  1620.00     5.86  0.00   0.033  0.000   0.100 0.019     1.31   0.58
  1625.00     6.05  0.00   0.035  0.000   0.103 0.020     1.38   0.62
  1630.00     6.26  0.00   0.038  0.000   0.106 0.021     1.46   0.65
  1635.00     6.47  0.00   0.041  0.000   0.110 0.023     1.54   0.69
  1640.00     6.69  0.00   0.044  0.000   0.113 0.024     1.63   0.73
  1645.00     6.91  0.00   0.047  0.000   0.117 0.026     1.72   0.77
  1650.00     7.15  0.00   0.050  0.000   0.120 0.028     1.82   0.82
  1655.00     7.39  0.00   0.054  0.000   0.124 0.030     1.92   0.87
  1660.00     7.64  0.00   0.057  0.000   0.128 0.032     2.03   0.92
  1665.00     7.90  0.00   0.062  0.000   0.132 0.034     2.14   0.97
  1670.00     8.17  0.00   0.066  0.000   0.136 0.036     2.26   1.03
  1675.00     8.45  0.00   0.071  0.000   0.140 0.039     2.39   1.09
  1680.00     8.75  0.00   0.076  0.000   0.144 0.042     2.53   1.15
  1685.00     9.05  0.00   0.081  0.000   0.149 0.044     2.67   1.22
  1690.00     9.36  0.00   0.087  0.000   0.153 0.048     2.83   1.29
  1695.00     9.69  0.00   0.093  0.000   0.158 0.051     2.99   1.37
  1700.00    10.03  0.00   0.100  0.000   0.163 0.054     3.16   1.45
  1705.00    10.38  0.00   0.107  0.000   0.168 0.058     3.35   1.54
  1710.00    10.75  0.00   0.115  0.000   0.172 0.062     3.54   1.63
  1715.00    11.13  0.00   0.123  0.000   0.177 0.067     3.75   1.73
  1720.00    11.53  0.00   0.132  0.000   0.182 0.071     3.97   1.84
  1725.00    11.94  0.00   0.142  0.000   0.188 0.077     4.20   1.95
  1730.00    12.38  0.00   0.152  0.000   0.193 0.082     4.45   2.07
  1735.00    12.82  0.00   0.163  0.000   0.198 0.088     4.71   2.19
  1740.00    13.29  0.00   0.175  0.000   0.203 0.094     4.99   2.33
  1745.00    13.78  0.00   0.188  0.000   0.208 0.101     5.29   2.47
  1750.00    14.29  0.00   0.202  0.000   0.214 0.108     5.60   2.63
  1755.00    14.81  0.00   0.217  0.000   0.219 0.115     5.94   2.79
  1760.00    15.36  0.00   0.232  0.000   0.224 0.123     6.29   2.96
  1765.00    15.94  0.00   0.249  0.000   0.229 0.132     6.66   3.14
  1770.00    16.54  0.00   0.268  0.000   0.233 0.141     7.05   3.34
  1775.00    17.16  0.00   0.287  0.000   0.238 0.151     7.47   3.54
  1780.00    17.80  0.00   0.308  0.000   0.242 0.162     7.90   3.76
  1785.00    18.48  0.00   0.330  0.000   0.246 0.173     8.36   3.98
  1790.00    19.18  0.00   0.353  0.000   0.250 0.185     8.84   4.22
  1795.00    19.91  0.00   0.378  0.000   0.252 0.197     9.34   4.48
  1800.00    20.66  0.00   0.404  0.000   0.255 0.210     9.86   4.74
  1805.00    21.44  0.00   0.432  0.000   0.256 0.224    10.39   5.01
  1810.00    22.25  0.00   0.461  0.000   0.257 0.238    10.95   5.30
  1815.00    23.09  0.00   0.491  0.000   0.257 0.253    11.52   5.59
  1820.00    23.95  0.00   0.523  0.000   0.256 0.268    12.10   5.89
  1825.00    24.83  0.00   0.555  0.000   0.254 0.284    12.69   6.20
  1830.00    25.74  0.00   0.589  0.000   0.251 0.300    13.28   6.51
  1835.00    26.66  0.00   0.623  0.000   0.246 0.317    13.87   6.82
  1840.00    27.60  0.00   0.658  0.000   0.240 0.333    14.44   7.13
  1845.00    28.55  0.00   0.692  0.000   0.233 0.349    15.01   7.44
  1850.00    29.49  0.00   0.727  0.000   0.224 0.365    15.55   7.73
  1855.00    30.43  0.00   0.761  0.000   0.214 0.381    16.06   8.02
  1860.00    31.35  0.00   0.794  0.000   0.202 0.396    16.54   8.29
  1865.00    32.23  0.00   0.825  0.000   0.188 0.410    16.96   8.54
  1870.00    33.05  0.00   0.855  0.000   0.174 0.423    17.34   8.77
  1875.00    33.79  0.00   0.883  0.000   0.158 0.435    17.66   8.97
  1880.00    34.39  0.00   0.908  0.000   0.141 0.445    17.92   9.14
  1885.00    34.80  0.00   0.930  0.000   0.124 0.454    18.11   9.28
  1890.00    34.90  0.00   0.950  0.000   0.105 0.461    18.24   9.39
  1895.00    34.50  0.00   0.966  0.000   0.086 0.467    18.29   9.46
  1900.00    33.24  0.00   0.978  0.000   0.067 0.471    18.28   9.50
  1905.00    30.32  0.00   0.988  0.000   0.048 0.473    18.20   9.50
  1910.00    23.93  0.00   0.994  0.000   0.030 0.473    18.06   9.48
  1915.00    10.94  0.00   0.996  0.000   0.011 0.472    17.85   9.42
  1920.00    -6.08  0.00   0.996  0.000  -0.007 0.469    17.60   9.34
  1925.00   -17.20  0.00   0.993  0.000  -0.024 0.465    17.30   9.23
  1930.00   -22.55  0.00   0.987  0.000  -0.040 0.460    16.96   9.10
  1935.00   -25.08  0.00   0.979  0.000  -0.055 0.454    16.59   8.95
  1940.00   -26.26  0.00   0.969  0.000  -0.070 0.447    16.18   8.78
  1945.00   -26.75  0.00   0.958  0.000  -0.083 0.439    15.76   8.60
  1950.00   -26.83  0.00   0.944  0.000  -0.095 0.430    15.32   8.41
  1955.00   -26.67  0.00   0.930  0.000  -0.106 0.421    14.87   8.21
  1960.00   -26.36  0.00   0.915  0.000  -0.116 0.412    14.42   8.01
  1965.00   -25.95  0.00   0.899  0.000  -0.125 0.402    13.96   7.81
  1970.00   -25.49  0.00   0.882  0.000  -0.133 0.392    13.50   7.60
  1975.00   -24.98  0.00   0.865  0.000  -0.140 0.382    13.05   7.39
  1980.00   -24.46  0.00   0.848  0.000  -0.147 0.372    12.61   7.19
  1985.00   -23.92  0.00   0.831  0.000  -0.152 0.362    12.18   6.99
  1990.00   -23.38  0.00   0.815  0.000  -0.157 0.352    11.75   6.79
  1995.00   -22.84  0.00   0.798  0.000  -0.161 0.343    11.34   6.60
  2000.00   -22.30  0.00   0.781  0.000  -0.164 0.334    10.94   6.41
  2005.00   -21.77  0.00   0.765  0.000  -0.167 0.324    10.56   6.23
  2010.00   -21.25  0.00   0.749  0.000  -0.169 0.315    10.19   6.05
  2015.00   -20.74  0.00   0.734  0.000  -0.171 0.307     9.83   5.88
  2020.00   -20.24  0.00   0.719  0.000  -0.172 0.298     9.49   5.72
  2025.00   -19.75  0.00   0.705  0.000  -0.173 0.290     9.16   5.56
  2030.00   -19.27  0.00   0.691  0.000  -0.173 0.283     8.84   5.41
  2035.00   -18.80  0.00   0.677  0.000  -0.173 0.275     8.54   5.26
  2040.00   -18.35  0.00   0.664  0.000  -0.173 0.268     8.25   5.12
  2045.00   -17.91  0.00   0.652  0.000  -0.173 0.261     7.98   4.99
  2050.00   -17.48  0.00   0.640  0.000  -0.172 0.254     7.71   4.86
  2055.00   -17.06  0.00   0.629  0.000  -0.171 0.248     7.46   4.73
  2060.00   -16.65  0.00   0.617  0.000  -0.170 0.242     7.22   4.61
  2065.00   -16.25  0.00   0.607  0.000  -0.168 0.236     6.99   4.50
  2070.00   -15.86  0.00   0.597  0.000  -0.167 0.230     6.77   4.39
  2075.00   -15.48  0.00   0.587  0.000  -0.165 0.224     6.56   4.29
  2080.00   -15.11  0.00   0.578  0.000  -0.164 0.219     6.36   4.19
  2085.00   -14.75  0.00   0.569  0.000  -0.162 0.214     6.17   4.10
  2090.00   -14.39  0.00   0.560  0.000  -0.160 0.209     5.99   4.01
  2095.00   -14.05  0.00   0.552  0.000  -0.158 0.205     5.82   3.92
  2100.00   -13.71  0.00   0.545  0.000  -0.155 0.201     5.65   3.84
  2105.00   -13.38  0.00   0.537  0.000  -0.153 0.196     5.49   3.76
  2110.00   -13.06  0.00   0.530  0.000  -0.151 0.192     5.34   3.68
  2115.00   -12.74  0.00   0.523  0.000  -0.148 0.188     5.19   3.61
  2120.00   -12.43  0.00   0.517  0.000  -0.146 0.185     5.06   3.54
  2125.00   -12.13  0.00   0.511  0.000  -0.144 0.181     4.92   3.47
  2130.00   -11.83  0.00   0.505  0.000  -0.141 0.178     4.80   3.41
  2135.00   -11.54  0.00   0.499  0.000  -0.139 0.175     4.68   3.35
  2140.00   -11.25  0.00   0.494  0.000  -0.136 0.171     4.56   3.29
  2145.00   -10.97  0.00   0.489  0.000  -0.134 0.168     4.45   3.23
  2150.00   -10.69  0.00   0.484  0.000  -0.131 0.166     4.35   3.18
  2155.00   -10.42  0.00   0.480  0.000  -0.128 0.163     4.25   3.12
  2160.00   -10.15  0.00   0.475  0.000  -0.126 0.160     4.15   3.08
  2165.00    -9.89  0.00   0.471  0.000  -0.123 0.158     4.06   3.03
  2170.00    -9.63  0.00   0.467  0.000  -0.120 0.155     3.97   2.98
  2175.00    -9.37  0.00   0.463  0.000  -0.118 0.153     3.88   2.94
  2180.00    -9.12  0.00   0.460  0.000  -0.115 0.151     3.80   2.89
  2185.00    -8.87  0.00   0.456  0.000  -0.112 0.149     3.72   2.85
  2190.00    -8.63  0.00   0.453  0.000  -0.110 0.147     3.65   2.81
  2195.00    -8.39  0.00   0.450  0.000  -0.107 0.145     3.58   2.78
  2200.00    -8.15  0.00   0.447  0.000  -0.104 0.143     3.51   2.74
  2205.00    -7.91  0.00   0.444  0.000  -0.102 0.141     3.44   2.70
  2210.00    -7.68  0.00   0.442  0.000  -0.099 0.140     3.38   2.67
  2215.00    -7.45  0.00   0.439  0.000  -0.096 0.138     3.32   2.64
  2220.00    -7.22  0.00   0.437  0.000  -0.094 0.137     3.26   2.61
  2225.00    -7.00  0.00   0.435  0.000  -0.091 0.135     3.21   2.58
  2230.00    -6.78  0.00   0.432  0.000  -0.088 0.134     3.15   2.55
  2235.00    -6.55  0.00   0.430  0.000  -0.086 0.132     3.10   2.52
  2240.00    -6.34  0.00   0.428  0.000  -0.083 0.131     3.05   2.49
  2245.00    -6.12  0.00   0.427  0.000  -0.080 0.130     3.00   2.47
  2250.00    -5.91  0.00   0.425  0.000  -0.078 0.129     2.96   2.44
  2255.00    -5.69  0.00   0.423  0.000  -0.075 0.128     2.92   2.41
  2260.00    -5.48  0.00   0.422  0.000  -0.072 0.127     2.87   2.39
  2265.00    -5.28  0.00   0.420  0.000  -0.070 0.126     2.83   2.37
  2270.00    -5.07  0.00   0.419  0.000  -0.067 0.125     2.80   2.35
  2275.00    -4.86  0.00   0.418  0.000  -0.064 0.124     2.76   2.32
  2280.00    -4.66  0.00   0.417  0.000  -0.062 0.123     2.72   2.30
  2285.00    -4.46  0.00   0.416  0.000  -0.059 0.122     2.69   2.28
  2290.00    -4.26  0.00   0.415  0.000  -0.057 0.122     2.66   2.26
  2295.00    -4.06  0.00   0.414  0.000  -0.054 0.121     2.62   2.24
  2300.00    -3.86  0.00   0.413  0.000  -0.051 0.120     2.59   2.23
  2305.00    -3.67  0.00   0.412  0.000  -0.049 0.120     2.57   2.21
  2310.00    -3.47  0.00   0.411  0.000  -0.046 0.119     2.54   2.19
  2315.00    -3.28  0.00   0.411  0.000  -0.044 0.119     2.51   2.17
  2320.00    -3.08  0.00   0.410  0.000  -0.041 0.118     2.49   2.16
  2325.00    -2.89  0.00   0.409  0.000  -0.039 0.118     2.46   2.14
  2330.00    -2.70  0.00   0.409  0.000  -0.036 0.117     2.44   2.12
  2335.00    -2.51  0.00   0.408  0.000  -0.034 0.117     2.42   2.11
  2340.00    -2.32  0.00   0.408  0.000  -0.031 0.117     2.39   2.09
  2345.00    -2.13  0.00   0.408  0.000  -0.029 0.116     2.37   2.08
  2350.00    -1.95  0.00   0.407  0.000  -0.026 0.116     2.35   2.07
  2355.00    -1.76  0.00   0.407  0.000  -0.024 0.116     2.33   2.05
  2360.00    -1.58  0.00   0.407  0.000  -0.021 0.115     2.32   2.04
  2365.00    -1.39  0.00   0.407  0.000  -0.019 0.115     2.30   2.03
  2370.00    -1.21  0.00   0.406  0.000  -0.016 0.115     2.28   2.01
  2375.00    -1.03  0.00   0.406  0.000  -0.014 0.115     2.27   2.00
  2380.00    -0.84  0.00   0.406  0.000  -0.011 0.115     2.25   1.99
  2385.00    -0.66  0.00   0.406  0.000  -0.009 0.115     2.24   1.98
  2390.00    -0.48  0.00   0.406  0.000  -0.006 0.115     2.22   1.97
  2395.00    -0.30  0.00   0.406  0.000  -0.004 0.115     2.21   1.95
  2400.00    -0.12  0.00   0.406  0.000  -0.002 0.115     2.20   1.94
