  1080.00     0.00  0.00   0.000  0.000   0.000 0.000     0.00   0.00
  1085.00     0.00  0.00   0.000  0.000   0.000 0.000     0.00   0.00
  1090.00     0.00  0.00   0.000  0.000   0.000 0.000     0.00   0.00
  1095.00     0.00  0.00   0.000  0.000   0.000 0.000     0.00   0.00
  1100.00     0.00  0.00   0.000  0.000   0.000 0.000     0.00   0.00
  1105.00     0.00  0.00   0.000  0.000   0.000 0.000     0.00   0.00
  1110.00     0.00  0.00   0.000  0.000   0.000 0.000     0.00   0.00
  1115.00     0.00  0.00   0.000  0.000   0.000 0.000     0.00   0.00
  1120.00     0.00  0.00   0.000  0.000   0.000 0.000     0.00   0.00
  1125.00     0.00  0.00   0.000  0.000   0.000 0.000     0.00   0.00
  1130.00     0.00  0.00   0.000  0.000   0.000 0.000     0.00   0.00
  1135.00     0.00  0.00   0.000  0.000   0.000 0.000     0.00   0.00
  1140.00     0.00  0.00   0.000  0.000   0.000 0.000     0.00   0.00
  1145.00     0.00  0.00   0.000  0.000   0.000 0.000     0.00   0.00
  1150.00     0.00  0.00   0.000  0.000   0.000 0.000     0.00   0.00
  1155.00     0.00  0.00   0.000  0.000   0.000 0.000     0.00   0.00
  1160.00     0.00  0.00   0.000  0.000   0.000 0.000     0.00   0.00
  1165.00     0.00  0.00   0.000  0.000   0.000 0.000     0.00   0.00
  1170.00     0.00  0.00   0.000  0.000   0.000 0.000     0.00   0.00
  1175.00     0.00  0.00   0.000  0.000   0.000 0.000     0.00   0.00
  1180.00     0.00  0.00   0.000  0.000   0.000 0.000     0.00   0.00
  1185.00     0.00  0.00   0.000  0.000   0.000 0.000     0.00   0.00
  1190.00     0.01  0.00   0.000  0.000   0.000 0.000     0.00   0.00
  1195.00     0.01  0.00   0.000  0.000   0.000 0.000     0.00   0.00
  1200.00     0.01  0.00   0.000  0.000   0.000 0.000     0.00   0.00
  1205.00     0.01  0.00   0.000  0.000   0.000 0.000     0.00   0.00
  1210.00     0.01  0.00   0.000  0.000   0.000 0.000     0.00   0.00
  1215.00     0.01  0.00   0.000  0.000   0.000 0.000     0.00   0.00
  1220.00     0.01  0.00   0.000  0.000   0.000 0.000     0.00   0.00
  1225.00     0.02  0.00   0.000  0.000   0.000 0.000     0.00   0.00
  1230.00     0.02  0.00   0.000  0.000   0.000 0.000     0.00   0.00
  1235.00     0.02  0.00   0.000  0.000   0.000 0.000     0.00   0.00
  1240.00     0.03  0.00   0.000  0.000   0.000 0.000     0.00   0.00
  1245.00     0.03  0.00   0.000  0.000   0.000 0.000     0.00   0.00
  1250.00     0.03  0.00   0.000  0.000   0.001 0.000     0.00   0.00
  1255.00     0.04  0.00   0.000  0.000   0.001 0.000     0.00   0.00
  1260.00     0.04  0.00   0.000  0.000   0.001 0.000     0.00   0.00
  1265.00     0.04  0.00   0.000  0.000   0.001 0.000     0.00   0.00
  1270.00     0.05  0.00   0.000  0.000   0.001 0.000     0.00   0.00
  1275.00     0.05  0.00   0.000  0.000   0.001 0.000     0.00   0.00
  1280.00     0.06  0.00   0.000  0.000   0.001 0.000     0.00   0.00
  1285.00     0.07  0.00   0.000  0.000   0.001 0.000     0.00   0.00
  1290.00     0.07  0.00   0.000  0.000   0.001 0.000     0.00   0.00
  1295.00     0.08  0.00   0.000  0.000   0.001 0.000     0.00   0.00
  1300.00     0.09  0.00   0.000  0.000   0.002 0.000     0.00   0.00
  1305.00     0.10  0.00   0.000  0.000   0.002 0.000     0.00   0.00
  1310.00     0.10  0.00   0.000  0.000   0.002 0.000     0.00   0.00
  1315.00     0.11  0.00   0.000  0.000   0.002 0.000     0.00   0.00
  1320.00     0.12  0.00   0.000  0.000   0.002 0.000     0.01   0.00
  1325.00     0.13  0.00   0.000  0.000   0.002 0.000     0.01   0.01
  1330.00     0.14  0.00   0.000  0.000   0.002 0.000     0.01   0.01
  1335.00     0.15  0.00   0.000  0.000   0.003 0.000     0.01   0.01
  1340.00     0.16  0.00   0.000  0.000   0.003 0.000     0.01   0.01
  1345.00     0.18  0.00   0.000  0.000   0.003 0.000     0.01   0.01
  1350.00     0.19  0.00   0.000  0.000   0.003 0.000     0.01   0.01
  1355.00     0.20  0.00   0.000  0.000   0.004 0.000     0.01   0.01
  1360.00     0.22  0.00   0.000  0.000   0.004 0.000     0.01   0.01
  1365.00     0.23  0.00   0.000  0.000   0.004 0.000     0.02   0.01
  1370.00     0.25  0.00   0.000  0.000   0.004 0.000     0.02   0.02
  1375.00     0.26  0.00   0.000  0.000   0.005 0.000     0.02   0.02
  1380.00     0.28  0.00   0.000  0.000   0.005 0.000     0.02   0.02
  1385.00     0.30  0.00   0.001  0.000   0.005 0.000     0.03   0.02
  1390.00     0.32  0.00   0.001  0.000   0.006 0.000     0.03   0.02
  1395.00     0.34  0.00   0.001  0.000   0.006 0.000     0.03   0.03
  1400.00     0.36  0.00   0.001  0.000   0.006 0.000     0.03   0.03
  1405.00     0.38  0.00   0.001  0.000   0.007 0.000     0.04   0.03
  1410.00     0.40  0.00   0.001  0.000   0.007 0.000     0.04   0.04
  1415.00     0.42  0.00   0.001  0.000   0.007 0.000     0.05   0.04
  1420.00     0.44  0.00   0.001  0.000   0.008 0.000     0.05   0.04
  1425.00     0.47  0.00   0.001  0.000   0.008 0.000     0.05   0.05
  1430.00     0.49  0.00   0.002  0.000   0.009 0.000     0.06   0.05
  1435.00     0.52  0.00   0.002  0.000   0.009 0.001     0.06   0.05
  1440.00     0.54  0.00   0.002  0.000   0.009 0.001     0.07   0.06
  1445.00     0.57  0.00   0.002  0.000   0.010 0.001     0.08   0.06
  1450.00     0.60  0.00   0.002  0.000   0.010 0.001     0.08   0.07
  1455.00     0.63  0.00   0.003  0.000   0.011 0.001     0.09   0.07
  1460.00     0.66  0.00   0.003  0.000   0.012 0.001     0.10   0.08
  1465.00     0.69  0.00   0.003  0.000   0.012 0.001     0.10   0.09
  1470.00     0.72  0.00   0.003  0.000   0.013 0.001     0.11   0.09
  1475.00     0.76  0.00   0.004  0.000   0.013 0.001     0.12   0.10
  1480.00     0.79  0.00   0.004  0.000   0.014 0.001     0.13   0.11
  1485.00     0.83  0.00   0.004  0.000   0.014 0.001     0.13   0.11
  1490.00     0.87  0.00   0.005  0.000   0.015 0.001     0.14   0.12
  1495.00     0.90  0.00   0.005  0.000   0.016 0.001     0.15   0.13
  1500.00     0.94  0.00   0.005  0.000   0.016 0.002     0.16   0.14
  1505.00     0.98  0.00   0.006  0.000   0.017 0.002     0.17   0.14
  1510.00     1.02  0.00   0.006  0.000   0.018 0.002     0.18   0.15
  1515.00     1.07  0.00   0.007  0.000   0.019 0.002     0.19   0.16
  1520.00     1.11  0.00   0.007  0.000   0.019 0.002     0.21   0.17
  1525.00     1.15  0.00   0.008  0.000   0.020 0.002     0.22   0.18
  1530.00     1.20  0.00   0.008  0.000   0.021 0.003     0.23   0.19
  1535.00     1.25  0.00   0.009  0.000   0.022 0.003     0.24   0.20
  1540.00     1.29  0.00   0.010  0.000   0.022 0.003     0.26   0.21
  1545.00     1.34  0.00   0.010  0.000   0.023 0.003     0.27   0.22
  1550.00     1.39  0.00   0.011  0.000   0.024 0.003     0.29   0.24
  1555.00     1.45  0.00   0.012  0.000   0.025 0.004     0.30   0.25
  1560.00     1.50  0.00   0.012  0.000   0.026 0.004     0.32   0.26
  1565.00     1.55  0.00   0.013  0.000   0.027 0.004     0.33   0.27
  1570.00     1.61  0.00   0.014  0.000   0.028 0.004     0.35   0.29
  1575.00     1.67  0.00   0.015  0.000   0.029 0.005     0.37   0.30
  1580.00     1.72  0.00   0.016  0.000   0.030 0.005     0.39   0.31
  1585.00     1.78  0.00   0.017  0.000   0.031 0.005     0.41   0.33
  1590.00     1.85  0.00   0.018  0.000   0.032 0.006     0.43   0.35
  1595.00     1.91  0.00   0.019  0.000   0.033 0.006     0.45   0.36
  1600.00     1.97  0.00   0.020  0.000   0.034 0.006     0.47   0.38
  1605.00     2.04  0.00   0.021  0.000   0.035 0.007     0.49   0.39
  1610.00     2.11  0.00   0.023  0.000   0.036 0.007     0.51   0.41
  1615.00     2.17  0.00   0.024  0.000   0.037 0.007     0.53   0.43
  1620.00     2.24  0.00   0.025  0.000   0.039 0.008     0.56   0.45
  1625.00     2.32  0.00   0.027  0.000   0.040 0.008     0.58   0.47
  1630.00     2.39  0.00   0.028  0.000   0.041 0.009     0.61   0.49
  1635.00     2.46  0.00   0.030  0.000   0.042 0.009     0.63   0.51
  1640.00     2.54  0.00   0.031  0.000   0.044 0.010     0.66   0.53
  1645.00     2.62  0.00   0.033  0.000   0.045 0.010     0.69   0.55
  1650.00     2.70  0.00   0.035  0.000   0.046 0.011     0.72   0.57
  1655.00     2.78  0.00   0.037  0.000   0.047 0.012     0.75   0.59
  1660.00     2.86  0.00   0.039  0.000   0.049 0.012     0.78   0.62
  1665.00     2.94  0.00   0.041  0.000   0.050 0.013     0.81   0.64
  1670.00     3.03  0.00   0.043  0.000   0.052 0.014     0.84   0.67
  1675.00     3.12  0.00   0.045  0.000   0.053 0.014     0.88   0.69
  1680.00     3.20  0.00   0.047  0.000   0.054 0.015     0.91   0.72
  1685.00     3.29  0.00   0.050  0.000   0.056 0.016     0.95   0.75
  1690.00     3.39  0.00   0.052  0.000   0.057 0.017     0.99   0.77
  1695.00     3.48  0.00   0.055  0.000   0.059 0.017     1.02   0.80
  1700.00     3.58  0.00   0.057  0.000   0.060 0.018     1.06   0.83
  1705.00     3.67  0.00   0.060  0.000   0.062 0.019     1.10   0.86
  1710.00     3.77  0.00   0.063  0.000   0.064 0.020     1.15   0.89
  1715.00     3.87  0.00   0.066  0.000   0.065 0.021     1.19   0.93
  1720.00     3.98  0.00   0.069  0.000   0.067 0.022     1.23   0.96
  1725.00     4.08  0.00   0.072  0.000   0.068 0.023     1.28   0.99
  1730.00     4.19  0.00   0.076  0.000   0.070 0.024     1.33   1.03
  1735.00     4.29  0.00   0.079  0.000   0.072 0.026     1.37   1.06
  1740.00     4.40  0.00   0.083  0.000   0.073 0.027     1.42   1.10
  1745.00     4.51  0.00   0.086  0.000   0.075 0.028     1.47   1.14
  1750.00     4.63  0.00   0.090  0.000   0.077 0.029     1.53   1.18
  1755.00     4.74  0.00   0.094  0.000   0.078 0.031     1.58   1.21
  1760.00     4.86  0.00   0.099  0.000   0.080 0.032     1.63   1.26
  1765.00     4.97  0.00   0.103  0.000   0.082 0.034     1.69   1.30
  1770.00     5.09  0.00   0.107  0.000   0.084 0.035     1.75   1.34
  1775.00     5.21  0.00   0.112  0.000   0.085 0.037     1.81   1.38
  1780.00     5.34  0.00   0.117  0.000   0.087 0.038     1.87   1.43
  1785.00     5.46  0.00   0.122  0.000   0.089 0.040     1.93   1.48
  1790.00     5.59  0.00   0.127  0.000   0.091 0.042     2.00   1.52
  1795.00     5.71  0.00   0.133  0.000   0.092 0.044     2.06   1.57
  1800.00     5.84  0.00   0.138  0.000   0.094 0.045     2.13   1.62
  1805.00     5.97  0.00   0.144  0.000   0.096 0.047     2.20   1.67
  1810.00     6.10  0.00   0.150  0.000   0.097 0.049     2.27   1.72
  1815.00     6.23  0.00   0.156  0.000   0.099 0.052     2.34   1.78
  1820.00     6.37  0.00   0.162  0.000   0.101 0.054     2.42   1.83
  1825.00     6.50  0.00   0.169  0.000   0.103 0.056     2.50   1.89
  1830.00     6.64  0.00   0.176  0.000   0.104 0.058     2.57   1.94
  1835.00     6.77  0.00   0.183  0.000   0.106 0.061     2.65   2.00
  1840.00     6.91  0.00   0.190  0.000   0.107 0.063     2.73   2.06
  1845.00     7.05  0.00   0.197  0.000   0.109 0.066     2.82   2.12
  1850.00     7.18  0.00   0.205  0.000   0.111 0.068     2.90   2.18
  1855.00     7.32  0.00   0.213  0.000   0.112 0.071     2.99   2.25
  1860.00     7.46  0.00   0.221  0.000   0.114 0.074     3.07   2.31
  1865.00     7.60  0.00   0.229  0.000   0.115 0.076     3.16   2.37
  1870.00     7.74  0.00   0.238  0.000   0.116 0.079     3.25   2.44
  1875.00     7.87  0.00   0.247  0.000   0.118 0.082     3.35   2.51
  1880.00     8.01  0.00   0.256  0.000   0.119 0.085     3.44   2.58
  1885.00     8.15  0.00   0.265  0.000   0.120 0.089     3.53   2.64
  1890.00     8.28  0.00   0.275  0.000   0.121 0.092     3.63   2.72
  1895.00     8.41  0.00   0.284  0.000   0.122 0.095     3.73   2.79
  1900.00     8.54  0.00   0.294  0.000   0.123 0.099     3.83   2.86
  1905.00     8.67  0.00   0.305  0.000   0.124 0.102     3.93   2.93
  1910.00     8.80  0.00   0.315  0.000   0.125 0.106     4.03   3.00
  1915.00     8.92  0.00   0.325  0.000   0.126 0.109     4.13   3.08
  1920.00     9.04  0.00   0.336  0.000   0.126 0.113     4.23   3.15
  1925.00     9.16  0.00   0.347  0.000   0.127 0.116     4.33   3.23
  1930.00     9.27  0.00   0.358  0.000   0.127 0.120     4.43   3.30
  1935.00     9.38  0.00   0.370  0.000   0.128 0.124     4.53   3.38
  1940.00     9.48  0.00   0.381  0.000   0.128 0.128     4.64   3.45
  1945.00     9.58  0.00   0.393  0.000   0.128 0.132     4.74   3.53
  1950.00     9.66  0.00   0.404  0.000   0.128 0.136     4.84   3.60
  1955.00     9.75  0.00   0.416  0.000   0.127 0.140     4.94   3.68
  1960.00     9.82  0.00   0.428  0.000   0.127 0.144     5.04   3.75
  1965.00     9.89  0.00   0.440  0.000   0.127 0.148     5.14   3.82
  1970.00     9.94  0.00   0.452  0.000   0.126 0.152     5.24   3.90
  1975.00     9.99  0.00   0.464  0.000   0.125 0.156     5.33   3.97
  1980.00    10.03  0.00   0.477  0.000   0.124 0.160     5.43   4.04
  1985.00    10.05  0.00   0.489  0.000   0.123 0.164     5.52   4.11
  1990.00    10.06  0.00   0.501  0.000   0.122 0.168     5.61   4.17
  1995.00    10.06  0.00   0.513  0.000   0.120 0.172     5.70   4.24
  2000.00    10.05  0.00   0.525  0.000   0.118 0.176     5.78   4.30
  2005.00    10.02  0.00   0.536  0.000   0.117 0.180     5.87   4.37
  2010.00     9.98  0.00   0.548  0.000   0.115 0.184     5.94   4.42
  2015.00     9.92  0.00   0.559  0.000   0.113 0.188     6.02   4.48
  2020.00     9.84  0.00   0.571  0.000   0.110 0.192     6.09   4.54
  2025.00     9.74  0.00   0.582  0.000   0.108 0.195     6.16   4.59
  2030.00     9.63  0.00   0.593  0.000   0.105 0.199     6.22   4.64
  2035.00     9.50  0.00   0.603  0.000   0.103 0.202     6.28   4.68
  2040.00     9.35  0.00   0.613  0.000   0.100 0.205     6.33   4.72
  2045.00     9.17  0.00   0.623  0.000   0.097 0.209     6.38   4.76
  2050.00     8.98  0.00   0.633  0.000   0.093 0.212     6.42   4.80
  2055.00     8.77  0.00   0.642  0.000   0.090 0.215     6.46   4.83
  2060.00     8.54  0.00   0.650  0.000   0.087 0.217     6.50   4.86
  2065.00     8.29  0.00   0.659  0.000   0.083 0.220     6.53   4.88
  2070.00     8.02  0.00   0.666  0.000   0.080 0.222     6.55   4.91
  2075.00     7.72  0.00   0.674  0.000   0.076 0.225     6.57   4.92
  2080.00     7.41  0.00   0.681  0.000   0.072 0.227     6.58   4.94
  2085.00     7.08  0.00   0.687  0.000   0.068 0.229     6.59   4.95
  2090.00     6.74  0.00   0.693  0.000   0.065 0.231     6.59   4.95
  2095.00     6.38  0.00   0.698  0.000   0.061 0.232     6.59   4.95
  2100.00     6.00  0.00   0.703  0.000   0.057 0.233     6.58   4.95
  2105.00     5.61  0.00   0.707  0.000   0.053 0.235     6.56   4.95
  2110.00     5.21  0.00   0.711  0.000   0.049 0.236     6.55   4.94
  2115.00     4.80  0.00   0.714  0.000   0.045 0.237     6.52   4.92
  2120.00     4.39  0.00   0.717  0.000   0.041 0.237     6.49   4.91
  2125.00     3.96  0.00   0.719  0.000   0.037 0.238     6.46   4.89
  2130.00     3.54  0.00   0.721  0.000   0.033 0.238     6.42   4.87
  2135.00     3.11  0.00   0.722  0.000   0.029 0.238     6.38   4.84
  2140.00     2.69  0.00   0.723  0.000   0.025 0.238     6.34   4.81
  2145.00     2.26  0.00   0.723  0.000   0.021 0.238     6.29   4.78
  2150.00     1.84  0.00   0.723  0.000   0.017 0.237     6.23   4.74
  2155.00     1.43  0.00   0.723  0.000   0.013 0.237     6.18   4.71
  2160.00     1.03  0.00   0.721  0.000   0.009 0.236     6.12   4.67
  2165.00     0.63  0.00   0.720  0.000   0.006 0.235     6.05   4.63
  2170.00     0.25  0.00   0.718  0.000   0.002 0.235     5.99   4.58
  2175.00    -0.12  0.00   0.716  0.000  -0.001 0.233     5.92   4.54
  2180.00    -0.48  0.00   0.713  0.000  -0.005 0.232     5.85   4.49
  2185.00    -0.83  0.00   0.710  0.000  -0.008 0.231     5.77   4.44
  2190.00    -1.16  0.00   0.707  0.000  -0.011 0.229     5.70   4.39
  2195.00    -1.48  0.00   0.703  0.000  -0.014 0.228     5.62   4.34
  2200.00    -1.78  0.00   0.699  0.000  -0.017 0.226     5.55   4.28
  2205.00    -2.06  0.00   0.695  0.000  -0.020 0.225     5.47   4.23
  2210.00    -2.33  0.00   0.690  0.000  -0.023 0.223     5.39   4.18
  2215.00    -2.59  0.00   0.686  0.000  -0.025 0.221     5.31   4.12
  2220.00    -2.82  0.00   0.681  0.000  -0.028 0.219     5.22   4.06
  2225.00    -3.05  0.00   0.676  0.000  -0.030 0.217     5.14   4.01
  2230.00    -3.25  0.00   0.670  0.000  -0.033 0.215     5.06   3.95
  2235.00    -3.45  0.00   0.665  0.000  -0.035 0.213     4.98   3.89
  2240.00    -3.63  0.00   0.659  0.000  -0.037 0.210     4.89   3.83
  2245.00    -3.79  0.00   0.653  0.000  -0.039 0.208     4.81   3.77
  2250.00    -3.94  0.00   0.647  0.000  -0.041 0.206     4.73   3.72
  2255.00    -4.08  0.00   0.641  0.000  -0.043 0.204     4.65   3.66
  2260.00    -4.21  0.00   0.635  0.000  -0.044 0.201     4.56   3.60
  2265.00    -4.32  0.00   0.629  0.000  -0.046 0.199     4.48   3.54
  2270.00    -4.43  0.00   0.623  0.000  -0.047 0.197     4.40   3.49
  2275.00    -4.52  0.00   0.617  0.000  -0.049 0.194     4.32   3.43
  2280.00    -4.60  0.00   0.610  0.000  -0.050 0.192     4.24   3.37
  2285.00    -4.68  0.00   0.604  0.000  -0.051 0.189     4.16   3.32
  2290.00    -4.74  0.00   0.597  0.000  -0.052 0.187     4.08   3.26
  2295.00    -4.79  0.00   0.591  0.000  -0.053 0.185     4.01   3.20
  2300.00    -4.84  0.00   0.584  0.000  -0.054 0.182     3.93   3.15
  2305.00    -4.88  0.00   0.578  0.000  -0.055 0.180     3.85   3.10
  2310.00    -4.91  0.00   0.571  0.000  -0.056 0.177     3.78   3.04
  2315.00    -4.93  0.00   0.565  0.000  -0.057 0.175     3.71   2.99
  2320.00    -4.95  0.00   0.558  0.000  -0.057 0.173     3.63   2.94
  2325.00    -4.96  0.00   0.552  0.000  -0.058 0.170     3.56   2.89
  2330.00    -4.97  0.00   0.546  0.000  -0.058 0.168     3.49   2.84
  2335.00    -4.97  0.00   0.539  0.000  -0.059 0.166     3.42   2.79
  2340.00    -4.96  0.00   0.533  0.000  -0.059 0.163     3.36   2.74
  2345.00    -4.95  0.00   0.527  0.000  -0.059 0.161     3.29   2.69
  2350.00    -4.94  0.00   0.520  0.000  -0.059 0.159     3.22   2.64
  2355.00    -4.92  0.00   0.514  0.000  -0.060 0.157     3.16   2.59
  2360.00    -4.89  0.00   0.508  0.000  -0.060 0.154     3.10   2.55
  2365.00    -4.87  0.00   0.502  0.000  -0.060 0.152     3.04   2.50
  2370.00    -4.84  0.00   0.496  0.000  -0.060 0.150     2.98   2.46
  2375.00    -4.80  0.00   0.490  0.000  -0.060 0.148     2.92   2.41
  2380.00    -4.77  0.00   0.484  0.000  -0.059 0.146     2.86   2.37
  2385.00    -4.73  0.00   0.478  0.000  -0.059 0.144     2.80   2.33
  2390.00    -4.69  0.00   0.473  0.000  -0.059 0.142     2.74   2.29
  2395.00    -4.64  0.00   0.467  0.000  -0.059 0.140     2.69   2.25
  2400.00    -4.60  0.00   0.461  0.000  -0.059 0.138     2.64   2.21
