  1080.00     0.00  0.00   0.000  0.000   0.000 0.000     0.00   0.00
  1085.00     0.00  0.00   0.000  0.000   0.000 0.000     0.00   0.00
  1090.00     0.00  0.00   0.000  0.000   0.000 0.000     0.00   0.00
  1095.00     0.00  0.00   0.000  0.000   0.000 0.000     0.00   0.00
  1100.00     0.00  0.00   0.000  0.000   0.000 0.000     0.00   0.00
  1105.00     0.00  0.00   0.000  0.000   0.000 0.000     0.00   0.00
  1110.00     0.00  0.00   0.000  0.000   0.000 0.000     0.00   0.00
  1115.00     0.00  0.00   0.000  0.000   0.000 0.000     0.00   0.00
  1120.00     0.00  0.00   0.000  0.000   0.000 0.000     0.00   0.00
  1125.00     0.00  0.00   0.000  0.000   0.000 0.000     0.00   0.00
  1130.00     0.00  0.00   0.000  0.000   0.000 0.000     0.00   0.00
  1135.00     0.00  0.00   0.000  0.000   0.000 0.000     0.00   0.00
  1140.00     0.00  0.00   0.000  0.000   0.000 0.000     0.00   0.00
  1145.00     0.00  0.00   0.000  0.000   0.000 0.000     0.00   0.00
  1150.00     0.00  0.00   0.000  0.000   0.000 0.000     0.00   0.00
  1155.00     0.00  0.00   0.000  0.000   0.000 0.000     0.00   0.00
  1160.00     0.00  0.00   0.000  0.000   0.000 0.000     0.00   0.00
  1165.00     0.00  0.00   0.000  0.000   0.000 0.000     0.00   0.00
  1170.00     0.00  0.00   0.000  0.000   0.000 0.000     0.00   0.00
  1175.00     0.00  0.00   0.000  0.000   0.000 0.000     0.00   0.00
  1180.00     0.00  0.00   0.000  0.000   0.000 0.000     0.00   0.00
  1185.00     0.00  0.00   0.000  0.000   0.000 0.000     0.00   0.00
  1190.00     0.00  0.00   0.000  0.000   0.000 0.000     0.00   0.00
  1195.00     0.01  0.00   0.000  0.000   0.000 0.000     0.00   0.00
  1200.00     0.01  0.00   0.000  0.000   0.000 0.000     0.00   0.00
  1205.00     0.01  0.00   0.000  0.000   0.000 0.000     0.00   0.00
  1210.00     0.01  0.00   0.000  0.000   0.000 0.000     0.00   0.00
  1215.00     0.01  0.00   0.000  0.000   0.000 0.000     0.00   0.00
  1220.00     0.01  0.00   0.000  0.000   0.000 0.000     0.00   0.00
  1225.00     0.01  0.00   0.000  0.000   0.000 0.000     0.00   0.00
  1230.00     0.01  0.00   0.000  0.000   0.000 0.000     0.00   0.00
  1235.00     0.02  0.00   0.000  0.000   0.000 0.000     0.00   0.00
  1240.00     0.02  0.00   0.000  0.000   0.000 0.000     0.00   0.00
  1245.00     0.02  0.00   0.000  0.000   0.000 0.000     0.00   0.00
  1250.00     0.02  0.00   0.000  0.000   0.000 0.000     0.00   0.00
  1255.00     0.02  0.00   0.000  0.000   0.000 0.000     0.00   0.00
  1260.00     0.03  0.00   0.000  0.000   0.000 0.000     0.00   0.00
  1265.00     0.03  0.00   0.000  0.000   0.000 0.000     0.00   0.00
  1270.00     0.03  0.00   0.000  0.000   0.001 0.000     0.00   0.00
  1275.00     0.03  0.00   0.000  0.000   0.001 0.000     0.00   0.00
  1280.00     0.04  0.00   0.000  0.000   0.001 0.000     0.00   0.00
  1285.00     0.04  0.00   0.000  0.000   0.001 0.000     0.00   0.00
  1290.00     0.04  0.00   0.000  0.000   0.001 0.000     0.00   0.00
  1295.00     0.05  0.00   0.000  0.000   0.001 0.000     0.00   0.00
  1300.00     0.05  0.00   0.000  0.000   0.001 0.000     0.00   0.00
  1305.00     0.05  0.00   0.000  0.000   0.001 0.000     0.00   0.00
  1310.00     0.06  0.00   0.000  0.000   0.001 0.000     0.00   0.00
  1315.00     0.06  0.00   0.000  0.000   0.001 0.000     0.00   0.00
  1320.00     0.06  0.00   0.000  0.000   0.001 0.000     0.00   0.00
  1325.00     0.07  0.00   0.000  0.000   0.001 0.000     0.00   0.00
  1330.00     0.07  0.00   0.000  0.000   0.001 0.000     0.00   0.00
  1335.00     0.08  0.00   0.000  0.000   0.001 0.000     0.00   0.00
  1340.00     0.08  0.00   0.000  0.000   0.001 0.000     0.00   0.00
  1345.00     0.09  0.00   0.000  0.000   0.002 0.000     0.00   0.00
  1350.00     0.09  0.00   0.000  0.000   0.002 0.000     0.00   0.00
  1355.00     0.10  0.00   0.000  0.000   0.002 0.000     0.00   0.00
  1360.00     0.10  0.00   0.000  0.000   0.002 0.000     0.00   0.00
  1365.00     0.11  0.00   0.000  0.000   0.002 0.000     0.00   0.00
  1370.00     0.11  0.00   0.000  0.000   0.002 0.000     0.00   0.00
  1375.00     0.12  0.00   0.000  0.000   0.002 0.000     0.00   0.00
  1380.00     0.13  0.00   0.000  0.000   0.002 0.000     0.00   0.00
  1385.00     0.13  0.00   0.000  0.000   0.002 0.000     0.00   0.00
  1390.00     0.14  0.00   0.000  0.000   0.002 0.000     0.00   0.00
  1395.00     0.15  0.00   0.000  0.000   0.003 0.000     0.00   0.00
  1400.00     0.15  0.00   0.000  0.000   0.003 0.000     0.00   0.00
  1405.00     0.16  0.00   0.000  0.000   0.003 0.000     0.00   0.00
  1410.00     0.17  0.00   0.000  0.000   0.003 0.000     0.00   0.00
  1415.00     0.17  0.00   0.000  0.000   0.003 0.000     0.00   0.00
  1420.00     0.18  0.00   0.000  0.000   0.003 0.000     0.00   0.00
  1425.00     0.19  0.00   0.000  0.000   0.003 0.000     0.01   0.00
  1430.00     0.20  0.00   0.000  0.000   0.003 0.000     0.01   0.00
  1435.00     0.21  0.00   0.000  0.000   0.004 0.000     0.01   0.00
  1440.00     0.21  0.00   0.000  0.000   0.004 0.000     0.01   0.00
  1445.00     0.22  0.00   0.000  0.000   0.004 0.000     0.01   0.00
  1450.00     0.23  0.00   0.000  0.000   0.004 0.000     0.01   0.01
  1455.00     0.24  0.00   0.000  0.000   0.004 0.000     0.01   0.01
  1460.00     0.25  0.00   0.000  0.000   0.004 0.000     0.01   0.01
  1465.00     0.26  0.00   0.000  0.000   0.004 0.000     0.01   0.01
  1470.00     0.27  0.00   0.000  0.000   0.005 0.000     0.01   0.01
  1475.00     0.28  0.00   0.000  0.000   0.005 0.000     0.01   0.01
  1480.00     0.28  0.00   0.000  0.000   0.005 0.000     0.01   0.01
  1485.00     0.29  0.00   0.000  0.000   0.005 0.000     0.01   0.01
  1490.00     0.30  0.00   0.000  0.000   0.005 0.000     0.01   0.01
  1495.00     0.31  0.00   0.000  0.000   0.005 0.000     0.01   0.01
  1500.00     0.32  0.00   0.000  0.000   0.006 0.000     0.02   0.01
  1505.00     0.33  0.00   0.000  0.000   0.006 0.000     0.02   0.01
  1510.00     0.35  0.00   0.000  0.000   0.006 0.000     0.02   0.01
  1515.00     0.36  0.00   0.000  0.000   0.006 0.000     0.02   0.01
  1520.00     0.37  0.00   0.000  0.000   0.006 0.000     0.02   0.01
  1525.00     0.38  0.00   0.001  0.000   0.007 0.000     0.02   0.02
  1530.00     0.39  0.00   0.001  0.000   0.007 0.000     0.02   0.02
  1535.00     0.40  0.00   0.001  0.000   0.007 0.000     0.02   0.02
  1540.00     0.41  0.00   0.001  0.000   0.007 0.000     0.02   0.02
  1545.00     0.42  0.00   0.001  0.000   0.007 0.000     0.03   0.02
  1550.00     0.44  0.00   0.001  0.000   0.008 0.000     0.03   0.02
  1555.00     0.45  0.00   0.001  0.000   0.008 0.000     0.03   0.02
  1560.00     0.46  0.00   0.001  0.000   0.008 0.000     0.03   0.02
  1565.00     0.47  0.00   0.001  0.000   0.008 0.000     0.03   0.02
  1570.00     0.49  0.00   0.001  0.000   0.008 0.000     0.03   0.03
  1575.00     0.50  0.00   0.001  0.000   0.009 0.000     0.04   0.03
  1580.00     0.51  0.00   0.001  0.000   0.009 0.000     0.04   0.03
  1585.00     0.52  0.00   0.001  0.000   0.009 0.000     0.04   0.03
  1590.00     0.54  0.00   0.001  0.000   0.009 0.000     0.04   0.03
  1595.00     0.55  0.00   0.001  0.000   0.010 0.000     0.04   0.03
  1600.00     0.57  0.00   0.002  0.000   0.010 0.000     0.04   0.04
  1605.00     0.58  0.00   0.002  0.000   0.010 0.001     0.05   0.04
  1610.00     0.59  0.00   0.002  0.000   0.010 0.001     0.05   0.04
  1615.00     0.61  0.00   0.002  0.000   0.011 0.001     0.05   0.04
  1620.00     0.62  0.00   0.002  0.000   0.011 0.001     0.05   0.04
  1625.00     0.64  0.00   0.002  0.000   0.011 0.001     0.06   0.05
  1630.00     0.65  0.00   0.002  0.000   0.011 0.001     0.06   0.05
  1635.00     0.67  0.00   0.002  0.000   0.012 0.001     0.06   0.05
  1640.00     0.68  0.00   0.003  0.000   0.012 0.001     0.06   0.05
  1645.00     0.70  0.00   0.003  0.000   0.012 0.001     0.07   0.06
  1650.00     0.71  0.00   0.003  0.000   0.012 0.001     0.07   0.06
  1655.00     0.73  0.00   0.003  0.000   0.013 0.001     0.07   0.06
  1660.00     0.75  0.00   0.003  0.000   0.013 0.001     0.08   0.06
  1665.00     0.76  0.00   0.003  0.000   0.013 0.001     0.08   0.07
  1670.00     0.78  0.00   0.004  0.000   0.014 0.001     0.08   0.07
  1675.00     0.80  0.00   0.004  0.000   0.014 0.001     0.09   0.07
  1680.00     0.81  0.00   0.004  0.000   0.014 0.001     0.09   0.07
  1685.00     0.83  0.00   0.004  0.000   0.014 0.001     0.09   0.08
  1690.00     0.85  0.00   0.004  0.000   0.015 0.001     0.10   0.08
  1695.00     0.86  0.00   0.005  0.000   0.015 0.001     0.10   0.08
  1700.00     0.88  0.00   0.005  0.000   0.015 0.001     0.11   0.09
  1705.00     0.90  0.00   0.005  0.000   0.016 0.002     0.11   0.09
  1710.00     0.92  0.00   0.005  0.000   0.016 0.002     0.11   0.10
  1715.00     0.94  0.00   0.006  0.000   0.016 0.002     0.12   0.10
  1720.00     0.96  0.00   0.006  0.000   0.017 0.002     0.12   0.10
  1725.00     0.98  0.00   0.006  0.000   0.017 0.002     0.13   0.11
  1730.00     1.00  0.00   0.007  0.000   0.017 0.002     0.13   0.11
  1735.00     1.02  0.00   0.007  0.000   0.018 0.002     0.14   0.12
  1740.00     1.04  0.00   0.007  0.000   0.018 0.002     0.14   0.12
  1745.00     1.06  0.00   0.008  0.000   0.018 0.002     0.15   0.13
  1750.00     1.08  0.00   0.008  0.000   0.019 0.002     0.15   0.13
  1755.00     1.10  0.00   0.008  0.000   0.019 0.002     0.16   0.14
  1760.00     1.12  0.00   0.009  0.000   0.019 0.003     0.17   0.14
  1765.00     1.14  0.00   0.009  0.000   0.020 0.003     0.17   0.15
  1770.00     1.16  0.00   0.010  0.000   0.020 0.003     0.18   0.15
  1775.00     1.18  0.00   0.010  0.000   0.021 0.003     0.18   0.16
  1780.00     1.20  0.00   0.011  0.000   0.021 0.003     0.19   0.16
  1785.00     1.23  0.00   0.011  0.000   0.021 0.003     0.20   0.17
  1790.00     1.25  0.00   0.012  0.000   0.022 0.003     0.21   0.18
  1795.00     1.27  0.00   0.012  0.000   0.022 0.004     0.21   0.18
  1800.00     1.30  0.00   0.013  0.000   0.022 0.004     0.22   0.19
  1805.00     1.32  0.00   0.014  0.000   0.023 0.004     0.23   0.20
  1810.00     1.34  0.00   0.014  0.000   0.023 0.004     0.24   0.20
  1815.00     1.37  0.00   0.015  0.000   0.024 0.004     0.25   0.21
  1820.00     1.39  0.00   0.016  0.000   0.024 0.005     0.25   0.22
  1825.00     1.42  0.00   0.016  0.000   0.025 0.005     0.26   0.23
  1830.00     1.44  0.00   0.017  0.000   0.025 0.005     0.27   0.24
  1835.00     1.47  0.00   0.018  0.000   0.025 0.005     0.28   0.25
  1840.00     1.50  0.00   0.019  0.000   0.026 0.005     0.29   0.25
  1845.00     1.52  0.00   0.020  0.000   0.026 0.006     0.30   0.26
  1850.00     1.55  0.00   0.021  0.000   0.027 0.006     0.31   0.27
  1855.00     1.58  0.00   0.021  0.000   0.027 0.006     0.32   0.28
  1860.00     1.60  0.00   0.022  0.000   0.028 0.006     0.33   0.29
  1865.00     1.63  0.00   0.023  0.000   0.028 0.007     0.35   0.30
  1870.00     1.66  0.00   0.025  0.000   0.029 0.007     0.36   0.31
  1875.00     1.69  0.00   0.026  0.000   0.029 0.007     0.37   0.33
  1880.00     1.72  0.00   0.027  0.000   0.030 0.008     0.38   0.34
  1885.00     1.75  0.00   0.028  0.000   0.030 0.008     0.40   0.35
  1890.00     1.78  0.00   0.029  0.000   0.031 0.008     0.41   0.36
  1895.00     1.81  0.00   0.031  0.000   0.031 0.009     0.43   0.37
  1900.00     1.84  0.00   0.032  0.000   0.032 0.009     0.44   0.39
  1905.00     1.87  0.00   0.033  0.000   0.032 0.009     0.46   0.40
  1910.00     1.90  0.00   0.035  0.000   0.033 0.010     0.47   0.42
  1915.00     1.93  0.00   0.036  0.000   0.033 0.010     0.49   0.43
  1920.00     1.96  0.00   0.038  0.000   0.034 0.011     0.50   0.45
  1925.00     2.00  0.00   0.040  0.000   0.034 0.011     0.52   0.46
  1930.00     2.03  0.00   0.041  0.000   0.035 0.012     0.54   0.48
  1935.00     2.06  0.00   0.043  0.000   0.035 0.012     0.56   0.49
  1940.00     2.10  0.00   0.045  0.000   0.036 0.013     0.58   0.51
  1945.00     2.13  0.00   0.047  0.000   0.036 0.013     0.60   0.53
  1950.00     2.16  0.00   0.049  0.000   0.037 0.014     0.62   0.55
  1955.00     2.20  0.00   0.051  0.000   0.037 0.014     0.64   0.57
  1960.00     2.23  0.00   0.054  0.000   0.038 0.015     0.66   0.59
  1965.00     2.27  0.00   0.056  0.000   0.038 0.016     0.68   0.61
  1970.00     2.30  0.00   0.058  0.000   0.039 0.016     0.71   0.63
  1975.00     2.34  0.00   0.061  0.000   0.039 0.017     0.73   0.65
  1980.00     2.37  0.00   0.064  0.000   0.040 0.018     0.75   0.67
  1985.00     2.41  0.00   0.066  0.000   0.041 0.019     0.78   0.70
  1990.00     2.44  0.00   0.069  0.000   0.041 0.019     0.81   0.72
  1995.00     2.48  0.00   0.072  0.000   0.042 0.020     0.83   0.75
  2000.00     2.51  0.00   0.075  0.000   0.042 0.021     0.86   0.77
  2005.00     2.54  0.00   0.078  0.000   0.043 0.022     0.89   0.80
  2010.00     2.58  0.00   0.082  0.000   0.043 0.023     0.92   0.83
  2015.00     2.61  0.00   0.085  0.000   0.044 0.024     0.95   0.85
  2020.00     2.65  0.00   0.089  0.000   0.044 0.025     0.98   0.88
  2025.00     2.68  0.00   0.093  0.000   0.044 0.026     1.02   0.91
  2030.00     2.71  0.00   0.096  0.000   0.045 0.027     1.05   0.94
  2035.00     2.74  0.00   0.100  0.000   0.045 0.028     1.08   0.97
  2040.00     2.78  0.00   0.105  0.000   0.046 0.029     1.12   1.01
  2045.00     2.80  0.00   0.109  0.000   0.046 0.030     1.16   1.04
  2050.00     2.83  0.00   0.113  0.000   0.046 0.031     1.19   1.07
  2055.00     2.86  0.00   0.118  0.000   0.047 0.033     1.23   1.11
  2060.00     2.89  0.00   0.123  0.000   0.047 0.034     1.27   1.15
  2065.00     2.91  0.00   0.127  0.000   0.047 0.035     1.31   1.18
  2070.00     2.93  0.00   0.133  0.000   0.048 0.037     1.35   1.22
  2075.00     2.95  0.00   0.138  0.000   0.048 0.038     1.39   1.26
  2080.00     2.97  0.00   0.143  0.000   0.048 0.040     1.44   1.30
  2085.00     2.99  0.00   0.148  0.000   0.048 0.041     1.48   1.34
  2090.00     3.00  0.00   0.154  0.000   0.048 0.043     1.52   1.38
  2095.00     3.01  0.00   0.160  0.000   0.048 0.044     1.57   1.42
  2100.00     3.02  0.00   0.166  0.000   0.048 0.046     1.61   1.46
  2105.00     3.02  0.00   0.172  0.000   0.048 0.047     1.66   1.50
  2110.00     3.02  0.00   0.178  0.000   0.048 0.049     1.71   1.54
  2115.00     3.02  0.00   0.184  0.000   0.047 0.051     1.75   1.59
  2120.00     3.01  0.00   0.190  0.000   0.047 0.053     1.80   1.63
  2125.00     2.99  0.00   0.197  0.000   0.047 0.054     1.85   1.67
  2130.00     2.97  0.00   0.203  0.000   0.046 0.056     1.89   1.71
  2135.00     2.95  0.00   0.210  0.000   0.046 0.058     1.94   1.76
  2140.00     2.92  0.00   0.216  0.000   0.045 0.060     1.98   1.80
  2145.00     2.88  0.00   0.223  0.000   0.044 0.061     2.03   1.84
  2150.00     2.84  0.00   0.229  0.000   0.044 0.063     2.07   1.88
  2155.00     2.80  0.00   0.236  0.000   0.043 0.065     2.12   1.92
  2160.00     2.74  0.00   0.242  0.000   0.042 0.067     2.16   1.96
  2165.00     2.68  0.00   0.249  0.000   0.041 0.068     2.20   2.00
  2170.00     2.61  0.00   0.255  0.000   0.039 0.070     2.24   2.03
  2175.00     2.54  0.00   0.261  0.000   0.038 0.072     2.28   2.07
  2180.00     2.46  0.00   0.267  0.000   0.037 0.074     2.31   2.10
  2185.00     2.37  0.00   0.273  0.000   0.035 0.075     2.35   2.13
  2190.00     2.28  0.00   0.279  0.000   0.034 0.077     2.38   2.16
  2195.00     2.18  0.00   0.284  0.000   0.032 0.078     2.41   2.19
  2200.00     2.07  0.00   0.289  0.000   0.030 0.080     2.44   2.22
  2205.00     1.95  0.00   0.294  0.000   0.029 0.081     2.46   2.24
  2210.00     1.83  0.00   0.299  0.000   0.027 0.082     2.49   2.26
  2215.00     1.71  0.00   0.303  0.000   0.025 0.083     2.50   2.28
  2220.00     1.58  0.00   0.307  0.000   0.023 0.084     2.52   2.29
  2225.00     1.44  0.00   0.311  0.000   0.021 0.085     2.53   2.30
  2230.00     1.30  0.00   0.314  0.000   0.019 0.086     2.55   2.31
  2235.00     1.16  0.00   0.317  0.000   0.017 0.087     2.55   2.32
  2240.00     1.01  0.00   0.320  0.000   0.015 0.088     2.56   2.33
  2245.00     0.86  0.00   0.322  0.000   0.012 0.089     2.56   2.33
  2250.00     0.71  0.00   0.324  0.000   0.010 0.089     2.56   2.33
  2255.00     0.56  0.00   0.326  0.000   0.008 0.090     2.55   2.32
  2260.00     0.41  0.00   0.327  0.000   0.006 0.090     2.55   2.32
  2265.00     0.25  0.00   0.328  0.000   0.004 0.090     2.54   2.31
  2270.00     0.10  0.00   0.328  0.000   0.001 0.090     2.52   2.30
  2275.00    -0.05  0.00   0.328  0.000  -0.001 0.090     2.51   2.28
  2280.00    -0.20  0.00   0.328  0.000  -0.003 0.090     2.49   2.27
  2285.00    -0.35  0.00   0.327  0.000  -0.005 0.090     2.47   2.25
  2290.00    -0.49  0.00   0.327  0.000  -0.007 0.090     2.45   2.23
  2295.00    -0.63  0.00   0.325  0.000  -0.009 0.089     2.42   2.21
  2300.00    -0.77  0.00   0.324  0.000  -0.011 0.089     2.40   2.18
  2305.00    -0.91  0.00   0.322  0.000  -0.013 0.089     2.37   2.16
  2310.00    -1.04  0.00   0.320  0.000  -0.015 0.088     2.34   2.13
  2315.00    -1.16  0.00   0.318  0.000  -0.017 0.087     2.31   2.10
  2320.00    -1.29  0.00   0.316  0.000  -0.019 0.087     2.28   2.08
  2325.00    -1.40  0.00   0.313  0.000  -0.020 0.086     2.25   2.05
  2330.00    -1.52  0.00   0.310  0.000  -0.022 0.085     2.22   2.02
  2335.00    -1.63  0.00   0.307  0.000  -0.024 0.085     2.18   1.98
  2340.00    -1.73  0.00   0.304  0.000  -0.025 0.084     2.15   1.95
  2345.00    -1.83  0.00   0.301  0.000  -0.027 0.083     2.11   1.92
  2350.00    -1.93  0.00   0.298  0.000  -0.028 0.082     2.08   1.89
  2355.00    -2.02  0.00   0.294  0.000  -0.030 0.081     2.04   1.86
  2360.00    -2.10  0.00   0.291  0.000  -0.031 0.080     2.01   1.82
  2365.00    -2.19  0.00   0.287  0.000  -0.032 0.079     1.97   1.79
  2370.00    -2.26  0.00   0.284  0.000  -0.033 0.078     1.94   1.76
  2375.00    -2.34  0.00   0.280  0.000  -0.035 0.077     1.90   1.73
  2380.00    -2.41  0.00   0.277  0.000  -0.036 0.076     1.87   1.69
  2385.00    -2.47  0.00   0.273  0.000  -0.037 0.075     1.83   1.66
  2390.00    -2.54  0.00   0.269  0.000  -0.038 0.074     1.80   1.63
  2395.00    -2.59  0.00   0.265  0.000  -0.039 0.073     1.76   1.60
  2400.00    -2.65  0.00   0.262  0.000  -0.040 0.072     1.73   1.57
