  1080.00     0.00  0.00   0.000  0.000   0.000 0.000     0.00   0.00
  1085.00     0.00  0.00   0.000  0.000   0.000 0.000     0.00   0.00
  1090.00     0.00  0.00   0.000  0.000   0.000 0.000     0.00   0.00
  1095.00     0.00  0.00   0.000  0.000   0.000 0.000     0.00   0.00
  1100.00     0.00  0.00   0.000  0.000   0.000 0.000     0.00   0.00
  1105.00     0.00  0.00   0.000  0.000   0.000 0.000     0.00   0.00
  1110.00     0.00  0.00   0.000  0.000   0.000 0.000     0.00   0.00
  1115.00     0.00  0.00   0.000  0.000   0.000 0.000     0.00   0.00
  1120.00     0.00  0.00   0.000  0.000   0.000 0.000     0.00   0.00
  1125.00     0.00  0.00   0.000  0.000   0.000 0.000     0.00   0.00
  1130.00     0.00  0.00   0.000  0.000   0.000 0.000     0.00   0.00
  1135.00     0.00  0.00   0.000  0.000   0.000 0.000     0.00   0.00
  1140.00     0.00  0.00   0.000  0.000   0.000 0.000     0.00   0.00
  1145.00     0.00  0.00   0.000  0.000   0.000 0.000     0.00   0.00
  1150.00     0.00  0.00   0.000  0.000   0.000 0.000     0.00   0.00
  1155.00     0.00  0.00   0.000  0.000   0.000 0.000     0.00   0.00
  1160.00     0.00  0.00   0.000  0.000   0.000 0.000     0.00   0.00
  1165.00     0.00  0.00   0.000  0.000   0.000 0.000     0.00   0.00
  1170.00     0.00  0.00   0.000  0.000   0.000 0.000     0.00   0.00
  1175.00     0.00  0.00   0.000  0.000   0.000 0.000     0.00   0.00
  1180.00     0.00  0.00   0.000  0.000   0.000 0.000     0.00   0.00
  1185.00     0.00  0.00   0.000  0.000   0.000 0.000     0.00   0.00
  1190.00     0.00  0.00   0.000  0.000   0.000 0.000     0.00   0.00
  1195.00     0.00  0.00   0.000  0.000   0.000 0.000     0.00   0.00
  1200.00     0.00  0.00   0.000  0.000   0.000 0.000     0.00   0.00
  1205.00     0.00  0.00   0.000  0.000   0.000 0.000     0.00   0.00
  1210.00     0.00  0.00   0.000  0.000   0.000 0.000     0.00   0.00
  1215.00     0.00  0.00   0.000  0.000   0.000 0.000     0.00   0.00
  1220.00     0.00  0.00   0.000  0.000   0.000 0.000     0.00   0.00
  1225.00     0.01  0.00   0.000  0.000   0.000 0.000     0.00   0.00
  1230.00     0.01  0.00   0.000  0.000   0.000 0.000     0.00   0.00
  1235.00     0.01  0.00   0.000  0.000   0.000 0.000     0.00   0.00
  1240.00     0.01  0.00   0.000  0.000   0.000 0.000     0.00   0.00
  1245.00     0.01  0.00   0.000  0.000   0.000 0.000     0.00   0.00
  1250.00     0.01  0.00   0.000  0.000   0.000 0.000     0.00   0.00
  1255.00     0.01  0.00   0.000  0.000   0.000 0.000     0.00   0.00
  1260.00     0.01  0.00   0.000  0.000   0.000 0.000     0.00   0.00
  1265.00     0.01  0.00   0.000  0.000   0.000 0.000     0.00   0.00
  1270.00     0.01  0.00   0.000  0.000   0.000 0.000     0.00   0.00
  1275.00     0.01  0.00   0.000  0.000   0.000 0.000     0.00   0.00
  1280.00     0.01  0.00   0.000  0.000   0.000 0.000     0.00   0.00
  1285.00     0.01  0.00   0.000  0.000   0.000 0.000     0.00   0.00
  1290.00     0.02  0.00   0.000  0.000   0.000 0.000     0.00   0.00
  1295.00     0.02  0.00   0.000  0.000   0.000 0.000     0.00   0.00
  1300.00     0.02  0.00   0.000  0.000   0.000 0.000     0.00   0.00
  1305.00     0.02  0.00   0.000  0.000   0.000 0.000     0.00   0.00
  1310.00     0.02  0.00   0.000  0.000   0.000 0.000     0.00   0.00
  1315.00     0.02  0.00   0.000  0.000   0.000 0.000     0.00   0.00
  1320.00     0.02  0.00   0.000  0.000   0.000 0.000     0.00   0.00
  1325.00     0.02  0.00   0.000  0.000   0.000 0.000     0.00   0.00
  1330.00     0.02  0.00   0.000  0.000   0.000 0.000     0.00   0.00
  1335.00     0.03  0.00   0.000  0.000   0.000 0.000     0.00   0.00
  1340.00     0.03  0.00   0.000  0.000   0.000 0.000     0.00   0.00
  1345.00     0.03  0.00   0.000  0.000   0.000 0.000     0.00   0.00
  1350.00     0.03  0.00   0.000  0.000   0.001 0.000     0.00   0.00
  1355.00     0.03  0.00   0.000  0.000   0.001 0.000     0.00   0.00
  1360.00     0.03  0.00   0.000  0.000   0.001 0.000     0.00   0.00
  1365.00     0.03  0.00   0.000  0.000   0.001 0.000     0.00   0.00
  1370.00     0.03  0.00   0.000  0.000   0.001 0.000     0.00   0.00
  1375.00     0.04  0.00   0.000  0.000   0.001 0.000     0.00   0.00
  1380.00     0.04  0.00   0.000  0.000   0.001 0.000     0.00   0.00
  1385.00     0.04  0.00   0.000  0.000   0.001 0.000     0.00   0.00
  1390.00     0.04  0.00   0.000  0.000   0.001 0.000     0.00   0.00
  1395.00     0.04  0.00   0.000  0.000   0.001 0.000     0.00   0.00
  1400.00     0.04  0.00   0.000  0.000   0.001 0.000     0.00   0.00
  1405.00     0.04  0.00   0.000  0.000   0.001 0.000     0.00   0.00
  1410.00     0.04  0.00   0.000  0.000   0.001 0.000     0.00   0.00
  1415.00     0.05  0.00   0.000  0.000   0.001 0.000     0.00   0.00
  1420.00     0.05  0.00   0.000  0.000   0.001 0.000     0.00   0.00
  1425.00     0.05  0.00   0.000  0.000   0.001 0.000     0.00   0.00
  1430.00     0.05  0.00   0.000  0.000   0.001 0.000     0.00   0.00
  1435.00     0.05  0.00   0.000  0.000   0.001 0.000     0.01   0.01
  1440.00     0.05  0.00   0.000  0.000   0.001 0.000     0.01   0.01
  1445.00     0.05  0.00   0.000  0.000   0.001 0.000     0.01   0.01
  1450.00     0.05  0.00   0.000  0.000   0.001 0.000     0.01   0.01
  1455.00     0.06  0.00   0.000  0.000   0.001 0.000     0.01   0.01
  1460.00     0.06  0.00   0.000  0.000   0.001 0.000     0.01   0.01
  1465.00     0.06  0.00   0.000  0.000   0.001 0.000     0.01   0.01
  1470.00     0.06  0.00   0.000  0.000   0.001 0.000     0.01   0.01
  1475.00     0.06  0.00   0.000  0.000   0.001 0.000     0.01   0.01
  1480.00     0.06  0.00   0.000  0.000   0.001 0.000     0.01   0.01
  1485.00     0.06  0.00   0.000  0.000   0.001 0.000     0.01   0.01
  1490.00     0.06  0.00   0.001  0.000   0.001 0.000     0.01   0.01
  1495.00     0.06  0.00   0.001  0.000   0.001 0.000     0.02   0.02
  1500.00     0.06  0.00   0.001  0.000   0.001 0.000     0.02   0.02
  1505.00     0.06  0.00   0.001  0.000   0.001 0.000     0.02   0.02
  1510.00     0.07  0.00   0.001  0.000   0.001 0.000     0.02   0.02
  1515.00     0.07  0.00   0.001  0.000   0.001 0.000     0.02   0.02
  1520.00     0.07  0.00   0.001  0.000   0.001 0.000     0.02   0.02
  1525.00     0.07  0.00   0.001  0.000   0.001 0.000     0.02   0.02
  1530.00     0.07  0.00   0.001  0.000   0.001 0.000     0.03   0.03
  1535.00     0.07  0.00   0.001  0.000   0.001 0.000     0.03   0.03
  1540.00     0.07  0.00   0.001  0.000   0.001 0.000     0.03   0.03
  1545.00     0.07  0.00   0.002  0.000   0.001 0.000     0.03   0.03
  1550.00     0.07  0.00   0.002  0.000   0.001 0.000     0.04   0.03
  1555.00     0.07  0.00   0.002  0.000   0.001 0.000     0.04   0.04
  1560.00     0.07  0.00   0.002  0.000   0.001 0.000     0.04   0.04
  1565.00     0.07  0.00   0.002  0.000   0.001 0.001     0.04   0.04
  1570.00     0.07  0.00   0.002  0.000   0.001 0.001     0.05   0.05
  1575.00     0.07  0.00   0.002  0.000   0.001 0.001     0.05   0.05
  1580.00     0.07  0.00   0.003  0.000   0.001 0.001     0.05   0.05
  1585.00     0.07  0.00   0.003  0.000   0.001 0.001     0.05   0.05
  1590.00     0.07  0.00   0.003  0.000   0.001 0.001     0.06   0.06
  1595.00     0.07  0.00   0.003  0.000   0.001 0.001     0.06   0.06
  1600.00     0.07  0.00   0.003  0.000   0.001 0.001     0.06   0.06
  1605.00     0.07  0.00   0.004  0.000   0.001 0.001     0.07   0.07
  1610.00     0.07  0.00   0.004  0.000   0.001 0.001     0.07   0.07
  1615.00     0.07  0.00   0.004  0.000   0.001 0.001     0.08   0.08
  1620.00     0.07  0.00   0.005  0.000   0.001 0.001     0.08   0.08
  1625.00     0.07  0.00   0.005  0.000   0.001 0.001     0.08   0.08
  1630.00     0.07  0.00   0.005  0.000   0.001 0.001     0.09   0.09
  1635.00     0.07  0.00   0.005  0.000   0.001 0.001     0.09   0.09
  1640.00     0.07  0.00   0.006  0.000   0.001 0.001     0.10   0.10
  1645.00     0.07  0.00   0.006  0.000   0.001 0.002     0.10   0.10
  1650.00     0.07  0.00   0.007  0.000   0.001 0.002     0.11   0.11
  1655.00     0.07  0.00   0.007  0.000   0.001 0.002     0.11   0.11
  1660.00     0.06  0.00   0.007  0.000   0.001 0.002     0.12   0.12
  1665.00     0.06  0.00   0.008  0.000   0.001 0.002     0.12   0.12
  1670.00     0.06  0.00   0.008  0.000   0.001 0.002     0.13   0.13
  1675.00     0.06  0.00   0.009  0.000   0.001 0.002     0.14   0.14
  1680.00     0.06  0.00   0.009  0.000   0.001 0.002     0.14   0.14
  1685.00     0.06  0.00   0.010  0.000   0.001 0.002     0.15   0.15
  1690.00     0.06  0.00   0.010  0.000   0.001 0.003     0.16   0.15
  1695.00     0.05  0.00   0.011  0.000   0.001 0.003     0.16   0.16
  1700.00     0.05  0.00   0.012  0.000   0.001 0.003     0.17   0.17
  1705.00     0.05  0.00   0.012  0.000   0.001 0.003     0.18   0.18
  1710.00     0.05  0.00   0.013  0.000   0.001 0.003     0.18   0.18
  1715.00     0.04  0.00   0.014  0.000   0.001 0.003     0.19   0.19
  1720.00     0.04  0.00   0.014  0.000   0.001 0.004     0.20   0.20
  1725.00     0.04  0.00   0.015  0.000   0.001 0.004     0.21   0.21
  1730.00     0.04  0.00   0.016  0.000   0.001 0.004     0.22   0.21
  1735.00     0.03  0.00   0.017  0.000   0.001 0.004     0.22   0.22
  1740.00     0.03  0.00   0.017  0.000   0.001 0.004     0.23   0.23
  1745.00     0.03  0.00   0.018  0.000   0.000 0.005     0.24   0.24
  1750.00     0.02  0.00   0.019  0.000   0.000 0.005     0.25   0.25
  1755.00     0.02  0.00   0.020  0.000   0.000 0.005     0.26   0.26
  1760.00     0.01  0.00   0.021  0.000   0.000 0.005     0.27   0.27
  1765.00     0.01  0.00   0.022  0.000   0.000 0.006     0.28   0.28
  1770.00     0.00  0.00   0.023  0.000   0.000 0.006     0.29   0.29
  1775.00     0.00  0.00   0.024  0.000   0.000 0.006     0.30   0.30
  1780.00     0.00  0.00   0.025  0.000   0.000 0.006     0.31   0.31
  1785.00    -0.01  0.00   0.026  0.000   0.000 0.007     0.32   0.32
  1790.00    -0.02  0.00   0.028  0.000   0.000 0.007     0.33   0.33
  1795.00    -0.02  0.00   0.029  0.000   0.000 0.007     0.34   0.34
  1800.00    -0.03  0.00   0.030  0.000   0.000 0.008     0.35   0.35
  1805.00    -0.03  0.00   0.031  0.000  -0.001 0.008     0.37   0.36
  1810.00    -0.04  0.00   0.033  0.000  -0.001 0.008     0.38   0.38
  1815.00    -0.05  0.00   0.034  0.000  -0.001 0.009     0.39   0.39
  1820.00    -0.05  0.00   0.035  0.000  -0.001 0.009     0.40   0.40
  1825.00    -0.06  0.00   0.037  0.000  -0.001 0.009     0.42   0.41
  1830.00    -0.07  0.00   0.038  0.000  -0.001 0.010     0.43   0.43
  1835.00    -0.08  0.00   0.040  0.000  -0.001 0.010     0.44   0.44
  1840.00    -0.09  0.00   0.042  0.000  -0.001 0.011     0.46   0.45
  1845.00    -0.10  0.00   0.043  0.000  -0.002 0.011     0.47   0.46
  1850.00    -0.11  0.00   0.045  0.000  -0.002 0.011     0.48   0.48
  1855.00    -0.12  0.00   0.047  0.000  -0.002 0.012     0.50   0.49
  1860.00    -0.13  0.00   0.048  0.000  -0.002 0.012     0.51   0.51
  1865.00    -0.14  0.00   0.050  0.000  -0.002 0.013     0.53   0.52
  1870.00    -0.15  0.00   0.052  0.000  -0.003 0.013     0.54   0.54
  1875.00    -0.16  0.00   0.054  0.000  -0.003 0.014     0.56   0.55
  1880.00    -0.17  0.00   0.056  0.000  -0.003 0.014     0.57   0.57
  1885.00    -0.18  0.00   0.058  0.000  -0.003 0.015     0.59   0.58
  1890.00    -0.20  0.00   0.060  0.000  -0.003 0.015     0.61   0.60
  1895.00    -0.21  0.00   0.062  0.000  -0.004 0.016     0.62   0.61
  1900.00    -0.22  0.00   0.065  0.000  -0.004 0.016     0.64   0.63
  1905.00    -0.24  0.00   0.067  0.000  -0.004 0.017     0.66   0.64
  1910.00    -0.25  0.00   0.069  0.000  -0.004 0.018     0.67   0.66
  1915.00    -0.27  0.00   0.072  0.000  -0.005 0.018     0.69   0.68
  1920.00    -0.28  0.00   0.074  0.000  -0.005 0.019     0.71   0.69
  1925.00    -0.30  0.00   0.076  0.000  -0.005 0.020     0.73   0.71
  1930.00    -0.32  0.00   0.079  0.000  -0.005 0.020     0.74   0.73
  1935.00    -0.34  0.00   0.082  0.000  -0.006 0.021     0.76   0.74
  1940.00    -0.36  0.00   0.084  0.000  -0.006 0.022     0.78   0.76
  1945.00    -0.37  0.00   0.087  0.000  -0.006 0.022     0.80   0.78
  1950.00    -0.39  0.00   0.090  0.000  -0.007 0.023     0.82   0.80
  1955.00    -0.42  0.00   0.092  0.000  -0.007 0.024     0.84   0.82
  1960.00    -0.44  0.00   0.095  0.000  -0.007 0.024     0.86   0.83
  1965.00    -0.46  0.00   0.098  0.000  -0.008 0.025     0.88   0.85
  1970.00    -0.48  0.00   0.101  0.000  -0.008 0.026     0.90   0.87
  1975.00    -0.51  0.00   0.104  0.000  -0.008 0.027     0.92   0.89
  1980.00    -0.53  0.00   0.107  0.000  -0.009 0.028     0.94   0.91
  1985.00    -0.56  0.00   0.110  0.000  -0.009 0.029     0.96   0.93
  1990.00    -0.58  0.00   0.114  0.000  -0.010 0.029     0.98   0.95
  1995.00    -0.61  0.00   0.117  0.000  -0.010 0.030     1.00   0.97
  2000.00    -0.64  0.00   0.120  0.000  -0.010 0.031     1.02   0.99
  2005.00    -0.67  0.00   0.124  0.000  -0.011 0.032     1.04   1.01
  2010.00    -0.70  0.00   0.127  0.000  -0.011 0.033     1.07   1.03
  2015.00    -0.73  0.00   0.131  0.000  -0.012 0.034     1.09   1.05
  2020.00    -0.76  0.00   0.134  0.000  -0.012 0.035     1.11   1.07
  2025.00    -0.79  0.00   0.138  0.000  -0.013 0.036     1.13   1.09
  2030.00    -0.83  0.00   0.141  0.000  -0.013 0.037     1.15   1.11
  2035.00    -0.86  0.00   0.145  0.000  -0.014 0.038     1.18   1.13
  2040.00    -0.90  0.00   0.149  0.000  -0.014 0.039     1.20   1.15
  2045.00    -0.94  0.00   0.153  0.000  -0.015 0.040     1.22   1.17
  2050.00    -0.98  0.00   0.156  0.000  -0.016 0.041     1.25   1.19
  2055.00    -1.02  0.00   0.160  0.000  -0.016 0.042     1.27   1.21
  2060.00    -1.06  0.00   0.164  0.000  -0.017 0.043     1.29   1.23
  2065.00    -1.10  0.00   0.168  0.000  -0.017 0.044     1.32   1.25
  2070.00    -1.14  0.00   0.172  0.000  -0.018 0.046     1.34   1.27
  2075.00    -1.19  0.00   0.177  0.000  -0.019 0.047     1.36   1.29
  2080.00    -1.23  0.00   0.181  0.000  -0.019 0.048     1.39   1.31
  2085.00    -1.28  0.00   0.185  0.000  -0.020 0.049     1.41   1.33
  2090.00    -1.33  0.00   0.189  0.000  -0.021 0.050     1.44   1.35
  2095.00    -1.38  0.00   0.193  0.000  -0.022 0.051     1.46   1.37
  2100.00    -1.43  0.00   0.198  0.000  -0.022 0.053     1.49   1.39
  2105.00    -1.49  0.00   0.202  0.000  -0.023 0.054     1.51   1.41
  2110.00    -1.54  0.00   0.207  0.000  -0.024 0.055     1.54   1.43
  2115.00    -1.60  0.00   0.211  0.000  -0.025 0.057     1.56   1.46
  2120.00    -1.66  0.00   0.216  0.000  -0.026 0.058     1.59   1.48
  2125.00    -1.72  0.00   0.220  0.000  -0.026 0.059     1.61   1.50
  2130.00    -1.78  0.00   0.225  0.000  -0.027 0.061     1.64   1.52
  2135.00    -1.84  0.00   0.229  0.000  -0.028 0.062     1.66   1.54
  2140.00    -1.90  0.00   0.234  0.000  -0.029 0.063     1.69   1.56
  2145.00    -1.97  0.00   0.239  0.000  -0.030 0.065     1.71   1.58
  2150.00    -2.04  0.00   0.243  0.000  -0.031 0.066     1.74   1.60
  2155.00    -2.11  0.00   0.248  0.000  -0.032 0.068     1.76   1.62
  2160.00    -2.18  0.00   0.253  0.000  -0.033 0.069     1.79   1.64
  2165.00    -2.25  0.00   0.258  0.000  -0.034 0.071     1.81   1.66
  2170.00    -2.33  0.00   0.263  0.000  -0.035 0.072     1.84   1.68
  2175.00    -2.41  0.00   0.267  0.000  -0.036 0.074     1.86   1.70
  2180.00    -2.49  0.00   0.272  0.000  -0.037 0.075     1.89   1.71
  2185.00    -2.57  0.00   0.277  0.000  -0.038 0.077     1.92   1.73
  2190.00    -2.65  0.00   0.282  0.000  -0.039 0.078     1.94   1.75
  2195.00    -2.74  0.00   0.287  0.000  -0.040 0.080     1.97   1.77
  2200.00    -2.82  0.00   0.292  0.000  -0.041 0.081     1.99   1.79
  2205.00    -2.91  0.00   0.297  0.000  -0.043 0.083     2.02   1.81
  2210.00    -3.00  0.00   0.302  0.000  -0.044 0.085     2.04   1.83
  2215.00    -3.10  0.00   0.307  0.000  -0.045 0.086     2.07   1.84
  2220.00    -3.19  0.00   0.312  0.000  -0.046 0.088     2.10   1.86
  2225.00    -3.29  0.00   0.317  0.000  -0.047 0.089     2.12   1.88
  2230.00    -3.39  0.00   0.322  0.000  -0.049 0.091     2.15   1.90
  2235.00    -3.50  0.00   0.327  0.000  -0.050 0.093     2.17   1.91
  2240.00    -3.60  0.00   0.332  0.000  -0.051 0.094     2.20   1.93
  2245.00    -3.71  0.00   0.337  0.000  -0.053 0.096     2.22   1.95
  2250.00    -3.82  0.00   0.342  0.000  -0.054 0.098     2.25   1.96
  2255.00    -3.93  0.00   0.347  0.000  -0.055 0.100     2.27   1.98
  2260.00    -4.04  0.00   0.352  0.000  -0.057 0.101     2.30   1.99
  2265.00    -4.16  0.00   0.357  0.000  -0.058 0.103     2.32   2.01
  2270.00    -4.28  0.00   0.362  0.000  -0.059 0.105     2.35   2.02
  2275.00    -4.40  0.00   0.366  0.000  -0.061 0.107     2.37   2.04
  2280.00    -4.52  0.00   0.371  0.000  -0.062 0.109     2.40   2.05
  2285.00    -4.65  0.00   0.376  0.000  -0.064 0.110     2.42   2.07
  2290.00    -4.78  0.00   0.381  0.000  -0.065 0.112     2.45   2.08
  2295.00    -4.91  0.00   0.386  0.000  -0.067 0.114     2.47   2.09
  2300.00    -5.05  0.00   0.391  0.000  -0.068 0.116     2.50   2.11
  2305.00    -5.18  0.00   0.396  0.000  -0.070 0.118     2.52   2.12
  2310.00    -5.32  0.00   0.400  0.000  -0.071 0.120     2.55   2.13
  2315.00    -5.46  0.00   0.405  0.000  -0.073 0.121     2.57   2.14
  2320.00    -5.61  0.00   0.410  0.000  -0.075 0.123     2.59   2.16
  2325.00    -5.75  0.00   0.415  0.000  -0.076 0.125     2.62   2.17
  2330.00    -5.90  0.00   0.419  0.000  -0.078 0.127     2.64   2.18
  2335.00    -6.06  0.00   0.424  0.000  -0.080 0.129     2.66   2.19
  2340.00    -6.21  0.00   0.429  0.000  -0.081 0.131     2.69   2.20
  2345.00    -6.37  0.00   0.433  0.000  -0.083 0.133     2.71   2.21
  2350.00    -6.53  0.00   0.438  0.000  -0.085 0.135     2.73   2.22
  2355.00    -6.69  0.00   0.442  0.000  -0.086 0.137     2.76   2.23
  2360.00    -6.86  0.00   0.446  0.000  -0.088 0.139     2.78   2.24
  2365.00    -7.03  0.00   0.451  0.000  -0.090 0.141     2.80   2.25
  2370.00    -7.20  0.00   0.455  0.000  -0.092 0.143     2.83   2.26
  2375.00    -7.37  0.00   0.460  0.000  -0.094 0.145     2.85   2.26
  2380.00    -7.55  0.00   0.464  0.000  -0.095 0.146     2.87   2.27
  2385.00    -7.73  0.00   0.468  0.000  -0.097 0.148     2.89   2.28
  2390.00    -7.91  0.00   0.472  0.000  -0.099 0.150     2.91   2.29
  2395.00    -8.09  0.00   0.476  0.000  -0.101 0.152     2.94   2.29
  2400.00    -8.28  0.00   0.480  0.000  -0.103 0.154     2.96   2.30
  
