  1080.00     0.00  0.00   0.000  0.000   0.000 0.000     0.00   0.00
  1085.00     0.00  0.00   0.000  0.000   0.000 0.000     0.00   0.00
  1090.00     0.00  0.00   0.000  0.000   0.000 0.000     0.00   0.00
  1095.00     0.00  0.00   0.000  0.000   0.000 0.000     0.00   0.00
  1100.00     0.00  0.00   0.000  0.000   0.000 0.000     0.00   0.00
  1105.00     0.00  0.00   0.000  0.000   0.000 0.000     0.00   0.00
  1110.00     0.00  0.00   0.000  0.000   0.000 0.000     0.00   0.00
  1115.00     0.00  0.00   0.000  0.000   0.000 0.000     0.00   0.00
  1120.00     0.00  0.00   0.000  0.000   0.000 0.000     0.00   0.00
  1125.00     0.00  0.00   0.000  0.000   0.000 0.000     0.00   0.00
  1130.00     0.00  0.00   0.000  0.000   0.000 0.000     0.00   0.00
  1135.00     0.00  0.00   0.000  0.000   0.000 0.000     0.00   0.00
  1140.00     0.00  0.00   0.000  0.000   0.000 0.000     0.00   0.00
  1145.00     0.00  0.00   0.000  0.000   0.000 0.000     0.00   0.00
  1150.00     0.00  0.00   0.000  0.000   0.000 0.000     0.00   0.00
  1155.00     0.00  0.00   0.000  0.000   0.000 0.000     0.00   0.00
  1160.00     0.00  0.00   0.000  0.000   0.000 0.000     0.00   0.00
  1165.00     0.00  0.00   0.000  0.000   0.000 0.000     0.00   0.00
  1170.00     0.00  0.00   0.000  0.000   0.000 0.000     0.00   0.00
  1175.00     0.00  0.00   0.000  0.000   0.000 0.000     0.00   0.00
  1180.00     0.00  0.00   0.000  0.000   0.000 0.000     0.00   0.00
  1185.00     0.00  0.00   0.000  0.000   0.000 0.000     0.00   0.00
  1190.00     0.00  0.00   0.000  0.000   0.000 0.000     0.00   0.00
  1195.00     0.00  0.00   0.000  0.000   0.000 0.000     0.00   0.00
  1200.00     0.00  0.00   0.000  0.000   0.000 0.000     0.00   0.00
  1205.00     0.00  0.00   0.000  0.000   0.000 0.000     0.00   0.00
  1210.00     0.00  0.00   0.000  0.000   0.000 0.000     0.00   0.00
  1215.00     0.00  0.00   0.000  0.000   0.000 0.000     0.00   0.00
  1220.00     0.00  0.00   0.000  0.000   0.000 0.000     0.00   0.00
  1225.00     0.00  0.00   0.000  0.000   0.000 0.000     0.00   0.00
  1230.00     0.00  0.00   0.000  0.000   0.000 0.000     0.00   0.00
  1235.00     0.00  0.00   0.000  0.000   0.000 0.000     0.00   0.00
  1240.00     0.00  0.00   0.000  0.000   0.000 0.000     0.00   0.00
  1245.00     0.00  0.00   0.000  0.000   0.000 0.000     0.00   0.00
  1250.00     0.00  0.00   0.000  0.000   0.000 0.000     0.00   0.00
  1255.00     0.00  0.00   0.000  0.000   0.000 0.000     0.00   0.00
  1260.00     0.00  0.00   0.000  0.000   0.000 0.000     0.00   0.00
  1265.00     0.00  0.00   0.000  0.000   0.000 0.000     0.00   0.00
  1270.00     0.00  0.00   0.000  0.000   0.000 0.000     0.00   0.00
  1275.00     0.00  0.00   0.000  0.000   0.000 0.000     0.00   0.00
  1280.00    -0.01  0.00   0.000  0.000   0.000 0.000     0.00   0.00
  1285.00    -0.01  0.00   0.000  0.000   0.000 0.000     0.00   0.00
  1290.00    -0.01  0.00   0.000  0.000   0.000 0.000     0.00   0.00
  1295.00    -0.01  0.00   0.000  0.000   0.000 0.000     0.00   0.00
  1300.00    -0.01  0.00   0.000  0.000   0.000 0.000     0.00   0.00
  1305.00    -0.01  0.00   0.000  0.000   0.000 0.000     0.00   0.00
  1310.00    -0.01  0.00   0.000  0.000   0.000 0.000     0.00   0.00
  1315.00    -0.01  0.00   0.000  0.000   0.000 0.000     0.00   0.00
  1320.00    -0.01  0.00   0.000  0.000   0.000 0.000     0.00   0.00
  1325.00    -0.01  0.00   0.000  0.000   0.000 0.000     0.00   0.00
  1330.00    -0.01  0.00   0.000  0.000   0.000 0.000     0.00   0.00
  1335.00    -0.01  0.00   0.000  0.000   0.000 0.000     0.00   0.00
  1340.00    -0.01  0.00   0.000  0.000   0.000 0.000     0.00   0.00
  1345.00    -0.01  0.00   0.000  0.000   0.000 0.000     0.00   0.00
  1350.00    -0.01  0.00   0.000  0.000   0.000 0.000     0.00   0.00
  1355.00    -0.01  0.00   0.000  0.000   0.000 0.000     0.00   0.00
  1360.00    -0.01  0.00   0.000  0.000   0.000 0.000     0.00   0.00
  1365.00    -0.01  0.00   0.000  0.000   0.000 0.000     0.00   0.00
  1370.00    -0.01  0.00   0.000  0.000   0.000 0.000     0.00   0.00
  1375.00    -0.01  0.00   0.000  0.000   0.000 0.000     0.00   0.00
  1380.00    -0.01  0.00   0.000  0.000   0.000 0.000     0.00   0.00
  1385.00    -0.01  0.00   0.000  0.000   0.000 0.000     0.00   0.00
  1390.00    -0.01  0.00   0.000  0.000   0.000 0.000     0.00   0.00
  1395.00    -0.01  0.00   0.000  0.000   0.000 0.000     0.00   0.00
  1400.00    -0.01  0.00   0.000  0.000   0.000 0.000     0.00   0.00
  1405.00     0.00  0.00   0.000  0.000   0.000 0.000     0.00   0.00
  1410.00     0.00  0.00   0.000  0.000   0.000 0.000     0.00   0.00
  1415.00     0.00  0.00   0.000  0.000   0.000 0.000     0.00   0.00
  1420.00     0.00  0.00   0.000  0.000   0.000 0.000     0.00   0.00
  1425.00     0.00  0.00   0.000  0.000   0.000 0.000     0.00   0.00
  1430.00     0.00  0.00   0.000  0.000   0.000 0.000     0.00   0.00
  1435.00     0.00  0.00   0.000  0.000   0.000 0.000     0.00   0.00
  1440.00     0.00  0.00   0.000  0.000   0.000 0.000     0.00   0.00
  1445.00     0.00  0.00   0.000  0.000   0.000 0.000     0.00   0.00
  1450.00     0.00  0.00   0.000  0.000   0.000 0.000     0.00   0.00
  1455.00     0.01  0.00   0.000  0.000   0.000 0.000     0.01   0.01
  1460.00     0.01  0.00   0.000  0.000   0.000 0.000     0.01   0.01
  1465.00     0.01  0.00   0.000  0.000   0.000 0.000     0.01   0.01
  1470.00     0.01  0.00   0.000  0.000   0.000 0.000     0.01   0.01
  1475.00     0.01  0.00   0.000  0.000   0.000 0.000     0.01   0.01
  1480.00     0.01  0.00   0.000  0.000   0.000 0.000     0.01   0.01
  1485.00     0.02  0.00   0.000  0.000   0.000 0.000     0.01   0.01
  1490.00     0.02  0.00   0.000  0.000   0.000 0.000     0.01   0.01
  1495.00     0.02  0.00   0.000  0.000   0.000 0.000     0.01   0.01
  1500.00     0.02  0.00   0.000  0.000   0.000 0.000     0.01   0.01
  1505.00     0.03  0.00   0.000  0.000   0.000 0.000     0.01   0.01
  1510.00     0.03  0.00   0.000  0.000   0.001 0.000     0.01   0.01
  1515.00     0.03  0.00   0.001  0.000   0.001 0.000     0.02   0.02
  1520.00     0.04  0.00   0.001  0.000   0.001 0.000     0.02   0.02
  1525.00     0.04  0.00   0.001  0.000   0.001 0.000     0.02   0.02
  1530.00     0.04  0.00   0.001  0.000   0.001 0.000     0.02   0.02
  1535.00     0.05  0.00   0.001  0.000   0.001 0.000     0.02   0.02
  1540.00     0.05  0.00   0.001  0.000   0.001 0.000     0.02   0.02
  1545.00     0.06  0.00   0.001  0.000   0.001 0.000     0.02   0.02
  1550.00     0.06  0.00   0.001  0.000   0.001 0.000     0.03   0.03
  1555.00     0.06  0.00   0.001  0.000   0.001 0.000     0.03   0.03
  1560.00     0.07  0.00   0.001  0.000   0.001 0.000     0.03   0.03
  1565.00     0.07  0.00   0.001  0.000   0.001 0.000     0.03   0.03
  1570.00     0.08  0.00   0.001  0.000   0.001 0.000     0.03   0.03
  1575.00     0.09  0.00   0.001  0.000   0.001 0.000     0.04   0.04
  1580.00     0.09  0.00   0.002  0.000   0.002 0.000     0.04   0.04
  1585.00     0.10  0.00   0.002  0.000   0.002 0.000     0.04   0.04
  1590.00     0.10  0.00   0.002  0.000   0.002 0.000     0.04   0.04
  1595.00     0.11  0.00   0.002  0.000   0.002 0.001     0.05   0.05
  1600.00     0.12  0.00   0.002  0.000   0.002 0.001     0.05   0.05
  1605.00     0.12  0.00   0.002  0.000   0.002 0.001     0.05   0.05
  1610.00     0.13  0.00   0.003  0.000   0.002 0.001     0.06   0.06
  1615.00     0.14  0.00   0.003  0.000   0.002 0.001     0.06   0.06
  1620.00     0.15  0.00   0.003  0.000   0.003 0.001     0.06   0.06
  1625.00     0.15  0.00   0.003  0.000   0.003 0.001     0.07   0.07
  1630.00     0.16  0.00   0.003  0.000   0.003 0.001     0.07   0.07
  1635.00     0.17  0.00   0.004  0.000   0.003 0.001     0.08   0.08
  1640.00     0.18  0.00   0.004  0.000   0.003 0.001     0.08   0.08
  1645.00     0.19  0.00   0.004  0.000   0.003 0.001     0.09   0.09
  1650.00     0.20  0.00   0.004  0.000   0.003 0.001     0.09   0.09
  1655.00     0.21  0.00   0.005  0.000   0.004 0.001     0.10   0.10
  1660.00     0.22  0.00   0.005  0.000   0.004 0.001     0.10   0.10
  1665.00     0.23  0.00   0.005  0.000   0.004 0.001     0.11   0.11
  1670.00     0.24  0.00   0.006  0.000   0.004 0.001     0.12   0.11
  1675.00     0.25  0.00   0.006  0.000   0.004 0.002     0.12   0.12
  1680.00     0.26  0.00   0.007  0.000   0.005 0.002     0.13   0.13
  1685.00     0.28  0.00   0.007  0.000   0.005 0.002     0.14   0.13
  1690.00     0.29  0.00   0.008  0.000   0.005 0.002     0.14   0.14
  1695.00     0.30  0.00   0.008  0.000   0.005 0.002     0.15   0.15
  1700.00     0.31  0.00   0.009  0.000   0.005 0.002     0.16   0.16
  1705.00     0.33  0.00   0.009  0.000   0.006 0.002     0.17   0.17
  1710.00     0.34  0.00   0.010  0.000   0.006 0.002     0.18   0.17
  1715.00     0.35  0.00   0.010  0.000   0.006 0.003     0.19   0.18
  1720.00     0.37  0.00   0.011  0.000   0.006 0.003     0.19   0.19
  1725.00     0.38  0.00   0.012  0.000   0.007 0.003     0.20   0.20
  1730.00     0.40  0.00   0.012  0.000   0.007 0.003     0.21   0.21
  1735.00     0.41  0.00   0.013  0.000   0.007 0.003     0.23   0.22
  1740.00     0.43  0.00   0.014  0.000   0.007 0.004     0.24   0.23
  1745.00     0.44  0.00   0.015  0.000   0.008 0.004     0.25   0.24
  1750.00     0.46  0.00   0.016  0.000   0.008 0.004     0.26   0.25
  1755.00     0.48  0.00   0.016  0.000   0.008 0.004     0.27   0.27
  1760.00     0.49  0.00   0.017  0.000   0.009 0.004     0.28   0.28
  1765.00     0.51  0.00   0.018  0.000   0.009 0.005     0.30   0.29
  1770.00     0.53  0.00   0.019  0.000   0.009 0.005     0.31   0.30
  1775.00     0.55  0.00   0.020  0.000   0.009 0.005     0.32   0.32
  1780.00     0.56  0.00   0.022  0.000   0.010 0.006     0.34   0.33
  1785.00     0.58  0.00   0.023  0.000   0.010 0.006     0.35   0.34
  1790.00     0.60  0.00   0.024  0.000   0.010 0.006     0.37   0.36
  1795.00     0.62  0.00   0.025  0.000   0.011 0.006     0.38   0.37
  1800.00     0.64  0.00   0.026  0.000   0.011 0.007     0.40   0.39
  1805.00     0.66  0.00   0.028  0.000   0.011 0.007     0.41   0.40
  1810.00     0.68  0.00   0.029  0.000   0.012 0.008     0.43   0.42
  1815.00     0.70  0.00   0.031  0.000   0.012 0.008     0.45   0.44
  1820.00     0.72  0.00   0.032  0.000   0.012 0.008     0.47   0.45
  1825.00     0.74  0.00   0.034  0.000   0.013 0.009     0.48   0.47
  1830.00     0.76  0.00   0.035  0.000   0.013 0.009     0.50   0.49
  1835.00     0.78  0.00   0.037  0.000   0.013 0.010     0.52   0.51
  1840.00     0.80  0.00   0.039  0.000   0.014 0.010     0.54   0.53
  1845.00     0.82  0.00   0.041  0.000   0.014 0.010     0.56   0.55
  1850.00     0.84  0.00   0.043  0.000   0.014 0.011     0.58   0.57
  1855.00     0.86  0.00   0.044  0.000   0.015 0.011     0.60   0.59
  1860.00     0.88  0.00   0.046  0.000   0.015 0.012     0.63   0.61
  1865.00     0.90  0.00   0.048  0.000   0.015 0.013     0.65   0.63
  1870.00     0.92  0.00   0.051  0.000   0.016 0.013     0.67   0.65
  1875.00     0.94  0.00   0.053  0.000   0.016 0.014     0.69   0.67
  1880.00     0.97  0.00   0.055  0.000   0.016 0.014     0.72   0.69
  1885.00     0.99  0.00   0.057  0.000   0.017 0.015     0.74   0.71
  1890.00     1.01  0.00   0.060  0.000   0.017 0.015     0.76   0.74
  1895.00     1.03  0.00   0.062  0.000   0.017 0.016     0.79   0.76
  1900.00     1.05  0.00   0.065  0.000   0.018 0.017     0.81   0.78
  1905.00     1.07  0.00   0.067  0.000   0.018 0.017     0.84   0.81
  1910.00     1.09  0.00   0.070  0.000   0.018 0.018     0.86   0.83
  1915.00     1.11  0.00   0.072  0.000   0.019 0.019     0.89   0.86
  1920.00     1.13  0.00   0.075  0.000   0.019 0.020     0.91   0.88
  1925.00     1.15  0.00   0.078  0.000   0.019 0.020     0.94   0.91
  1930.00     1.16  0.00   0.081  0.000   0.019 0.021     0.97   0.93
  1935.00     1.18  0.00   0.084  0.000   0.020 0.022     1.00   0.96
  1940.00     1.20  0.00   0.087  0.000   0.020 0.023     1.02   0.98
  1945.00     1.22  0.00   0.090  0.000   0.020 0.023     1.05   1.01
  1950.00     1.24  0.00   0.093  0.000   0.021 0.024     1.08   1.03
  1955.00     1.25  0.00   0.096  0.000   0.021 0.025     1.11   1.06
  1960.00     1.27  0.00   0.099  0.000   0.021 0.026     1.14   1.09
  1965.00     1.28  0.00   0.103  0.000   0.021 0.027     1.16   1.11
  1970.00     1.30  0.00   0.106  0.000   0.021 0.028     1.19   1.14
  1975.00     1.31  0.00   0.109  0.000   0.022 0.029     1.22   1.17
  1980.00     1.33  0.00   0.113  0.000   0.022 0.030     1.25   1.19
  1985.00     1.34  0.00   0.116  0.000   0.022 0.030     1.28   1.22
  1990.00     1.35  0.00   0.120  0.000   0.022 0.031     1.31   1.25
  1995.00     1.37  0.00   0.123  0.000   0.022 0.032     1.34   1.27
  2000.00     1.38  0.00   0.127  0.000   0.022 0.033     1.37   1.30
  2005.00     1.39  0.00   0.131  0.000   0.023 0.034     1.40   1.33
  2010.00     1.40  0.00   0.134  0.000   0.023 0.035     1.43   1.36
  2015.00     1.41  0.00   0.138  0.000   0.023 0.036     1.46   1.38
  2020.00     1.42  0.00   0.142  0.000   0.023 0.037     1.49   1.41
  2025.00     1.42  0.00   0.146  0.000   0.023 0.038     1.52   1.44
  2030.00     1.43  0.00   0.150  0.000   0.023 0.039     1.55   1.46
  2035.00     1.44  0.00   0.154  0.000   0.023 0.041     1.57   1.49
  2040.00     1.44  0.00   0.157  0.000   0.023 0.042     1.60   1.52
  2045.00     1.45  0.00   0.161  0.000   0.023 0.043     1.63   1.54
  2050.00     1.45  0.00   0.165  0.000   0.023 0.044     1.66   1.57
  2055.00     1.45  0.00   0.169  0.000   0.023 0.045     1.69   1.60
  2060.00     1.46  0.00   0.174  0.000   0.023 0.046     1.72   1.62
  2065.00     1.46  0.00   0.178  0.000   0.023 0.047     1.75   1.65
  2070.00     1.46  0.00   0.182  0.000   0.023 0.048     1.78   1.67
  2075.00     1.46  0.00   0.186  0.000   0.023 0.049     1.81   1.70
  2080.00     1.45  0.00   0.190  0.000   0.023 0.051     1.83   1.72
  2085.00     1.45  0.00   0.194  0.000   0.023 0.052     1.86   1.75
  2090.00     1.45  0.00   0.198  0.000   0.023 0.053     1.89   1.77
  2095.00     1.44  0.00   0.203  0.000   0.022 0.054     1.92   1.80
  2100.00     1.44  0.00   0.207  0.000   0.022 0.055     1.95   1.82
  2105.00     1.43  0.00   0.211  0.000   0.022 0.056     1.97   1.84
  2110.00     1.42  0.00   0.215  0.000   0.022 0.058     2.00   1.87
  2115.00     1.42  0.00   0.219  0.000   0.022 0.059     2.03   1.89
  2120.00     1.41  0.00   0.224  0.000   0.022 0.060     2.05   1.91
  2125.00     1.40  0.00   0.228  0.000   0.021 0.061     2.08   1.94
  2130.00     1.39  0.00   0.232  0.000   0.021 0.062     2.10   1.96
  2135.00     1.37  0.00   0.236  0.000   0.021 0.064     2.13   1.98
  2140.00     1.36  0.00   0.241  0.000   0.021 0.065     2.16   2.00
  2145.00     1.35  0.00   0.245  0.000   0.020 0.066     2.18   2.02
  2150.00     1.33  0.00   0.249  0.000   0.020 0.067     2.21   2.04
  2155.00     1.32  0.00   0.253  0.000   0.020 0.068     2.23   2.06
  2160.00     1.30  0.00   0.258  0.000   0.020 0.070     2.25   2.08
  2165.00     1.28  0.00   0.262  0.000   0.019 0.071     2.28   2.10
  2170.00     1.27  0.00   0.266  0.000   0.019 0.072     2.30   2.12
  2175.00     1.25  0.00   0.270  0.000   0.019 0.073     2.32   2.14
  2180.00     1.23  0.00   0.275  0.000   0.018 0.075     2.35   2.16
  2185.00     1.21  0.00   0.279  0.000   0.018 0.076     2.37   2.18
  2190.00     1.19  0.00   0.283  0.000   0.018 0.077     2.39   2.20
  2195.00     1.16  0.00   0.287  0.000   0.017 0.078     2.41   2.22
  2200.00     1.14  0.00   0.292  0.000   0.017 0.080     2.44   2.23
  2205.00     1.12  0.00   0.296  0.000   0.016 0.081     2.46   2.25
  2210.00     1.09  0.00   0.300  0.000   0.016 0.082     2.48   2.27
  2215.00     1.07  0.00   0.304  0.000   0.016 0.083     2.50   2.29
  2220.00     1.04  0.00   0.309  0.000   0.015 0.084     2.52   2.30
  2225.00     1.02  0.00   0.313  0.000   0.015 0.086     2.54   2.32
  2230.00     0.99  0.00   0.317  0.000   0.014 0.087     2.56   2.33
  2235.00     0.96  0.00   0.321  0.000   0.014 0.088     2.58   2.35
  2240.00     0.93  0.00   0.325  0.000   0.013 0.089     2.60   2.36
  2245.00     0.90  0.00   0.329  0.000   0.013 0.091     2.62   2.38
  2250.00     0.87  0.00   0.334  0.000   0.012 0.092     2.64   2.39
  2255.00     0.84  0.00   0.338  0.000   0.012 0.093     2.66   2.41
  2260.00     0.81  0.00   0.342  0.000   0.011 0.095     2.68   2.42
  2265.00     0.78  0.00   0.346  0.000   0.011 0.096     2.70   2.44
  2270.00     0.74  0.00   0.350  0.000   0.010 0.097     2.72   2.45
  2275.00     0.71  0.00   0.354  0.000   0.010 0.098     2.73   2.46
  2280.00     0.67  0.00   0.358  0.000   0.009 0.100     2.75   2.47
  2285.00     0.64  0.00   0.362  0.000   0.009 0.101     2.77   2.49
  2290.00     0.60  0.00   0.366  0.000   0.008 0.102     2.79   2.50
  2295.00     0.57  0.00   0.370  0.000   0.008 0.103     2.80   2.51
  2300.00     0.53  0.00   0.375  0.000   0.007 0.105     2.82   2.52
  2305.00     0.49  0.00   0.379  0.000   0.007 0.106     2.84   2.54
  2310.00     0.45  0.00   0.383  0.000   0.006 0.107     2.85   2.55
  2315.00     0.41  0.00   0.387  0.000   0.006 0.108     2.87   2.56
  2320.00     0.37  0.00   0.391  0.000   0.005 0.110     2.89   2.57
  2325.00     0.33  0.00   0.395  0.000   0.005 0.111     2.90   2.58
  2330.00     0.29  0.00   0.399  0.000   0.004 0.112     2.92   2.59
  2335.00     0.25  0.00   0.403  0.000   0.003 0.114     2.93   2.60
  2340.00     0.21  0.00   0.407  0.000   0.003 0.115     2.95   2.61
  2345.00     0.17  0.00   0.411  0.000   0.002 0.116     2.97   2.62
  2350.00     0.12  0.00   0.415  0.000   0.002 0.117     2.98   2.63
  2355.00     0.08  0.00   0.419  0.000   0.001 0.119     3.00   2.64
  2360.00     0.03  0.00   0.423  0.000   0.000 0.120     3.01   2.65
  2365.00    -0.01  0.00   0.427  0.000   0.000 0.121     3.03   2.66
  2370.00    -0.06  0.00   0.431  0.000  -0.001 0.123     3.04   2.67
  2375.00    -0.10  0.00   0.435  0.000  -0.001 0.124     3.06   2.68
  2380.00    -0.15  0.00   0.439  0.000  -0.002 0.125     3.07   2.68
  2385.00    -0.20  0.00   0.442  0.000  -0.003 0.127     3.08   2.69
  2390.00    -0.25  0.00   0.446  0.000  -0.003 0.128     3.10   2.70
  2395.00    -0.30  0.00   0.450  0.000  -0.004 0.129     3.11   2.71
  2400.00    -0.35  0.00   0.454  0.000  -0.004 0.131     3.13   2.72
