  1080.00     0.00  0.00   0.000  0.000   0.000 0.000     0.00   0.00
  1085.00     0.00  0.00   0.000  0.000   0.000 0.000     0.00   0.00
  1090.00     0.00  0.00   0.000  0.000   0.000 0.000     0.00   0.00
  1095.00     0.00  0.00   0.000  0.000   0.000 0.000     0.00   0.00
  1100.00     0.00  0.00   0.000  0.000   0.000 0.000     0.00   0.00
  1105.00     0.00  0.00   0.000  0.000   0.000 0.000     0.00   0.00
  1110.00     0.00  0.00   0.000  0.000   0.000 0.000     0.00   0.00
  1115.00     0.00  0.00   0.000  0.000   0.000 0.000     0.00   0.00
  1120.00     0.00  0.00   0.000  0.000   0.000 0.000     0.00   0.00
  1125.00     0.00  0.00   0.000  0.000   0.000 0.000     0.00   0.00
  1130.00     0.00  0.00   0.000  0.000   0.000 0.000     0.00   0.00
  1135.00     0.00  0.00   0.000  0.000   0.000 0.000     0.00   0.00
  1140.00     0.00  0.00   0.000  0.000   0.000 0.000     0.00   0.00
  1145.00     0.00  0.00   0.000  0.000   0.000 0.000     0.00   0.00
  1150.00     0.00  0.00   0.000  0.000   0.000 0.000     0.00   0.00
  1155.00     0.00  0.00   0.000  0.000   0.000 0.000     0.00   0.00
  1160.00     0.00  0.00   0.000  0.000   0.000 0.000     0.00   0.00
  1165.00     0.00  0.00   0.000  0.000   0.000 0.000     0.00   0.00
  1170.00     0.00  0.00   0.000  0.000   0.000 0.000     0.00   0.00
  1175.00     0.00  0.00   0.000  0.000   0.000 0.000     0.00   0.00
  1180.00     0.00  0.00   0.000  0.000   0.000 0.000     0.00   0.00
  1185.00     0.00  0.00   0.000  0.000   0.000 0.000     0.00   0.00
  1190.00     0.00  0.00   0.000  0.000   0.000 0.000     0.00   0.00
  1195.00     0.00  0.00   0.000  0.000   0.000 0.000     0.00   0.00
  1200.00     0.00  0.00   0.000  0.000   0.000 0.000     0.00   0.00
  1205.00     0.00  0.00   0.000  0.000   0.000 0.000     0.00   0.00
  1210.00     0.00  0.00   0.000  0.000   0.000 0.000     0.00   0.00
  1215.00     0.00  0.00   0.000  0.000   0.000 0.000     0.00   0.00
  1220.00     0.00  0.00   0.000  0.000   0.000 0.000     0.00   0.00
  1225.00     0.00  0.00   0.000  0.000   0.000 0.000     0.00   0.00
  1230.00     0.00  0.00   0.000  0.000   0.000 0.000     0.00   0.00
  1235.00     0.00  0.00   0.000  0.000   0.000 0.000     0.00   0.00
  1240.00     0.00  0.00   0.000  0.000   0.000 0.000     0.00   0.00
  1245.00     0.00  0.00   0.000  0.000   0.000 0.000     0.00   0.00
  1250.00     0.00  0.00   0.000  0.000   0.000 0.000     0.00   0.00
  1255.00     0.00  0.00   0.000  0.000   0.000 0.000     0.00   0.00
  1260.00     0.00  0.00   0.000  0.000   0.000 0.000     0.00   0.00
  1265.00     0.01  0.00   0.000  0.000   0.000 0.000     0.00   0.00
  1270.00     0.01  0.00   0.000  0.000   0.000 0.000     0.00   0.00
  1275.00     0.01  0.00   0.000  0.000   0.000 0.000     0.00   0.00
  1280.00     0.01  0.00   0.000  0.000   0.000 0.000     0.00   0.00
  1285.00     0.01  0.00   0.000  0.000   0.000 0.000     0.00   0.00
  1290.00     0.01  0.00   0.000  0.000   0.000 0.000     0.00   0.00
  1295.00     0.01  0.00   0.000  0.000   0.000 0.000     0.00   0.00
  1300.00     0.01  0.00   0.000  0.000   0.000 0.000     0.00   0.00
  1305.00     0.01  0.00   0.000  0.000   0.000 0.000     0.00   0.00
  1310.00     0.01  0.00   0.000  0.000   0.000 0.000     0.00   0.00
  1315.00     0.01  0.00   0.000  0.000   0.000 0.000     0.00   0.00
  1320.00     0.02  0.00   0.000  0.000   0.000 0.000     0.00   0.00
  1325.00     0.02  0.00   0.000  0.000   0.000 0.000     0.00   0.00
  1330.00     0.02  0.00   0.000  0.000   0.000 0.000     0.00   0.00
  1335.00     0.02  0.00   0.000  0.000   0.000 0.000     0.00   0.00
  1340.00     0.02  0.00   0.000  0.000   0.000 0.000     0.00   0.00
  1345.00     0.02  0.00   0.000  0.000   0.000 0.000     0.00   0.00
  1350.00     0.03  0.00   0.000  0.000   0.000 0.000     0.00   0.00
  1355.00     0.03  0.00   0.000  0.000   0.000 0.000     0.00   0.00
  1360.00     0.03  0.00   0.000  0.000   0.001 0.000     0.00   0.00
  1365.00     0.03  0.00   0.000  0.000   0.001 0.000     0.00   0.00
  1370.00     0.03  0.00   0.000  0.000   0.001 0.000     0.00   0.00
  1375.00     0.04  0.00   0.000  0.000   0.001 0.000     0.00   0.00
  1380.00     0.04  0.00   0.000  0.000   0.001 0.000     0.00   0.00
  1385.00     0.04  0.00   0.000  0.000   0.001 0.000     0.00   0.00
  1390.00     0.05  0.00   0.000  0.000   0.001 0.000     0.00   0.00
  1395.00     0.05  0.00   0.000  0.000   0.001 0.000     0.00   0.00
  1400.00     0.05  0.00   0.000  0.000   0.001 0.000     0.01   0.01
  1405.00     0.06  0.00   0.000  0.000   0.001 0.000     0.01   0.01
  1410.00     0.06  0.00   0.000  0.000   0.001 0.000     0.01   0.01
  1415.00     0.06  0.00   0.000  0.000   0.001 0.000     0.01   0.01
  1420.00     0.07  0.00   0.000  0.000   0.001 0.000     0.01   0.01
  1425.00     0.07  0.00   0.000  0.000   0.001 0.000     0.01   0.01
  1430.00     0.08  0.00   0.000  0.000   0.001 0.000     0.01   0.01
  1435.00     0.08  0.00   0.000  0.000   0.001 0.000     0.01   0.01
  1440.00     0.09  0.00   0.000  0.000   0.001 0.000     0.01   0.01
  1445.00     0.09  0.00   0.000  0.000   0.002 0.000     0.01   0.01
  1450.00     0.10  0.00   0.000  0.000   0.002 0.000     0.01   0.01
  1455.00     0.10  0.00   0.000  0.000   0.002 0.000     0.01   0.01
  1460.00     0.11  0.00   0.000  0.000   0.002 0.000     0.01   0.01
  1465.00     0.11  0.00   0.000  0.000   0.002 0.000     0.02   0.01
  1470.00     0.12  0.00   0.000  0.000   0.002 0.000     0.02   0.02
  1475.00     0.13  0.00   0.001  0.000   0.002 0.000     0.02   0.02
  1480.00     0.13  0.00   0.001  0.000   0.002 0.000     0.02   0.02
  1485.00     0.14  0.00   0.001  0.000   0.002 0.000     0.02   0.02
  1490.00     0.15  0.00   0.001  0.000   0.003 0.000     0.02   0.02
  1495.00     0.16  0.00   0.001  0.000   0.003 0.000     0.02   0.02
  1500.00     0.16  0.00   0.001  0.000   0.003 0.000     0.03   0.02
  1505.00     0.17  0.00   0.001  0.000   0.003 0.000     0.03   0.03
  1510.00     0.18  0.00   0.001  0.000   0.003 0.000     0.03   0.03
  1515.00     0.19  0.00   0.001  0.000   0.003 0.000     0.03   0.03
  1520.00     0.20  0.00   0.001  0.000   0.004 0.000     0.03   0.03
  1525.00     0.21  0.00   0.001  0.000   0.004 0.000     0.03   0.03
  1530.00     0.22  0.00   0.001  0.000   0.004 0.000     0.04   0.04
  1535.00     0.23  0.00   0.001  0.000   0.004 0.000     0.04   0.04
  1540.00     0.24  0.00   0.001  0.000   0.004 0.000     0.04   0.04
  1545.00     0.26  0.00   0.002  0.000   0.004 0.000     0.04   0.04
  1550.00     0.27  0.00   0.002  0.000   0.005 0.000     0.05   0.04
  1555.00     0.28  0.00   0.002  0.000   0.005 0.000     0.05   0.05
  1560.00     0.29  0.00   0.002  0.000   0.005 0.001     0.05   0.05
  1565.00     0.31  0.00   0.002  0.000   0.005 0.001     0.06   0.05
  1570.00     0.32  0.00   0.002  0.000   0.006 0.001     0.06   0.06
  1575.00     0.34  0.00   0.002  0.000   0.006 0.001     0.06   0.06
  1580.00     0.35  0.00   0.002  0.000   0.006 0.001     0.07   0.06
  1585.00     0.37  0.00   0.003  0.000   0.006 0.001     0.07   0.06
  1590.00     0.39  0.00   0.003  0.000   0.007 0.001     0.07   0.07
  1595.00     0.40  0.00   0.003  0.000   0.007 0.001     0.08   0.07
  1600.00     0.42  0.00   0.003  0.000   0.007 0.001     0.08   0.08
  1605.00     0.44  0.00   0.003  0.000   0.008 0.001     0.08   0.08
  1610.00     0.46  0.00   0.004  0.000   0.008 0.001     0.09   0.08
  1615.00     0.48  0.00   0.004  0.000   0.008 0.001     0.09   0.09
  1620.00     0.50  0.00   0.004  0.000   0.009 0.001     0.10   0.09
  1625.00     0.52  0.00   0.004  0.000   0.009 0.001     0.10   0.10
  1630.00     0.54  0.00   0.005  0.000   0.009 0.001     0.11   0.10
  1635.00     0.57  0.00   0.005  0.000   0.010 0.001     0.11   0.11
  1640.00     0.59  0.00   0.005  0.000   0.010 0.001     0.12   0.11
  1645.00     0.61  0.00   0.006  0.000   0.011 0.002     0.13   0.12
  1650.00     0.64  0.00   0.006  0.000   0.011 0.002     0.13   0.12
  1655.00     0.67  0.00   0.006  0.000   0.012 0.002     0.14   0.13
  1660.00     0.69  0.00   0.007  0.000   0.012 0.002     0.15   0.13
  1665.00     0.72  0.00   0.007  0.000   0.013 0.002     0.15   0.14
  1670.00     0.75  0.00   0.008  0.000   0.013 0.002     0.16   0.15
  1675.00     0.78  0.00   0.008  0.000   0.014 0.002     0.17   0.15
  1680.00     0.81  0.00   0.008  0.000   0.014 0.002     0.18   0.16
  1685.00     0.84  0.00   0.009  0.000   0.015 0.002     0.18   0.17
  1690.00     0.88  0.00   0.009  0.000   0.015 0.003     0.19   0.17
  1695.00     0.91  0.00   0.010  0.000   0.016 0.003     0.20   0.18
  1700.00     0.94  0.00   0.010  0.000   0.016 0.003     0.21   0.19
  1705.00     0.98  0.00   0.011  0.000   0.017 0.003     0.22   0.20
  1710.00     1.02  0.00   0.012  0.000   0.018 0.003     0.23   0.21
  1715.00     1.06  0.00   0.012  0.000   0.018 0.003     0.24   0.22
  1720.00     1.10  0.00   0.013  0.000   0.019 0.004     0.25   0.23
  1725.00     1.14  0.00   0.014  0.000   0.020 0.004     0.26   0.24
  1730.00     1.18  0.00   0.014  0.000   0.020 0.004     0.27   0.25
  1735.00     1.22  0.00   0.015  0.000   0.021 0.004     0.29   0.26
  1740.00     1.27  0.00   0.016  0.000   0.022 0.005     0.30   0.27
  1745.00     1.31  0.00   0.017  0.000   0.023 0.005     0.31   0.28
  1750.00     1.36  0.00   0.018  0.000   0.024 0.005     0.33   0.29
  1755.00     1.41  0.00   0.019  0.000   0.024 0.005     0.34   0.30
  1760.00     1.46  0.00   0.020  0.000   0.025 0.006     0.36   0.31
  1765.00     1.51  0.00   0.021  0.000   0.026 0.006     0.37   0.33
  1770.00     1.57  0.00   0.022  0.000   0.027 0.006     0.39   0.34
  1775.00     1.62  0.00   0.023  0.000   0.028 0.007     0.41   0.35
  1780.00     1.68  0.00   0.024  0.000   0.029 0.007     0.42   0.37
  1785.00     1.74  0.00   0.025  0.000   0.030 0.007     0.44   0.38
  1790.00     1.80  0.00   0.027  0.000   0.031 0.008     0.46   0.40
  1795.00     1.86  0.00   0.028  0.000   0.032 0.008     0.48   0.42
  1800.00     1.92  0.00   0.029  0.000   0.033 0.009     0.50   0.43
  1805.00     1.99  0.00   0.031  0.000   0.034 0.009     0.52   0.45
  1810.00     2.06  0.00   0.033  0.000   0.035 0.009     0.54   0.47
  1815.00     2.12  0.00   0.034  0.000   0.036 0.010     0.57   0.49
  1820.00     2.20  0.00   0.036  0.000   0.038 0.011     0.59   0.51
  1825.00     2.27  0.00   0.038  0.000   0.039 0.011     0.62   0.53
  1830.00     2.34  0.00   0.040  0.000   0.040 0.012     0.64   0.55
  1835.00     2.42  0.00   0.042  0.000   0.041 0.012     0.67   0.57
  1840.00     2.50  0.00   0.044  0.000   0.043 0.013     0.70   0.59
  1845.00     2.58  0.00   0.046  0.000   0.044 0.014     0.73   0.62
  1850.00     2.66  0.00   0.048  0.000   0.045 0.014     0.76   0.64
  1855.00     2.75  0.00   0.051  0.000   0.047 0.015     0.79   0.67
  1860.00     2.84  0.00   0.053  0.000   0.048 0.016     0.83   0.69
  1865.00     2.93  0.00   0.056  0.000   0.050 0.017     0.86   0.72
  1870.00     3.02  0.00   0.058  0.000   0.051 0.018     0.90   0.75
  1875.00     3.11  0.00   0.061  0.000   0.053 0.018     0.94   0.78
  1880.00     3.21  0.00   0.064  0.000   0.054 0.019     0.97   0.81
  1885.00     3.31  0.00   0.067  0.000   0.056 0.020     1.02   0.84
  1890.00     3.41  0.00   0.071  0.000   0.057 0.021     1.06   0.87
  1895.00     3.52  0.00   0.074  0.000   0.059 0.023     1.10   0.91
  1900.00     3.62  0.00   0.078  0.000   0.061 0.024     1.15   0.94
  1905.00     3.73  0.00   0.081  0.000   0.062 0.025     1.20   0.98
  1910.00     3.84  0.00   0.085  0.000   0.064 0.026     1.25   1.02
  1915.00     3.96  0.00   0.090  0.000   0.066 0.027     1.30   1.06
  1920.00     4.08  0.00   0.094  0.000   0.067 0.029     1.35   1.10
  1925.00     4.19  0.00   0.098  0.000   0.069 0.030     1.41   1.14
  1930.00     4.32  0.00   0.103  0.000   0.071 0.032     1.47   1.19
  1935.00     4.44  0.00   0.108  0.000   0.073 0.033     1.53   1.23
  1940.00     4.57  0.00   0.113  0.000   0.075 0.035     1.59   1.28
  1945.00     4.70  0.00   0.118  0.000   0.077 0.037     1.65   1.33
  1950.00     4.83  0.00   0.124  0.000   0.078 0.039     1.72   1.38
  1955.00     4.96  0.00   0.130  0.000   0.080 0.041     1.79   1.43
  1960.00     5.10  0.00   0.136  0.000   0.082 0.043     1.86   1.49
  1965.00     5.24  0.00   0.142  0.000   0.084 0.045     1.94   1.54
  1970.00     5.38  0.00   0.149  0.000   0.086 0.047     2.02   1.60
  1975.00     5.52  0.00   0.156  0.000   0.088 0.049     2.10   1.66
  1980.00     5.66  0.00   0.163  0.000   0.090 0.051     2.18   1.72
  1985.00     5.81  0.00   0.170  0.000   0.092 0.054     2.26   1.79
  1990.00     5.96  0.00   0.178  0.000   0.094 0.056     2.35   1.85
  1995.00     6.11  0.00   0.186  0.000   0.095 0.059     2.44   1.92
  2000.00     6.26  0.00   0.194  0.000   0.097 0.062     2.54   1.99
  2005.00     6.41  0.00   0.203  0.000   0.099 0.065     2.63   2.06
  2010.00     6.57  0.00   0.212  0.000   0.101 0.068     2.73   2.14
  2015.00     6.72  0.00   0.221  0.000   0.103 0.071     2.83   2.21
  2020.00     6.87  0.00   0.230  0.000   0.104 0.074     2.94   2.29
  2025.00     7.03  0.00   0.240  0.000   0.106 0.077     3.05   2.37
  2030.00     7.18  0.00   0.250  0.000   0.107 0.081     3.15   2.45
  2035.00     7.34  0.00   0.261  0.000   0.109 0.084     3.27   2.53
  2040.00     7.49  0.00   0.272  0.000   0.110 0.088     3.38   2.62
  2045.00     7.64  0.00   0.283  0.000   0.112 0.092     3.50   2.70
  2050.00     7.79  0.00   0.294  0.000   0.113 0.095     3.62   2.79
  2055.00     7.94  0.00   0.306  0.000   0.114 0.099     3.74   2.88
  2060.00     8.09  0.00   0.318  0.000   0.115 0.103     3.86   2.97
  2065.00     8.23  0.00   0.330  0.000   0.116 0.107     3.98   3.06
  2070.00     8.37  0.00   0.342  0.000   0.117 0.112     4.11   3.15
  2075.00     8.50  0.00   0.355  0.000   0.117 0.116     4.24   3.24
  2080.00     8.63  0.00   0.368  0.000   0.118 0.120     4.37   3.34
  2085.00     8.75  0.00   0.381  0.000   0.118 0.125     4.49   3.43
  2090.00     8.87  0.00   0.394  0.000   0.119 0.129     4.62   3.52
  2095.00     8.97  0.00   0.408  0.000   0.119 0.134     4.75   3.62
  2100.00     9.07  0.00   0.421  0.000   0.118 0.139     4.88   3.71
  2105.00     9.16  0.00   0.435  0.000   0.118 0.143     5.01   3.80
  2110.00     9.24  0.00   0.449  0.000   0.118 0.148     5.14   3.90
  2115.00     9.31  0.00   0.463  0.000   0.117 0.153     5.26   3.99
  2120.00     9.37  0.00   0.476  0.000   0.116 0.157     5.39   4.08
  2125.00     9.41  0.00   0.490  0.000   0.115 0.162     5.51   4.16
  2130.00     9.44  0.00   0.504  0.000   0.114 0.167     5.63   4.25
  2135.00     9.46  0.00   0.518  0.000   0.113 0.172     5.75   4.34
  2140.00     9.46  0.00   0.531  0.000   0.111 0.176     5.86   4.42
  2145.00     9.44  0.00   0.545  0.000   0.109 0.181     5.97   4.50
  2150.00     9.40  0.00   0.558  0.000   0.107 0.185     6.08   4.57
  2155.00     9.35  0.00   0.571  0.000   0.105 0.190     6.18   4.65
  2160.00     9.27  0.00   0.583  0.000   0.103 0.194     6.28   4.72
  2165.00     9.17  0.00   0.596  0.000   0.100 0.198     6.37   4.78
  2170.00     9.06  0.00   0.608  0.000   0.097 0.202     6.46   4.85
  2175.00     8.92  0.00   0.619  0.000   0.094 0.206     6.54   4.91
  2180.00     8.75  0.00   0.630  0.000   0.091 0.210     6.61   4.96
  2185.00     8.57  0.00   0.641  0.000   0.088 0.214     6.68   5.01
  2190.00     8.36  0.00   0.652  0.000   0.085 0.217     6.75   5.06
  2195.00     8.13  0.00   0.661  0.000   0.081 0.221     6.81   5.10
  2200.00     7.87  0.00   0.671  0.000   0.078 0.224     6.86   5.14
  2205.00     7.59  0.00   0.679  0.000   0.074 0.227     6.90   5.17
  2210.00     7.29  0.00   0.688  0.000   0.070 0.230     6.94   5.20
  2215.00     6.97  0.00   0.695  0.000   0.067 0.232     6.97   5.22
  2220.00     6.63  0.00   0.702  0.000   0.063 0.235     7.00   5.24
  2225.00     6.27  0.00   0.709  0.000   0.059 0.237     7.02   5.25
  2230.00     5.89  0.00   0.715  0.000   0.055 0.239     7.03   5.26
  2235.00     5.50  0.00   0.720  0.000   0.050 0.240     7.04   5.27
  2240.00     5.10  0.00   0.725  0.000   0.046 0.242     7.04   5.27
  2245.00     4.68  0.00   0.729  0.000   0.042 0.243     7.03   5.27
  2250.00     4.25  0.00   0.733  0.000   0.038 0.244     7.02   5.26
  2255.00     3.82  0.00   0.736  0.000   0.034 0.245     7.00   5.25
  2260.00     3.38  0.00   0.739  0.000   0.030 0.246     6.97   5.23
  2265.00     2.94  0.00   0.741  0.000   0.026 0.247     6.95   5.21
  2270.00     2.50  0.00   0.742  0.000   0.022 0.247     6.91   5.19
  2275.00     2.06  0.00   0.743  0.000   0.018 0.247     6.87   5.16
  2280.00     1.62  0.00   0.743  0.000   0.014 0.247     6.83   5.14
  2285.00     1.20  0.00   0.743  0.000   0.011 0.247     6.78   5.10
  2290.00     0.78  0.00   0.743  0.000   0.007 0.247     6.73   5.07
  2295.00     0.37  0.00   0.742  0.000   0.003 0.246     6.67   5.03
  2300.00    -0.03  0.00   0.741  0.000   0.000 0.245     6.62   4.99
  2305.00    -0.41  0.00   0.739  0.000  -0.004 0.245     6.55   4.95
  2310.00    -0.78  0.00   0.737  0.000  -0.007 0.244     6.49   4.91
  2315.00    -1.13  0.00   0.734  0.000  -0.010 0.243     6.42   4.86
  2320.00    -1.47  0.00   0.732  0.000  -0.013 0.241     6.35   4.81
  2325.00    -1.79  0.00   0.729  0.000  -0.016 0.240     6.27   4.76
  2330.00    -2.09  0.00   0.725  0.000  -0.019 0.239     6.20   4.71
  2335.00    -2.38  0.00   0.721  0.000  -0.022 0.237     6.12   4.66
  2340.00    -2.64  0.00   0.717  0.000  -0.024 0.235     6.04   4.60
  2345.00    -2.89  0.00   0.713  0.000  -0.027 0.234     5.96   4.55
  2350.00    -3.12  0.00   0.709  0.000  -0.029 0.232     5.88   4.50
  2355.00    -3.34  0.00   0.704  0.000  -0.032 0.230     5.80   4.44
  2360.00    -3.53  0.00   0.699  0.000  -0.034 0.228     5.71   4.38
  2365.00    -3.71  0.00   0.694  0.000  -0.036 0.226     5.63   4.33
  2370.00    -3.88  0.00   0.689  0.000  -0.038 0.224     5.54   4.27
  2375.00    -4.02  0.00   0.683  0.000  -0.039 0.221     5.46   4.21
  2380.00    -4.16  0.00   0.678  0.000  -0.041 0.219     5.37   4.15
  2385.00    -4.27  0.00   0.672  0.000  -0.043 0.217     5.28   4.09
  2390.00    -4.37  0.00   0.667  0.000  -0.044 0.215     5.20   4.03
  2395.00    -4.46  0.00   0.661  0.000  -0.045 0.212     5.11   3.98
  2400.00    -4.54  0.00   0.655  0.000  -0.046 0.210     5.02   3.92
