  1080.00     0.00  0.00   0.000  0.000   0.000 0.000     0.00   0.00
  1085.00     0.00  0.00   0.000  0.000   0.000 0.000     0.00   0.00
  1090.00     0.00  0.00   0.000  0.000   0.000 0.000     0.00   0.00
  1095.00     0.00  0.00   0.000  0.000   0.000 0.000     0.00   0.00
  1100.00     0.00  0.00   0.000  0.000   0.000 0.000     0.00   0.00
  1105.00     0.00  0.00   0.000  0.000   0.000 0.000     0.00   0.00
  1110.00     0.00  0.00   0.000  0.000   0.000 0.000     0.00   0.00
  1115.00     0.00  0.00   0.000  0.000   0.000 0.000     0.00   0.00
  1120.00     0.00  0.00   0.000  0.000   0.000 0.000     0.00   0.00
  1125.00     0.00  0.00   0.000  0.000   0.000 0.000     0.00   0.00
  1130.00     0.00  0.00   0.000  0.000   0.000 0.000     0.00   0.00
  1135.00     0.00  0.00   0.000  0.000   0.000 0.000     0.00   0.00
  1140.00     0.00  0.00   0.000  0.000   0.000 0.000     0.00   0.00
  1145.00     0.00  0.00   0.000  0.000   0.000 0.000     0.00   0.00
  1150.00     0.00  0.00   0.000  0.000   0.000 0.000     0.00   0.00
  1155.00     0.00  0.00   0.000  0.000   0.000 0.000     0.00   0.00
  1160.00     0.00  0.00   0.000  0.000   0.000 0.000     0.00   0.00
  1165.00     0.00  0.00   0.000  0.000   0.000 0.000     0.00   0.00
  1170.00     0.00  0.00   0.000  0.000   0.000 0.000     0.00   0.00
  1175.00     0.00  0.00   0.000  0.000   0.000 0.000     0.00   0.00
  1180.00     0.00  0.00   0.000  0.000   0.000 0.000     0.00   0.00
  1185.00     0.00  0.00   0.000  0.000   0.000 0.000     0.00   0.00
  1190.00     0.00  0.00   0.000  0.000   0.000 0.000     0.00   0.00
  1195.00     0.00  0.00   0.000  0.000   0.000 0.000     0.00   0.00
  1200.00     0.00  0.00   0.000  0.000   0.000 0.000     0.00   0.00
  1205.00     0.00  0.00   0.000  0.000   0.000 0.000     0.00   0.00
  1210.00     0.00  0.00   0.000  0.000   0.000 0.000     0.00   0.00
  1215.00     0.00  0.00   0.000  0.000   0.000 0.000     0.00   0.00
  1220.00     0.00  0.00   0.000  0.000   0.000 0.000     0.00   0.00
  1225.00     0.00  0.00   0.000  0.000   0.000 0.000     0.00   0.00
  1230.00     0.00  0.00   0.000  0.000   0.000 0.000     0.00   0.00
  1235.00     0.00  0.00   0.000  0.000   0.000 0.000     0.00   0.00
  1240.00     0.00  0.00   0.000  0.000   0.000 0.000     0.00   0.00
  1245.00     0.00  0.00   0.000  0.000   0.000 0.000     0.00   0.00
  1250.00     0.00  0.00   0.000  0.000   0.000 0.000     0.00   0.00
  1255.00     0.00  0.00   0.000  0.000   0.000 0.000     0.00   0.00
  1260.00     0.00  0.00   0.000  0.000   0.000 0.000     0.00   0.00
  1265.00     0.00  0.00   0.000  0.000   0.000 0.000     0.00   0.00
  1270.00     0.00  0.00   0.000  0.000   0.000 0.000     0.00   0.00
  1275.00     0.00  0.00   0.000  0.000   0.000 0.000     0.00   0.00
  1280.00     0.00  0.00   0.000  0.000   0.000 0.000     0.00   0.00
  1285.00     0.00  0.00   0.000  0.000   0.000 0.000     0.00   0.00
  1290.00     0.00  0.00   0.000  0.000   0.000 0.000     0.00   0.00
  1295.00     0.00  0.00   0.000  0.000   0.000 0.000     0.00   0.00
  1300.00     0.00  0.00   0.000  0.000   0.000 0.000     0.00   0.00
  1305.00     0.00  0.00   0.000  0.000   0.000 0.000     0.00   0.00
  1310.00     0.00  0.00   0.000  0.000   0.000 0.000     0.00   0.00
  1315.00     0.00  0.00   0.000  0.000   0.000 0.000     0.00   0.00
  1320.00     0.00  0.00   0.000  0.000   0.000 0.000     0.00   0.00
  1325.00     0.00  0.00   0.000  0.000   0.000 0.000     0.00   0.00
  1330.00     0.00  0.00   0.000  0.000   0.000 0.000     0.00   0.00
  1335.00     0.00  0.00   0.000  0.000   0.000 0.000     0.00   0.00
  1340.00     0.00  0.00   0.000  0.000   0.000 0.000     0.00   0.00
  1345.00     0.00  0.00   0.000  0.000   0.000 0.000     0.00   0.00
  1350.00     0.00  0.00   0.000  0.000   0.000 0.000     0.00   0.00
  1355.00     0.00  0.00   0.000  0.000   0.000 0.000     0.00   0.00
  1360.00     0.00  0.00   0.000  0.000   0.000 0.000     0.00   0.00
  1365.00     0.00  0.00   0.000  0.000   0.000 0.000     0.00   0.00
  1370.00     0.00  0.00   0.000  0.000   0.000 0.000     0.00   0.00
  1375.00     0.00  0.00   0.000  0.000   0.000 0.000     0.00   0.00
  1380.00     0.00  0.00   0.000  0.000   0.000 0.000     0.00   0.00
  1385.00     0.00  0.00   0.000  0.000   0.000 0.000     0.00   0.00
  1390.00     0.00  0.00   0.000  0.000   0.000 0.000     0.00   0.00
  1395.00     0.00  0.00   0.000  0.000   0.000 0.000     0.00   0.00
  1400.00     0.00  0.00   0.000  0.000   0.000 0.000     0.00   0.00
  1405.00     0.00  0.00   0.000  0.000   0.000 0.000     0.00   0.00
  1410.00     0.00  0.00   0.000  0.000   0.000 0.000     0.00   0.00
  1415.00     0.00  0.00   0.000  0.000   0.000 0.000     0.00   0.00
  1420.00    -0.01  0.00   0.000  0.000   0.000 0.000     0.00   0.00
  1425.00    -0.01  0.00   0.000  0.000   0.000 0.000     0.00   0.00
  1430.00    -0.01  0.00   0.000  0.000   0.000 0.000     0.00   0.00
  1435.00    -0.01  0.00   0.000  0.000   0.000 0.000     0.01   0.00
  1440.00    -0.01  0.00   0.000  0.000   0.000 0.000     0.01   0.01
  1445.00    -0.01  0.00   0.000  0.000   0.000 0.000     0.01   0.01
  1450.00    -0.01  0.00   0.000  0.000   0.000 0.000     0.01   0.01
  1455.00    -0.01  0.00   0.000  0.000   0.000 0.000     0.01   0.01
  1460.00    -0.01  0.00   0.000  0.000   0.000 0.000     0.01   0.01
  1465.00    -0.01  0.00   0.000  0.000   0.000 0.000     0.01   0.01
  1470.00    -0.02  0.00   0.000  0.000   0.000 0.000     0.01   0.01
  1475.00    -0.02  0.00   0.000  0.000   0.000 0.000     0.01   0.01
  1480.00    -0.02  0.00   0.000  0.000   0.000 0.000     0.01   0.01
  1485.00    -0.02  0.00   0.000  0.000   0.000 0.000     0.01   0.01
  1490.00    -0.02  0.00   0.000  0.000   0.000 0.000     0.01   0.01
  1495.00    -0.02  0.00   0.000  0.000   0.000 0.000     0.01   0.01
  1500.00    -0.02  0.00   0.000  0.000   0.000 0.000     0.02   0.01
  1505.00    -0.03  0.00   0.001  0.000   0.000 0.000     0.02   0.02
  1510.00    -0.03  0.00   0.001  0.000   0.000 0.000     0.02   0.02
  1515.00    -0.03  0.00   0.001  0.000  -0.001 0.000     0.02   0.02
  1520.00    -0.03  0.00   0.001  0.000  -0.001 0.000     0.02   0.02
  1525.00    -0.03  0.00   0.001  0.000  -0.001 0.000     0.02   0.02
  1530.00    -0.04  0.00   0.001  0.000  -0.001 0.000     0.02   0.02
  1535.00    -0.04  0.00   0.001  0.000  -0.001 0.000     0.02   0.02
  1540.00    -0.04  0.00   0.001  0.000  -0.001 0.000     0.03   0.03
  1545.00    -0.04  0.00   0.001  0.000  -0.001 0.000     0.03   0.03
  1550.00    -0.05  0.00   0.001  0.000  -0.001 0.000     0.03   0.03
  1555.00    -0.05  0.00   0.001  0.000  -0.001 0.000     0.03   0.03
  1560.00    -0.05  0.00   0.001  0.000  -0.001 0.000     0.03   0.03
  1565.00    -0.06  0.00   0.001  0.000  -0.001 0.000     0.03   0.03
  1570.00    -0.06  0.00   0.001  0.000  -0.001 0.000     0.04   0.04
  1575.00    -0.06  0.00   0.002  0.000  -0.001 0.000     0.04   0.04
  1580.00    -0.06  0.00   0.002  0.000  -0.001 0.000     0.04   0.04
  1585.00    -0.07  0.00   0.002  0.000  -0.001 0.000     0.04   0.04
  1590.00    -0.07  0.00   0.002  0.000  -0.001 0.000     0.05   0.05
  1595.00    -0.08  0.00   0.002  0.000  -0.001 0.001     0.05   0.05
  1600.00    -0.08  0.00   0.002  0.000  -0.001 0.001     0.05   0.05
  1605.00    -0.08  0.00   0.002  0.000  -0.001 0.001     0.05   0.05
  1610.00    -0.09  0.00   0.002  0.000  -0.002 0.001     0.06   0.06
  1615.00    -0.09  0.00   0.003  0.000  -0.002 0.001     0.06   0.06
  1620.00    -0.09  0.00   0.003  0.000  -0.002 0.001     0.06   0.06
  1625.00    -0.10  0.00   0.003  0.000  -0.002 0.001     0.06   0.06
  1630.00    -0.10  0.00   0.003  0.000  -0.002 0.001     0.07   0.07
  1635.00    -0.11  0.00   0.003  0.000  -0.002 0.001     0.07   0.07
  1640.00    -0.11  0.00   0.003  0.000  -0.002 0.001     0.07   0.07
  1645.00    -0.12  0.00   0.004  0.000  -0.002 0.001     0.08   0.08
  1650.00    -0.12  0.00   0.004  0.000  -0.002 0.001     0.08   0.08
  1655.00    -0.13  0.00   0.004  0.000  -0.002 0.001     0.08   0.08
  1660.00    -0.13  0.00   0.004  0.000  -0.002 0.001     0.09   0.09
  1665.00    -0.14  0.00   0.005  0.000  -0.002 0.001     0.09   0.09
  1670.00    -0.14  0.00   0.005  0.000  -0.002 0.001     0.09   0.09
  1675.00    -0.15  0.00   0.005  0.000  -0.003 0.001     0.10   0.10
  1680.00    -0.15  0.00   0.005  0.000  -0.003 0.001     0.10   0.10
  1685.00    -0.16  0.00   0.006  0.000  -0.003 0.001     0.10   0.10
  1690.00    -0.17  0.00   0.006  0.000  -0.003 0.001     0.11   0.11
  1695.00    -0.17  0.00   0.006  0.000  -0.003 0.002     0.11   0.11
  1700.00    -0.18  0.00   0.006  0.000  -0.003 0.002     0.12   0.12
  1705.00    -0.19  0.00   0.007  0.000  -0.003 0.002     0.12   0.12
  1710.00    -0.19  0.00   0.007  0.000  -0.003 0.002     0.13   0.12
  1715.00    -0.20  0.00   0.007  0.000  -0.003 0.002     0.13   0.13
  1720.00    -0.21  0.00   0.008  0.000  -0.004 0.002     0.13   0.13
  1725.00    -0.21  0.00   0.008  0.000  -0.004 0.002     0.14   0.14
  1730.00    -0.22  0.00   0.008  0.000  -0.004 0.002     0.14   0.14
  1735.00    -0.23  0.00   0.009  0.000  -0.004 0.002     0.15   0.15
  1740.00    -0.23  0.00   0.009  0.000  -0.004 0.002     0.15   0.15
  1745.00    -0.24  0.00   0.010  0.000  -0.004 0.002     0.16   0.16
  1750.00    -0.25  0.00   0.010  0.000  -0.004 0.003     0.16   0.16
  1755.00    -0.26  0.00   0.010  0.000  -0.004 0.003     0.17   0.17
  1760.00    -0.27  0.00   0.011  0.000  -0.005 0.003     0.17   0.17
  1765.00    -0.27  0.00   0.011  0.000  -0.005 0.003     0.18   0.18
  1770.00    -0.28  0.00   0.012  0.000  -0.005 0.003     0.18   0.18
  1775.00    -0.29  0.00   0.012  0.000  -0.005 0.003     0.19   0.19
  1780.00    -0.30  0.00   0.013  0.000  -0.005 0.003     0.20   0.19
  1785.00    -0.31  0.00   0.013  0.000  -0.005 0.003     0.20   0.20
  1790.00    -0.32  0.00   0.014  0.000  -0.006 0.003     0.21   0.20
  1795.00    -0.33  0.00   0.014  0.000  -0.006 0.004     0.21   0.21
  1800.00    -0.34  0.00   0.015  0.000  -0.006 0.004     0.22   0.22
  1805.00    -0.35  0.00   0.015  0.000  -0.006 0.004     0.23   0.22
  1810.00    -0.36  0.00   0.016  0.000  -0.006 0.004     0.23   0.23
  1815.00    -0.37  0.00   0.016  0.000  -0.006 0.004     0.24   0.23
  1820.00    -0.38  0.00   0.017  0.000  -0.007 0.004     0.24   0.24
  1825.00    -0.39  0.00   0.018  0.000  -0.007 0.004     0.25   0.25
  1830.00    -0.40  0.00   0.018  0.000  -0.007 0.005     0.26   0.25
  1835.00    -0.41  0.00   0.019  0.000  -0.007 0.005     0.26   0.26
  1840.00    -0.42  0.00   0.020  0.000  -0.007 0.005     0.27   0.27
  1845.00    -0.43  0.00   0.020  0.000  -0.007 0.005     0.28   0.27
  1850.00    -0.45  0.00   0.021  0.000  -0.008 0.005     0.28   0.28
  1855.00    -0.46  0.00   0.022  0.000  -0.008 0.006     0.29   0.29
  1860.00    -0.47  0.00   0.022  0.000  -0.008 0.006     0.30   0.29
  1865.00    -0.48  0.00   0.023  0.000  -0.008 0.006     0.30   0.30
  1870.00    -0.49  0.00   0.024  0.000  -0.009 0.006     0.31   0.31
  1875.00    -0.51  0.00   0.025  0.000  -0.009 0.006     0.32   0.31
  1880.00    -0.52  0.00   0.025  0.000  -0.009 0.006     0.33   0.32
  1885.00    -0.53  0.00   0.026  0.000  -0.009 0.007     0.33   0.33
  1890.00    -0.55  0.00   0.027  0.000  -0.009 0.007     0.34   0.33
  1895.00    -0.56  0.00   0.028  0.000  -0.010 0.007     0.35   0.34
  1900.00    -0.57  0.00   0.029  0.000  -0.010 0.007     0.36   0.35
  1905.00    -0.59  0.00   0.030  0.000  -0.010 0.008     0.36   0.36
  1910.00    -0.60  0.00   0.030  0.000  -0.010 0.008     0.37   0.36
  1915.00    -0.61  0.00   0.031  0.000  -0.011 0.008     0.38   0.37
  1920.00    -0.63  0.00   0.032  0.000  -0.011 0.008     0.39   0.38
  1925.00    -0.64  0.00   0.033  0.000  -0.011 0.009     0.40   0.39
  1930.00    -0.66  0.00   0.034  0.000  -0.011 0.009     0.40   0.39
  1935.00    -0.67  0.00   0.035  0.000  -0.012 0.009     0.41   0.40
  1940.00    -0.69  0.00   0.036  0.000  -0.012 0.009     0.42   0.41
  1945.00    -0.71  0.00   0.037  0.000  -0.012 0.010     0.43   0.42
  1950.00    -0.72  0.00   0.038  0.000  -0.012 0.010     0.44   0.43
  1955.00    -0.74  0.00   0.039  0.000  -0.013 0.010     0.45   0.43
  1960.00    -0.75  0.00   0.040  0.000  -0.013 0.010     0.45   0.44
  1965.00    -0.77  0.00   0.041  0.000  -0.013 0.011     0.46   0.45
  1970.00    -0.79  0.00   0.043  0.000  -0.013 0.011     0.47   0.46
  1975.00    -0.81  0.00   0.044  0.000  -0.014 0.011     0.48   0.47
  1980.00    -0.82  0.00   0.045  0.000  -0.014 0.012     0.49   0.47
  1985.00    -0.84  0.00   0.046  0.000  -0.014 0.012     0.50   0.48
  1990.00    -0.86  0.00   0.047  0.000  -0.015 0.012     0.51   0.49
  1995.00    -0.88  0.00   0.048  0.000  -0.015 0.012     0.52   0.50
  2000.00    -0.90  0.00   0.050  0.000  -0.015 0.013     0.52   0.51
  2005.00    -0.91  0.00   0.051  0.000  -0.016 0.013     0.53   0.52
  2010.00    -0.93  0.00   0.052  0.000  -0.016 0.013     0.54   0.52
  2015.00    -0.95  0.00   0.053  0.000  -0.016 0.014     0.55   0.53
  2020.00    -0.97  0.00   0.055  0.000  -0.016 0.014     0.56   0.54
  2025.00    -0.99  0.00   0.056  0.000  -0.017 0.014     0.57   0.55
  2030.00    -1.01  0.00   0.057  0.000  -0.017 0.015     0.58   0.56
  2035.00    -1.03  0.00   0.059  0.000  -0.017 0.015     0.59   0.57
  2040.00    -1.05  0.00   0.060  0.000  -0.018 0.016     0.60   0.58
  2045.00    -1.07  0.00   0.061  0.000  -0.018 0.016     0.61   0.59
  2050.00    -1.10  0.00   0.063  0.000  -0.019 0.016     0.62   0.59
  2055.00    -1.12  0.00   0.064  0.000  -0.019 0.017     0.63   0.60
  2060.00    -1.14  0.00   0.066  0.000  -0.019 0.017     0.64   0.61
  2065.00    -1.16  0.00   0.067  0.000  -0.020 0.017     0.65   0.62
  2070.00    -1.18  0.00   0.068  0.000  -0.020 0.018     0.66   0.63
  2075.00    -1.21  0.00   0.070  0.000  -0.020 0.018     0.67   0.64
  2080.00    -1.23  0.00   0.072  0.000  -0.021 0.019     0.68   0.65
  2085.00    -1.25  0.00   0.073  0.000  -0.021 0.019     0.69   0.66
  2090.00    -1.28  0.00   0.075  0.000  -0.021 0.019     0.70   0.67
  2095.00    -1.30  0.00   0.076  0.000  -0.022 0.020     0.71   0.68
  2100.00    -1.32  0.00   0.078  0.000  -0.022 0.020     0.72   0.68
  2105.00    -1.35  0.00   0.079  0.000  -0.023 0.021     0.73   0.69
  2110.00    -1.37  0.00   0.081  0.000  -0.023 0.021     0.74   0.70
  2115.00    -1.40  0.00   0.083  0.000  -0.023 0.022     0.75   0.71
  2120.00    -1.42  0.00   0.084  0.000  -0.024 0.022     0.76   0.72
  2125.00    -1.45  0.00   0.086  0.000  -0.024 0.023     0.77   0.73
  2130.00    -1.48  0.00   0.088  0.000  -0.025 0.023     0.78   0.74
  2135.00    -1.50  0.00   0.089  0.000  -0.025 0.024     0.79   0.75
  2140.00    -1.53  0.00   0.091  0.000  -0.025 0.024     0.80   0.76
  2145.00    -1.56  0.00   0.093  0.000  -0.026 0.025     0.81   0.77
  2150.00    -1.58  0.00   0.095  0.000  -0.026 0.025     0.82   0.78
  2155.00    -1.61  0.00   0.096  0.000  -0.027 0.025     0.83   0.79
  2160.00    -1.64  0.00   0.098  0.000  -0.027 0.026     0.84   0.80
  2165.00    -1.67  0.00   0.100  0.000  -0.028 0.027     0.85   0.80
  2170.00    -1.70  0.00   0.102  0.000  -0.028 0.027     0.86   0.81
  2175.00    -1.73  0.00   0.104  0.000  -0.028 0.028     0.87   0.82
  2180.00    -1.76  0.00   0.106  0.000  -0.029 0.028     0.88   0.83
  2185.00    -1.79  0.00   0.108  0.000  -0.029 0.029     0.89   0.84
  2190.00    -1.82  0.00   0.110  0.000  -0.030 0.029     0.90   0.85
  2195.00    -1.85  0.00   0.112  0.000  -0.030 0.030     0.92   0.86
  2200.00    -1.88  0.00   0.113  0.000  -0.031 0.030     0.93   0.87
  2205.00    -1.91  0.00   0.115  0.000  -0.031 0.031     0.94   0.88
  2210.00    -1.94  0.00   0.117  0.000  -0.032 0.031     0.95   0.89
  2215.00    -1.97  0.00   0.119  0.000  -0.032 0.032     0.96   0.90
  2220.00    -2.00  0.00   0.121  0.000  -0.033 0.032     0.97   0.91
  2225.00    -2.04  0.00   0.123  0.000  -0.033 0.033     0.98   0.92
  2230.00    -2.07  0.00   0.126  0.000  -0.034 0.034     0.99   0.92
  2235.00    -2.10  0.00   0.128  0.000  -0.034 0.034     1.00   0.93
  2240.00    -2.14  0.00   0.130  0.000  -0.035 0.035     1.01   0.94
  2245.00    -2.17  0.00   0.132  0.000  -0.035 0.035     1.02   0.95
  2250.00    -2.20  0.00   0.134  0.000  -0.036 0.036     1.04   0.96
  2255.00    -2.24  0.00   0.136  0.000  -0.036 0.037     1.05   0.97
  2260.00    -2.27  0.00   0.138  0.000  -0.037 0.037     1.06   0.98
  2265.00    -2.31  0.00   0.140  0.000  -0.037 0.038     1.07   0.99
  2270.00    -2.35  0.00   0.143  0.000  -0.038 0.039     1.08   1.00
  2275.00    -2.38  0.00   0.145  0.000  -0.038 0.039     1.09   1.01
  2280.00    -2.42  0.00   0.147  0.000  -0.039 0.040     1.10   1.02
  2285.00    -2.46  0.00   0.149  0.000  -0.040 0.041     1.11   1.02
  2290.00    -2.49  0.00   0.151  0.000  -0.040 0.041     1.12   1.03
  2295.00    -2.53  0.00   0.154  0.000  -0.041 0.042     1.13   1.04
  2300.00    -2.57  0.00   0.156  0.000  -0.041 0.042     1.15   1.05
  2305.00    -2.61  0.00   0.158  0.000  -0.042 0.043     1.16   1.06
  2310.00    -2.65  0.00   0.161  0.000  -0.042 0.044     1.17   1.07
  2315.00    -2.69  0.00   0.163  0.000  -0.043 0.045     1.18   1.08
  2320.00    -2.73  0.00   0.165  0.000  -0.043 0.045     1.19   1.09
  2325.00    -2.77  0.00   0.168  0.000  -0.044 0.046     1.20   1.09
  2330.00    -2.81  0.00   0.170  0.000  -0.045 0.047     1.21   1.10
  2335.00    -2.85  0.00   0.172  0.000  -0.045 0.047     1.22   1.11
  2340.00    -2.89  0.00   0.175  0.000  -0.046 0.048     1.23   1.12
  2345.00    -2.93  0.00   0.177  0.000  -0.046 0.049     1.25   1.13
  2350.00    -2.98  0.00   0.179  0.000  -0.047 0.050     1.26   1.14
  2355.00    -3.02  0.00   0.182  0.000  -0.048 0.050     1.27   1.15
  2360.00    -3.06  0.00   0.184  0.000  -0.048 0.051     1.28   1.15
  2365.00    -3.11  0.00   0.187  0.000  -0.049 0.052     1.29   1.16
  2370.00    -3.15  0.00   0.189  0.000  -0.049 0.052     1.30   1.17
  2375.00    -3.20  0.00   0.192  0.000  -0.050 0.053     1.31   1.18
  2380.00    -3.24  0.00   0.194  0.000  -0.051 0.054     1.32   1.19
  2385.00    -3.29  0.00   0.197  0.000  -0.051 0.055     1.33   1.20
  2390.00    -3.33  0.00   0.199  0.000  -0.052 0.056     1.34   1.20
  2395.00    -3.38  0.00   0.202  0.000  -0.053 0.056     1.36   1.21
  2400.00    -3.43  0.00   0.204  0.000  -0.053 0.057     1.37   1.22
