  1080.00    -0.01  0.00   0.000  0.000   0.000 0.000     0.00   0.00
  1085.00    -0.09  0.00   0.000  0.000  -0.001 0.000     0.01   0.00
  1090.00    -0.18  0.00   0.000  0.000  -0.003 0.000     0.02   0.00
  1095.00    -0.28  0.00   0.000  0.000  -0.005 0.000     0.03   0.00
  1100.00    -0.39  0.00   0.000  0.000  -0.007 0.000     0.04   0.00
  1105.00    -0.49  0.00   0.000  0.000  -0.009 0.000     0.05   0.00
  1110.00    -0.59  0.00   0.000  0.000  -0.010 0.000     0.06   0.00
  1115.00    -0.69  0.00   0.000  0.000  -0.012 0.000     0.07   0.00
  1120.00    -0.77  0.00   0.000  0.000  -0.014 0.000     0.08   0.00
  1125.00    -0.85  0.00   0.000  0.000  -0.015 0.000     0.08   0.00
  1130.00    -0.91  0.00   0.000  0.000  -0.016 0.000     0.09   0.00
  1135.00    -0.96  0.00   0.000  0.000  -0.017 0.000     0.09   0.00
  1140.00    -1.00  0.00   0.000  0.000  -0.017 0.000     0.08   0.00
  1145.00    -1.02  0.00   0.000  0.000  -0.018 0.000     0.08   0.00
  1150.00    -1.02  0.00   0.000  0.000  -0.018 0.000     0.07   0.00
  1155.00    -1.01  0.00   0.000  0.000  -0.018 0.000     0.07   0.00
  1160.00    -0.97  0.00   0.000  0.000  -0.017 0.000     0.06   0.00
  1165.00    -0.92  0.00   0.000  0.000  -0.016 0.000     0.05   0.00
  1170.00    -0.84  0.00   0.000  0.000  -0.015 0.000     0.04   0.00
  1175.00    -0.74  0.00   0.000  0.000  -0.013 0.000     0.03   0.00
  1180.00    -0.62  0.00   0.000  0.000  -0.011 0.000     0.02   0.00
  1185.00    -0.48  0.00   0.000  0.000  -0.008 0.000     0.01   0.00
  1190.00    -0.31  0.00   0.000  0.000  -0.005 0.000     0.00   0.00
  1195.00    -0.11  0.00   0.000  0.000  -0.002 0.000     0.00   0.00
  1200.00     0.11  0.00   0.000  0.000   0.002 0.000     0.00   0.00
  1205.00     0.36  0.00   0.000  0.000   0.006 0.000     0.00   0.00
  1210.00     0.65  0.00   0.000  0.000   0.011 0.000     0.01   0.00
  1215.00     0.96  0.00   0.000  0.000   0.017 0.000     0.03   0.00
  1220.00     1.31  0.00   0.000  0.000   0.023 0.001     0.06   0.00
  1225.00     1.69  0.00   0.001  0.000   0.029 0.001     0.10   0.01
  1230.00     2.10  0.00   0.001  0.000   0.037 0.002     0.16   0.03
  1235.00     2.56  0.00   0.002  0.000   0.045 0.002     0.23   0.04
  1240.00     3.05  0.00   0.003  0.000   0.053 0.004     0.32   0.06
  1245.00     3.58  0.00   0.004  0.000   0.062 0.005     0.42   0.09
  1250.00     4.16  0.00   0.006  0.000   0.072 0.007     0.55   0.12
  1255.00     4.79  0.00   0.007  0.000   0.083 0.009     0.70   0.15
  1260.00     5.46  0.00   0.010  0.000   0.094 0.011     0.88   0.19
  1265.00     6.18  0.00   0.013  0.000   0.106 0.015     1.09   0.24
  1270.00     6.96  0.00   0.016  0.000   0.119 0.019     1.34   0.29
  1275.00     7.79  0.00   0.020  0.000   0.133 0.023     1.62   0.35
  1280.00     8.68  0.00   0.026  0.000   0.147 0.029     1.94   0.43
  1285.00     9.63  0.00   0.032  0.000   0.162 0.036     2.31   0.52
  1290.00    10.65  0.00   0.039  0.000   0.178 0.043     2.74   0.62
  1295.00    11.73  0.00   0.048  0.000   0.194 0.052     3.21   0.73
  1300.00    12.89  0.00   0.058  0.000   0.211 0.063     3.75   0.86
  1305.00    14.12  0.00   0.070  0.000   0.228 0.075     4.35   1.01
  1310.00    15.42  0.00   0.084  0.000   0.245 0.089     5.01   1.19
  1315.00    16.80  0.00   0.101  0.000   0.262 0.105     5.75   1.38
  1320.00    18.26  0.00   0.120  0.000   0.279 0.123     6.55   1.60
  1325.00    19.80  0.00   0.142  0.000   0.295 0.143     7.42   1.84
  1330.00    21.42  0.00   0.168  0.000   0.310 0.166     8.34   2.11
  1335.00    23.12  0.00   0.196  0.000   0.324 0.190     9.33   2.41
  1340.00    24.89  0.00   0.228  0.000   0.335 0.216    10.35   2.73
  1345.00    26.73  0.00   0.263  0.000   0.345 0.244    11.41   3.07
  1350.00    28.62  0.00   0.300  0.000   0.352 0.274    12.47   3.42
  1355.00    30.58  0.00   0.341  0.000   0.356 0.304    13.53   3.79
  1360.00    32.57  0.00   0.383  0.000   0.356 0.335    14.55   4.16
  1365.00    34.60  0.00   0.427  0.000   0.354 0.366    15.51   4.53
  1370.00    36.65  0.00   0.471  0.000   0.348 0.395    16.39   4.88
  1375.00    38.70  0.00   0.516  0.000   0.340 0.424    17.19   5.22
  1380.00    40.76  0.00   0.559  0.000   0.328 0.451    17.87   5.54
  1385.00    42.81  0.00   0.601  0.000   0.315 0.476    18.44   5.82
  1390.00    44.84  0.00   0.640  0.000   0.300 0.498    18.90   6.07
  1395.00    46.85  0.00   0.678  0.000   0.283 0.518    19.24   6.29
  1400.00    48.83  0.00   0.712  0.000   0.266 0.536    19.47   6.47
  1405.00    50.80  0.00   0.743  0.000   0.248 0.551    19.61   6.61
  1410.00    52.73  0.00   0.772  0.000   0.230 0.564    19.66   6.73
  1415.00    54.64  0.00   0.797  0.000   0.212 0.574    19.63   6.81
  1420.00    56.52  0.00   0.820  0.000   0.195 0.583    19.53   6.87
  1425.00    58.38  0.00   0.840  0.000   0.178 0.590    19.37   6.90
  1430.00    60.22  0.00   0.858  0.000   0.162 0.595    19.18   6.91
  1435.00    62.04  0.00   0.874  0.000   0.147 0.599    18.94   6.90
  1440.00    63.85  0.00   0.888  0.000   0.133 0.602    18.67   6.88
  1445.00    65.63  0.00   0.900  0.000   0.119 0.604    18.39   6.84
  1450.00    67.41  0.00   0.910  0.000   0.106 0.605    18.08   6.80
  1455.00    69.17  0.00   0.920  0.000   0.094 0.606    17.77   6.74
  1460.00    70.92  0.00   0.928  0.000   0.083 0.606    17.44   6.68
  1465.00    72.65  0.00   0.935  0.000   0.073 0.605    17.11   6.61
  1470.00    74.37  0.00   0.941  0.000   0.063 0.604    16.78   6.54
  1475.00    76.08  0.00   0.946  0.000   0.054 0.603    16.46   6.46
  1480.00    77.77  0.00   0.951  0.000   0.046 0.601    16.13   6.38
  1485.00    79.44  0.00   0.955  0.000   0.038 0.599    15.81   6.30
  1490.00    81.09  0.00   0.959  0.000   0.031 0.597    15.49   6.22
  1495.00    82.72  0.00   0.962  0.000   0.025 0.595    15.17   6.14
  1500.00    84.32  0.00   0.965  0.000   0.019 0.592    14.87   6.05
  1505.00    85.91  0.00   0.967  0.000   0.013 0.590    14.57   5.97
  1510.00    87.46  0.00   0.969  0.000   0.008 0.587    14.27   5.89
  1515.00    88.99  0.00   0.971  0.000   0.003 0.585    13.99   5.81
  1520.00    90.48  0.00   0.973  0.000  -0.001 0.582    13.71   5.72
  1525.00    91.95  0.00   0.974  0.000  -0.005 0.580    13.43   5.64
  1530.00    93.38  0.00   0.976  0.000  -0.009 0.577    13.17   5.57
  1535.00    94.79  0.00   0.977  0.000  -0.013 0.575    12.91   5.49
  1540.00    96.16  0.00   0.978  0.000  -0.016 0.572    12.66   5.41
  1545.00    97.50  0.00   0.979  0.000  -0.019 0.569    12.41   5.34
  1550.00    98.81  0.00   0.980  0.000  -0.021 0.567    12.17   5.26
  1555.00   100.10  0.00   0.981  0.000  -0.024 0.564    11.94   5.19
  1560.00   101.35  0.00   0.982  0.000  -0.026 0.562    11.72   5.12
  1565.00   102.58  0.00   0.983  0.000  -0.028 0.559    11.50   5.05
  1570.00   103.78  0.00   0.984  0.000  -0.030 0.557    11.28   4.98
  1575.00   104.96  0.00   0.984  0.000  -0.031 0.554    11.07   4.92
  1580.00   106.12  0.00   0.985  0.000  -0.033 0.552    10.87   4.85
  1585.00   107.26  0.00   0.986  0.000  -0.034 0.550    10.67   4.79
  1590.00   108.37  0.00   0.986  0.000  -0.035 0.547    10.48   4.72
  1595.00   109.48  0.00   0.987  0.000  -0.036 0.545    10.30   4.66
  1600.00   110.56  0.00   0.987  0.000  -0.037 0.542    10.11   4.60
  1605.00   111.64  0.00   0.988  0.000  -0.038 0.540     9.94   4.54
  1610.00   112.70  0.00   0.988  0.000  -0.038 0.538     9.76   4.48
  1615.00   113.75  0.00   0.989  0.000  -0.039 0.536     9.59   4.43
  1620.00   114.80  0.00   0.989  0.000  -0.039 0.534     9.43   4.37
  1625.00   115.84  0.00   0.990  0.000  -0.040 0.531     9.27   4.32
  1630.00   116.88  0.00   0.990  0.000  -0.040 0.529     9.12   4.26
  1635.00   117.92  0.00   0.991  0.000  -0.040 0.527     8.96   4.21
  1640.00   118.95  0.00   0.991  0.000  -0.040 0.525     8.82   4.16
  1645.00   119.99  0.00   0.992  0.000  -0.040 0.523     8.67   4.11
  1650.00   121.04  0.00   0.992  0.000  -0.040 0.521     8.53   4.06
  1655.00   122.08  0.00   0.992  0.000  -0.039 0.519     8.39   4.01
  1660.00   123.14  0.00   0.993  0.000  -0.039 0.517     8.26   3.97
  1665.00   124.20  0.00   0.993  0.000  -0.038 0.515     8.13   3.92
  1670.00   125.28  0.00   0.994  0.000  -0.038 0.513     8.01   3.87
  1675.00   126.37  0.00   0.994  0.000  -0.037 0.512     7.88   3.83
  1680.00   127.47  0.00   0.994  0.000  -0.037 0.510     7.76   3.78
  1685.00   128.59  0.00   0.995  0.000  -0.036 0.508     7.65   3.74
  1690.00   129.73  0.00   0.995  0.000  -0.035 0.506     7.53   3.70
  1695.00   130.89  0.00   0.995  0.000  -0.034 0.505     7.42   3.66
  1700.00   132.07  0.00   0.996  0.000  -0.033 0.503     7.31   3.62
  1705.00   133.28  0.00   0.996  0.000  -0.032 0.502     7.21   3.58
  1710.00   134.52  0.00   0.996  0.000  -0.031 0.501     7.11   3.54
  1715.00   135.79  0.00   0.996  0.000  -0.030 0.499     7.01   3.50
  1720.00   137.10  0.00   0.997  0.000  -0.028 0.498     6.91   3.46
  1725.00   138.45  0.00   0.997  0.000  -0.027 0.497     6.82   3.42
  1730.00   139.84  0.00   0.997  0.000  -0.026 0.496     6.73   3.39
  1735.00   -38.71  0.00   0.997  0.000  -0.025 0.495     6.64   3.35
  1740.00   -37.21  0.00   0.998  0.000  -0.023 0.494     6.56   3.31
  1745.00   -35.65  0.00   0.998  0.000  -0.022 0.493     6.48   3.28
  1750.00   -34.01  0.00   0.998  0.000  -0.020 0.492     6.40   3.25
  1755.00   -32.29  0.00   0.998  0.000  -0.019 0.491     6.32   3.21
  1760.00   -30.48  0.00   0.998  0.000  -0.017 0.490     6.24   3.18
  1765.00   -28.57  0.00   0.999  0.000  -0.016 0.490     6.17   3.14
  1770.00   -26.55  0.00   0.999  0.000  -0.014 0.489     6.10   3.11
  1775.00   -24.40  0.00   0.999  0.000  -0.013 0.489     6.03   3.08
  1780.00   -22.12  0.00   0.999  0.000  -0.011 0.488     5.96   3.05
  1785.00   -19.69  0.00   0.999  0.000  -0.010 0.488     5.90   3.02
  1790.00   -17.12  0.00   0.999  0.000  -0.008 0.488     5.83   2.99
  1795.00   -14.38  0.00   0.999  0.000  -0.007 0.487     5.77   2.96
  1800.00   -11.50  0.00   0.999  0.000  -0.005 0.487     5.71   2.93
  1805.00    -8.47  0.00   0.999  0.000  -0.004 0.487     5.66   2.90
  1810.00    -5.32  0.00   0.999  0.000  -0.002 0.487     5.60   2.87
  1815.00    -2.07  0.00   0.999  0.000  -0.001 0.487     5.55   2.84
  1820.00     1.23  0.00   0.999  0.000   0.001 0.487     5.49   2.82
  1825.00     4.55  0.00   0.999  0.000   0.002 0.488     5.44   2.79
  1830.00     7.83  0.00   0.999  0.000   0.003 0.488     5.39   2.76
  1835.00    11.03  0.00   0.999  0.000   0.005 0.488     5.34   2.74
  1840.00    14.13  0.00   0.999  0.000   0.006 0.488     5.30   2.71
  1845.00    17.09  0.00   0.999  0.000   0.008 0.489     5.25   2.68
  1850.00    19.89  0.00   0.999  0.000   0.009 0.489     5.21   2.66
  1855.00    22.54  0.00   0.999  0.000   0.010 0.490     5.16   2.63
  1860.00    25.01  0.00   0.999  0.000   0.012 0.490     5.12   2.61
  1865.00    27.33  0.00   0.999  0.000   0.013 0.491     5.08   2.58
  1870.00    29.50  0.00   0.999  0.000   0.014 0.492     5.04   2.56
  1875.00    31.53  0.00   0.999  0.000   0.015 0.492     5.00   2.54
  1880.00    33.43  0.00   0.999  0.000   0.016 0.493     4.96   2.51
  1885.00    35.21  0.00   0.999  0.000   0.018 0.494     4.92   2.49
  1890.00    36.89  0.00   0.998  0.000   0.019 0.495     4.89   2.47
  1895.00    38.46  0.00   0.998  0.000   0.020 0.495     4.85   2.45
  1900.00    39.95  0.00   0.998  0.000   0.021 0.496     4.82   2.42
  1905.00    41.37  0.00   0.998  0.000   0.022 0.497     4.79   2.40
  1910.00    42.71  0.00   0.998  0.000   0.023 0.498     4.75   2.38
  1915.00    43.98  0.00   0.998  0.000   0.024 0.499     4.72   2.36
  1920.00    45.20  0.00   0.998  0.000   0.025 0.500     4.69   2.34
  1925.00    46.37  0.00   0.997  0.000   0.025 0.501     4.66   2.32
  1930.00    47.49  0.00   0.997  0.000   0.026 0.502     4.63   2.30
  1935.00    48.57  0.00   0.997  0.000   0.027 0.503     4.60   2.28
  1940.00    49.60  0.00   0.997  0.000   0.028 0.504     4.57   2.26
  1945.00    50.60  0.00   0.997  0.000   0.028 0.506     4.54   2.24
  1950.00    51.57  0.00   0.996  0.000   0.029 0.507     4.51   2.22
  1955.00    52.51  0.00   0.996  0.000   0.030 0.508     4.49   2.20
  1960.00    53.41  0.00   0.996  0.000   0.030 0.509     4.46   2.18
  1965.00    54.30  0.00   0.996  0.000   0.031 0.510     4.43   2.16
  1970.00    55.15  0.00   0.996  0.000   0.031 0.512     4.41   2.14
  1975.00    55.99  0.00   0.995  0.000   0.032 0.513     4.38   2.13
  1980.00    56.81  0.00   0.995  0.000   0.032 0.514     4.35   2.11
  1985.00    57.60  0.00   0.995  0.000   0.032 0.515     4.33   2.09
  1990.00    58.38  0.00   0.995  0.000   0.033 0.516     4.31   2.07
  1995.00    59.14  0.00   0.994  0.000   0.033 0.518     4.28   2.06
  2000.00    59.89  0.00   0.994  0.000   0.033 0.519     4.26   2.04
  2005.00    60.62  0.00   0.994  0.000   0.033 0.520     4.23   2.02
  2010.00    61.34  0.00   0.994  0.000   0.033 0.521     4.21   2.01
  2015.00    62.05  0.00   0.993  0.000   0.033 0.523     4.19   1.99
  2020.00    62.74  0.00   0.993  0.000   0.034 0.524     4.16   1.97
  2025.00    63.42  0.00   0.993  0.000   0.034 0.525     4.14   1.96
  2030.00    64.10  0.00   0.993  0.000   0.034 0.526     4.12   1.94
  2035.00    64.76  0.00   0.992  0.000   0.033 0.528     4.10   1.93
  2040.00    65.41  0.00   0.992  0.000   0.033 0.529     4.07   1.91
  2045.00    66.06  0.00   0.992  0.000   0.033 0.530     4.05   1.90
  2050.00    66.69  0.00   0.992  0.000   0.033 0.531     4.03   1.88
  2055.00    67.32  0.00   0.991  0.000   0.033 0.532     4.01   1.87
  2060.00    67.94  0.00   0.991  0.000   0.033 0.534     3.99   1.85
  2065.00    68.56  0.00   0.991  0.000   0.032 0.535     3.97   1.84
  2070.00    69.17  0.00   0.991  0.000   0.032 0.536     3.95   1.82
  2075.00    69.77  0.00   0.990  0.000   0.032 0.537     3.93   1.81
  2080.00    70.37  0.00   0.990  0.000   0.031 0.538     3.90   1.80
  2085.00    70.97  0.00   0.990  0.000   0.031 0.539     3.88   1.78
  2090.00    71.56  0.00   0.990  0.000   0.030 0.541     3.86   1.77
  2095.00    72.15  0.00   0.989  0.000   0.030 0.542     3.84   1.76
  2100.00    72.73  0.00   0.989  0.000   0.029 0.543     3.82   1.74
  2105.00    73.31  0.00   0.989  0.000   0.029 0.544     3.80   1.73
  2110.00    73.89  0.00   0.989  0.000   0.028 0.545     3.78   1.72
  2115.00    74.46  0.00   0.989  0.000   0.028 0.546     3.76   1.70
  2120.00    75.03  0.00   0.988  0.000   0.027 0.547     3.74   1.69
  2125.00    75.60  0.00   0.988  0.000   0.026 0.548     3.72   1.68
  2130.00    76.17  0.00   0.988  0.000   0.026 0.549     3.70   1.67
  2135.00    76.74  0.00   0.988  0.000   0.025 0.550     3.68   1.65
  2140.00    77.31  0.00   0.987  0.000   0.024 0.551     3.66   1.64
  2145.00    77.88  0.00   0.987  0.000   0.023 0.552     3.64   1.63
  2150.00    78.44  0.00   0.987  0.000   0.022 0.553     3.63   1.62
  2155.00    79.01  0.00   0.987  0.000   0.022 0.553     3.61   1.61
  2160.00    79.57  0.00   0.986  0.000   0.021 0.554     3.59   1.60
  2165.00    80.14  0.00   0.986  0.000   0.020 0.555     3.57   1.58
  2170.00    80.71  0.00   0.986  0.000   0.019 0.556     3.55   1.57
  2175.00    81.28  0.00   0.986  0.000   0.018 0.557     3.53   1.56
  2180.00    81.84  0.00   0.986  0.000   0.017 0.558     3.51   1.55
  2185.00    82.41  0.00   0.985  0.000   0.016 0.558     3.49   1.54
  2190.00    82.99  0.00   0.985  0.000   0.015 0.559     3.47   1.53
  2195.00    83.56  0.00   0.985  0.000   0.014 0.560     3.45   1.52
  2200.00    84.13  0.00   0.985  0.000   0.013 0.561     3.44   1.51
  2205.00    84.71  0.00   0.984  0.000   0.011 0.561     3.42   1.50
  2210.00    85.28  0.00   0.984  0.000   0.010 0.562     3.40   1.49
  2215.00    85.86  0.00   0.984  0.000   0.009 0.563     3.38   1.48
  2220.00    86.44  0.00   0.984  0.000   0.008 0.563     3.36   1.47
  2225.00    87.02  0.00   0.983  0.000   0.007 0.564     3.34   1.46
  2230.00    87.60  0.00   0.983  0.000   0.005 0.565     3.33   1.45
  2235.00    88.19  0.00   0.983  0.000   0.004 0.565     3.31   1.44
  2240.00    88.77  0.00   0.983  0.000   0.003 0.566     3.29   1.43
  2245.00    89.36  0.00   0.982  0.000   0.001 0.566     3.27   1.42
  2250.00    89.94  0.00   0.982  0.000   0.000 0.567     3.25   1.41
  2255.00    90.54  0.00   0.982  0.000  -0.001 0.568     3.24   1.40
  2260.00    91.12  0.00   0.981  0.000  -0.003 0.568     3.22   1.39
  2265.00    91.71  0.00   0.981  0.000  -0.004 0.569     3.20   1.38
  2270.00    92.30  0.00   0.981  0.000  -0.006 0.569     3.19   1.37
  2275.00    92.89  0.00   0.980  0.000  -0.007 0.570     3.17   1.36
  2280.00    93.48  0.00   0.980  0.000  -0.009 0.570     3.15   1.35
  2285.00    94.07  0.00   0.980  0.000  -0.010 0.571     3.13   1.35
  2290.00    94.65  0.00   0.979  0.000  -0.012 0.571     3.12   1.34
  2295.00    95.24  0.00   0.979  0.000  -0.013 0.572     3.10   1.33
  2300.00    95.82  0.00   0.978  0.000  -0.015 0.572     3.08   1.32
  2305.00    96.40  0.00   0.978  0.000  -0.016 0.573     3.07   1.31
  2310.00    96.98  0.00   0.977  0.000  -0.018 0.573     3.05   1.30
  2315.00    97.55  0.00   0.977  0.000  -0.020 0.573     3.03   1.29
  2320.00    98.12  0.00   0.976  0.000  -0.022 0.574     3.02   1.28
  2325.00    98.69  0.00   0.976  0.000  -0.023 0.574     3.00   1.28
  2330.00    99.25  0.00   0.975  0.000  -0.025 0.575     2.99   1.27
  2335.00    99.80  0.00   0.975  0.000  -0.027 0.575     2.97   1.26
  2340.00   100.35  0.00   0.974  0.000  -0.029 0.576     2.96   1.25
  2345.00   100.89  0.00   0.973  0.000  -0.030 0.576     2.94   1.24
  2350.00   101.43  0.00   0.972  0.000  -0.032 0.576     2.92   1.23
  2355.00   101.96  0.00   0.972  0.000  -0.034 0.577     2.91   1.23
  2360.00   102.48  0.00   0.971  0.000  -0.036 0.577     2.89   1.22
  2365.00   103.00  0.00   0.970  0.000  -0.038 0.578     2.88   1.21
  2370.00   103.50  0.00   0.969  0.000  -0.040 0.578     2.87   1.20
  2375.00   104.00  0.00   0.968  0.000  -0.042 0.579     2.85   1.19
  2380.00   104.48  0.00   0.967  0.000  -0.044 0.579     2.84   1.18
  2385.00   104.96  0.00   0.966  0.000  -0.046 0.580     2.82   1.18
  2390.00   105.43  0.00   0.965  0.000  -0.048 0.580     2.81   1.17
  2395.00   105.89  0.00   0.964  0.000  -0.050 0.581     2.79   1.16
  2400.00   106.34  0.00   0.963  0.000  -0.052 0.581     2.78   1.15
