  1080.00    -0.01  0.00   0.000  0.000   0.000 0.000     0.00   0.00
  1085.00    -0.04  0.00   0.000  0.000  -0.001 0.000     0.00   0.00
  1090.00    -0.08  0.00   0.000  0.000  -0.001 0.000     0.01   0.00
  1095.00    -0.13  0.00   0.000  0.000  -0.002 0.000     0.01   0.00
  1100.00    -0.19  0.00   0.000  0.000  -0.003 0.000     0.02   0.00
  1105.00    -0.25  0.00   0.000  0.000  -0.004 0.000     0.03   0.00
  1110.00    -0.32  0.00   0.000  0.000  -0.006 0.000     0.04   0.00
  1115.00    -0.39  0.00   0.000  0.000  -0.007 0.000     0.05   0.00
  1120.00    -0.46  0.00   0.000  0.000  -0.008 0.000     0.06   0.00
  1125.00    -0.54  0.00   0.000  0.000  -0.009 0.000     0.07   0.00
  1130.00    -0.62  0.00   0.000  0.000  -0.011 0.000     0.08   0.00
  1135.00    -0.70  0.00   0.000  0.000  -0.012 0.000     0.09   0.00
  1140.00    -0.79  0.00   0.000  0.000  -0.014 0.000     0.10   0.00
  1145.00    -0.87  0.00   0.000  0.000  -0.015 0.000     0.12   0.00
  1150.00    -0.96  0.00   0.000  0.000  -0.017 0.000     0.13   0.00
  1155.00    -1.04  0.00   0.000  0.000  -0.018 0.000     0.14   0.00
  1160.00    -1.13  0.00   0.000  0.000  -0.020 0.000     0.16   0.00
  1165.00    -1.22  0.00   0.000  0.000  -0.021 0.000     0.17   0.00
  1170.00    -1.31  0.00   0.000  0.000  -0.023 0.001     0.18   0.00
  1175.00    -1.40  0.00   0.000  0.000  -0.024 0.001     0.20   0.00
  1180.00    -1.49  0.00   0.000  0.000  -0.026 0.001     0.21   0.00
  1185.00    -1.58  0.00   0.000  0.000  -0.028 0.001     0.23   0.00
  1190.00    -1.67  0.00   0.000  0.000  -0.029 0.001     0.24   0.00
  1195.00    -1.76  0.00   0.000  0.000  -0.031 0.001     0.25   0.00
  1200.00    -1.85  0.00   0.000  0.000  -0.032 0.001     0.26   0.00
  1205.00    -1.94  0.00   0.000  0.000  -0.034 0.001     0.28   0.00
  1210.00    -2.03  0.00   0.000  0.000  -0.035 0.001     0.29   0.00
  1215.00    -2.12  0.00   0.000  0.000  -0.037 0.001     0.30   0.00
  1220.00    -2.21  0.00   0.000  0.000  -0.039 0.001     0.31   0.00
  1225.00    -2.30  0.00   0.000  0.000  -0.040 0.002     0.32   0.00
  1230.00    -2.39  0.00   0.000  0.000  -0.042 0.002     0.34   0.00
  1235.00    -2.48  0.00   0.000  0.000  -0.043 0.002     0.35   0.00
  1240.00    -2.57  0.00   0.000  0.000  -0.045 0.002     0.36   0.00
  1245.00    -2.65  0.00   0.000  0.000  -0.046 0.002     0.37   0.00
  1250.00    -2.74  0.00   0.000  0.000  -0.048 0.002     0.38   0.01
  1255.00    -2.83  0.00   0.000  0.000  -0.049 0.002     0.39   0.01
  1260.00    -2.91  0.00   0.000  0.000  -0.051 0.003     0.40   0.01
  1265.00    -2.99  0.00   0.000  0.000  -0.052 0.003     0.42   0.01
  1270.00    -3.08  0.00   0.000  0.000  -0.054 0.003     0.43   0.01
  1275.00    -3.16  0.00   0.000  0.000  -0.055 0.003     0.44   0.01
  1280.00    -3.24  0.00   0.000  0.000  -0.056 0.003     0.45   0.02
  1285.00    -3.32  0.00   0.001  0.000  -0.058 0.003     0.45   0.02
  1290.00    -3.40  0.00   0.001  0.000  -0.059 0.004     0.46   0.02
  1295.00    -3.48  0.00   0.001  0.000  -0.060 0.004     0.47   0.02
  1300.00    -3.55  0.00   0.001  0.000  -0.062 0.004     0.48   0.02
  1305.00    -3.63  0.00   0.001  0.000  -0.063 0.004     0.49   0.03
  1310.00    -3.70  0.00   0.001  0.000  -0.064 0.004     0.50   0.03
  1315.00    -3.77  0.00   0.001  0.000  -0.066 0.005     0.51   0.03
  1320.00    -3.84  0.00   0.001  0.000  -0.067 0.005     0.51   0.04
  1325.00    -3.91  0.00   0.002  0.000  -0.068 0.005     0.52   0.04
  1330.00    -3.98  0.00   0.002  0.000  -0.069 0.005     0.53   0.04
  1335.00    -4.04  0.00   0.002  0.000  -0.070 0.005     0.53   0.05
  1340.00    -4.10  0.00   0.002  0.000  -0.071 0.006     0.54   0.05
  1345.00    -4.16  0.00   0.002  0.000  -0.072 0.006     0.55   0.05
  1350.00    -4.22  0.00   0.003  0.000  -0.073 0.006     0.55   0.06
  1355.00    -4.28  0.00   0.003  0.000  -0.074 0.006     0.56   0.06
  1360.00    -4.34  0.00   0.003  0.000  -0.075 0.006     0.56   0.07
  1365.00    -4.39  0.00   0.003  0.000  -0.076 0.007     0.57   0.07
  1370.00    -4.44  0.00   0.004  0.000  -0.077 0.007     0.57   0.08
  1375.00    -4.49  0.00   0.004  0.000  -0.078 0.007     0.58   0.08
  1380.00    -4.53  0.00   0.005  0.000  -0.079 0.007     0.58   0.09
  1385.00    -4.58  0.00   0.005  0.000  -0.079 0.008     0.59   0.10
  1390.00    -4.62  0.00   0.006  0.000  -0.080 0.008     0.59   0.10
  1395.00    -4.65  0.00   0.006  0.000  -0.081 0.008     0.60   0.11
  1400.00    -4.69  0.00   0.007  0.000  -0.081 0.008     0.60   0.12
  1405.00    -4.72  0.00   0.007  0.000  -0.082 0.009     0.61   0.13
  1410.00    -4.75  0.00   0.008  0.000  -0.082 0.009     0.62   0.14
  1415.00    -4.77  0.00   0.009  0.000  -0.083 0.009     0.62   0.15
  1420.00    -4.79  0.00   0.010  0.000  -0.083 0.009     0.63   0.16
  1425.00    -4.81  0.00   0.010  0.000  -0.083 0.010     0.63   0.17
  1430.00    -4.83  0.00   0.011  0.000  -0.083 0.010     0.64   0.19
  1435.00    -4.84  0.00   0.013  0.000  -0.084 0.010     0.65   0.20
  1440.00    -4.85  0.00   0.014  0.000  -0.084 0.011     0.65   0.21
  1445.00    -4.85  0.00   0.015  0.000  -0.084 0.011     0.66   0.23
  1450.00    -4.85  0.00   0.017  0.000  -0.084 0.011     0.67   0.25
  1455.00    -4.84  0.00   0.018  0.000  -0.083 0.012     0.68   0.27
  1460.00    -4.83  0.00   0.020  0.000  -0.083 0.012     0.69   0.29
  1465.00    -4.82  0.00   0.022  0.000  -0.083 0.012     0.70   0.31
  1470.00    -4.80  0.00   0.024  0.000  -0.082 0.013     0.72   0.33
  1475.00    -4.78  0.00   0.026  0.000  -0.082 0.013     0.73   0.35
  1480.00    -4.75  0.00   0.028  0.000  -0.081 0.014     0.75   0.38
  1485.00    -4.72  0.00   0.031  0.000  -0.081 0.014     0.76   0.41
  1490.00    -4.68  0.00   0.034  0.000  -0.080 0.015     0.78   0.44
  1495.00    -4.64  0.00   0.037  0.000  -0.079 0.016     0.81   0.47
  1500.00    -4.59  0.00   0.041  0.000  -0.078 0.017     0.83   0.51
  1505.00    -4.54  0.00   0.044  0.000  -0.077 0.017     0.85   0.55
  1510.00    -4.48  0.00   0.048  0.000  -0.076 0.018     0.88   0.59
  1515.00    -4.42  0.00   0.053  0.000  -0.075 0.019     0.91   0.63
  1520.00    -4.35  0.00   0.057  0.000  -0.073 0.020     0.95   0.67
  1525.00    -4.28  0.00   0.062  0.000  -0.072 0.021     0.99   0.72
  1530.00    -4.20  0.00   0.068  0.000  -0.071 0.022     1.03   0.78
  1535.00    -4.12  0.00   0.074  0.000  -0.069 0.024     1.07   0.83
  1540.00    -4.03  0.00   0.080  0.000  -0.067 0.025     1.12   0.89
  1545.00    -3.94  0.00   0.087  0.000  -0.065 0.027     1.17   0.95
  1550.00    -3.84  0.00   0.095  0.000  -0.064 0.029     1.23   1.02
  1555.00    -3.74  0.00   0.103  0.000  -0.062 0.030     1.29   1.09
  1560.00    -3.64  0.00   0.111  0.000  -0.060 0.032     1.35   1.16
  1565.00    -3.53  0.00   0.121  0.000  -0.058 0.035     1.43   1.24
  1570.00    -3.42  0.00   0.130  0.000  -0.056 0.037     1.50   1.32
  1575.00    -3.31  0.00   0.141  0.000  -0.053 0.040     1.58   1.41
  1580.00    -3.19  0.00   0.152  0.000  -0.051 0.042     1.67   1.49
  1585.00    -3.08  0.00   0.163  0.000  -0.049 0.045     1.76   1.59
  1590.00    -2.97  0.00   0.176  0.000  -0.047 0.048     1.86   1.68
  1595.00    -2.86  0.00   0.189  0.000  -0.045 0.052     1.96   1.78
  1600.00    -2.75  0.00   0.202  0.000  -0.043 0.055     2.07   1.88
  1605.00    -2.64  0.00   0.216  0.000  -0.041 0.059     2.18   1.99
  1610.00    -2.54  0.00   0.231  0.000  -0.039 0.063     2.30   2.10
  1615.00    -2.45  0.00   0.246  0.000  -0.037 0.068     2.42   2.21
  1620.00    -2.37  0.00   0.262  0.000  -0.035 0.072     2.54   2.32
  1625.00    -2.30  0.00   0.278  0.000  -0.034 0.077     2.67   2.43
  1630.00    -2.24  0.00   0.295  0.000  -0.033 0.081     2.80   2.54
  1635.00    -2.19  0.00   0.311  0.000  -0.032 0.086     2.93   2.65
  1640.00    -2.15  0.00   0.328  0.000  -0.031 0.091     3.07   2.76
  1645.00    -2.14  0.00   0.345  0.000  -0.030 0.097     3.20   2.86
  1650.00    -2.14  0.00   0.362  0.000  -0.030 0.102     3.33   2.97
  1655.00    -2.16  0.00   0.379  0.000  -0.030 0.107     3.47   3.07
  1660.00    -2.20  0.00   0.396  0.000  -0.030 0.112     3.59   3.16
  1665.00    -2.26  0.00   0.412  0.000  -0.030 0.118     3.72   3.25
  1670.00    -2.34  0.00   0.428  0.000  -0.031 0.123     3.84   3.34
  1675.00    -2.45  0.00   0.444  0.000  -0.032 0.128     3.96   3.42
  1680.00    -2.58  0.00   0.459  0.000  -0.033 0.134     4.07   3.49
  1685.00    -2.73  0.00   0.473  0.000  -0.034 0.139     4.18   3.56
  1690.00    -2.90  0.00   0.487  0.000  -0.036 0.144     4.28   3.62
  1695.00    -3.09  0.00   0.500  0.000  -0.038 0.149     4.37   3.68
  1700.00    -3.29  0.00   0.513  0.000  -0.040 0.153     4.46   3.73
  1705.00    -3.52  0.00   0.525  0.000  -0.042 0.158     4.53   3.77
  1710.00    -3.76  0.00   0.535  0.000  -0.045 0.162     4.61   3.80
  1715.00    -4.02  0.00   0.546  0.000  -0.047 0.166     4.67   3.83
  1720.00    -4.29  0.00   0.555  0.000  -0.050 0.170     4.73   3.85
  1725.00    -4.57  0.00   0.564  0.000  -0.052 0.174     4.78   3.87
  1730.00    -4.85  0.00   0.571  0.000  -0.055 0.177     4.82   3.88
  1735.00    -5.14  0.00   0.579  0.000  -0.058 0.181     4.85   3.89
  1740.00    -5.44  0.00   0.585  0.000  -0.061 0.184     4.88   3.89
  1745.00    -5.74  0.00   0.591  0.000  -0.064 0.187     4.91   3.88
  1750.00    -6.03  0.00   0.596  0.000  -0.066 0.189     4.92   3.88
  1755.00    -6.33  0.00   0.601  0.000  -0.069 0.192     4.94   3.87
  1760.00    -6.62  0.00   0.605  0.000  -0.072 0.194     4.94   3.85
  1765.00    -6.91  0.00   0.609  0.000  -0.075 0.196     4.95   3.84
  1770.00    -7.19  0.00   0.612  0.000  -0.077 0.198     4.95   3.82
  1775.00    -7.47  0.00   0.615  0.000  -0.080 0.200     4.94   3.79
  1780.00    -7.74  0.00   0.618  0.000  -0.083 0.202     4.93   3.77
  1785.00    -8.00  0.00   0.620  0.000  -0.085 0.204     4.92   3.75
  1790.00    -8.25  0.00   0.622  0.000  -0.087 0.205     4.91   3.72
  1795.00    -8.50  0.00   0.623  0.000  -0.090 0.207     4.89   3.69
  1800.00    -8.74  0.00   0.625  0.000  -0.092 0.208     4.88   3.66
  1805.00    -8.96  0.00   0.626  0.000  -0.094 0.209     4.86   3.63
  1810.00    -9.18  0.00   0.627  0.000  -0.096 0.210     4.83   3.61
  1815.00    -9.39  0.00   0.628  0.000  -0.098 0.211     4.81   3.58
  1820.00    -9.59  0.00   0.629  0.000  -0.100 0.212     4.79   3.54
  1825.00    -9.79  0.00   0.630  0.000  -0.102 0.213     4.76   3.51
  1830.00    -9.97  0.00   0.630  0.000  -0.104 0.214     4.74   3.48
  1835.00   -10.15  0.00   0.631  0.000  -0.105 0.215     4.71   3.45
  1840.00   -10.32  0.00   0.631  0.000  -0.107 0.216     4.68   3.42
  1845.00   -10.48  0.00   0.632  0.000  -0.109 0.217     4.66   3.39
  1850.00   -10.64  0.00   0.632  0.000  -0.110 0.217     4.63   3.36
  1855.00   -10.78  0.00   0.633  0.000  -0.111 0.218     4.60   3.33
  1860.00   -10.93  0.00   0.633  0.000  -0.113 0.219     4.57   3.31
  1865.00   -11.06  0.00   0.634  0.000  -0.114 0.220     4.54   3.28
  1870.00   -11.19  0.00   0.634  0.000  -0.115 0.220     4.52   3.25
  1875.00   -11.32  0.00   0.634  0.000  -0.116 0.221     4.49   3.22
  1880.00   -11.44  0.00   0.635  0.000  -0.118 0.222     4.46   3.19
  1885.00   -11.56  0.00   0.635  0.000  -0.119 0.222     4.43   3.17
  1890.00   -11.67  0.00   0.635  0.000  -0.120 0.223     4.40   3.14
  1895.00   -11.78  0.00   0.636  0.000  -0.121 0.223     4.38   3.11
  1900.00   -11.88  0.00   0.636  0.000  -0.121 0.224     4.35   3.09
  1905.00   -11.98  0.00   0.637  0.000  -0.122 0.225     4.32   3.06
  1910.00   -12.08  0.00   0.637  0.000  -0.123 0.225     4.30   3.04
  1915.00   -12.17  0.00   0.638  0.000  -0.124 0.226     4.27   3.02
  1920.00   -12.26  0.00   0.638  0.000  -0.125 0.226     4.25   2.99
  1925.00   -12.35  0.00   0.639  0.000  -0.126 0.227     4.22   2.97
  1930.00   -12.44  0.00   0.640  0.000  -0.126 0.228     4.20   2.95
  1935.00   -12.52  0.00   0.640  0.000  -0.127 0.228     4.17   2.92
  1940.00   -12.60  0.00   0.641  0.000  -0.128 0.229     4.15   2.90
  1945.00   -12.68  0.00   0.642  0.000  -0.128 0.229     4.12   2.88
  1950.00   -12.76  0.00   0.642  0.000  -0.129 0.230     4.10   2.86
  1955.00   -12.84  0.00   0.643  0.000  -0.129 0.231     4.07   2.84
  1960.00   -12.91  0.00   0.644  0.000  -0.130 0.231     4.05   2.82
  1965.00   -12.99  0.00   0.644  0.000  -0.131 0.232     4.03   2.80
  1970.00   -13.06  0.00   0.645  0.000  -0.131 0.233     4.01   2.78
  1975.00   -13.13  0.00   0.646  0.000  -0.132 0.233     3.98   2.76
  1980.00   -13.20  0.00   0.647  0.000  -0.132 0.234     3.96   2.74
  1985.00   -13.28  0.00   0.648  0.000  -0.133 0.234     3.94   2.72
  1990.00   -13.35  0.00   0.648  0.000  -0.133 0.235     3.92   2.70
  1995.00   -13.42  0.00   0.649  0.000  -0.134 0.236     3.90   2.68
  2000.00   -13.48  0.00   0.650  0.000  -0.134 0.236     3.88   2.67
  2005.00   -13.55  0.00   0.651  0.000  -0.135 0.237     3.86   2.65
  2010.00   -13.62  0.00   0.652  0.000  -0.135 0.238     3.84   2.63
  2015.00   -13.69  0.00   0.653  0.000  -0.135 0.238     3.82   2.61
  2020.00   -13.76  0.00   0.654  0.000  -0.136 0.239     3.80   2.60
  2025.00   -13.83  0.00   0.655  0.000  -0.136 0.240     3.78   2.58
  2030.00   -13.90  0.00   0.656  0.000  -0.137 0.240     3.76   2.56
  2035.00   -13.97  0.00   0.656  0.000  -0.137 0.241     3.74   2.55
  2040.00   -14.03  0.00   0.657  0.000  -0.138 0.242     3.73   2.53
  2045.00   -14.10  0.00   0.658  0.000  -0.138 0.242     3.71   2.52
  2050.00   -14.17  0.00   0.659  0.000  -0.139 0.243     3.69   2.50
  2055.00   -14.24  0.00   0.660  0.000  -0.139 0.244     3.67   2.49
  2060.00   -14.31  0.00   0.661  0.000  -0.139 0.245     3.65   2.47
  2065.00   -14.39  0.00   0.662  0.000  -0.140 0.245     3.64   2.46
  2070.00   -14.46  0.00   0.663  0.000  -0.140 0.246     3.62   2.44
  2075.00   -14.53  0.00   0.664  0.000  -0.141 0.247     3.60   2.43
  2080.00   -14.60  0.00   0.665  0.000  -0.141 0.247     3.59   2.41
  2085.00   -14.68  0.00   0.666  0.000  -0.142 0.248     3.57   2.40
  2090.00   -14.75  0.00   0.667  0.000  -0.142 0.249     3.56   2.38
  2095.00   -14.83  0.00   0.667  0.000  -0.143 0.249     3.54   2.37
  2100.00   -14.90  0.00   0.668  0.000  -0.143 0.250     3.52   2.35
  2105.00   -14.98  0.00   0.669  0.000  -0.144 0.251     3.51   2.34
  2110.00   -15.06  0.00   0.670  0.000  -0.144 0.252     3.49   2.33
  2115.00   -15.14  0.00   0.671  0.000  -0.145 0.252     3.48   2.31
  2120.00   -15.22  0.00   0.672  0.000  -0.145 0.253     3.46   2.30
  2125.00   -15.30  0.00   0.673  0.000  -0.146 0.254     3.45   2.28
  2130.00   -15.38  0.00   0.673  0.000  -0.146 0.254     3.43   2.27
  2135.00   -15.47  0.00   0.674  0.000  -0.147 0.255     3.42   2.26
  2140.00   -15.55  0.00   0.675  0.000  -0.147 0.256     3.40   2.24
  2145.00   -15.64  0.00   0.676  0.000  -0.148 0.257     3.39   2.23
  2150.00   -15.72  0.00   0.676  0.000  -0.148 0.257     3.38   2.22
  2155.00   -15.81  0.00   0.677  0.000  -0.149 0.258     3.36   2.21
  2160.00   -15.90  0.00   0.678  0.000  -0.150 0.259     3.35   2.19
  2165.00   -15.99  0.00   0.679  0.000  -0.150 0.260     3.34   2.18
  2170.00   -16.09  0.00   0.679  0.000  -0.151 0.260     3.32   2.17
  2175.00   -16.18  0.00   0.680  0.000  -0.151 0.261     3.31   2.15
  2180.00   -16.27  0.00   0.681  0.000  -0.152 0.262     3.30   2.14
  2185.00   -16.37  0.00   0.681  0.000  -0.153 0.263     3.28   2.13
  2190.00   -16.47  0.00   0.682  0.000  -0.153 0.263     3.27   2.12
  2195.00   -16.57  0.00   0.682  0.000  -0.154 0.264     3.26   2.11
  2200.00   -16.67  0.00   0.683  0.000  -0.155 0.265     3.25   2.09
  2205.00   -16.77  0.00   0.684  0.000  -0.155 0.266     3.23   2.08
  2210.00   -16.87  0.00   0.684  0.000  -0.156 0.266     3.22   2.07
  2215.00   -16.97  0.00   0.685  0.000  -0.157 0.267     3.21   2.06
  2220.00   -17.08  0.00   0.685  0.000  -0.158 0.268     3.20   2.04
  2225.00   -17.19  0.00   0.686  0.000  -0.158 0.269     3.19   2.03
  2230.00   -17.30  0.00   0.686  0.000  -0.159 0.269     3.17   2.02
  2235.00   -17.41  0.00   0.687  0.000  -0.160 0.270     3.16   2.01
  2240.00   -17.52  0.00   0.687  0.000  -0.161 0.271     3.15   2.00
  2245.00   -17.63  0.00   0.687  0.000  -0.161 0.272     3.14   1.99
  2250.00   -17.75  0.00   0.688  0.000  -0.162 0.273     3.13   1.97
  2255.00   -17.86  0.00   0.688  0.000  -0.163 0.273     3.12   1.96
  2260.00   -17.98  0.00   0.688  0.000  -0.164 0.274     3.11   1.95
  2265.00   -18.10  0.00   0.689  0.000  -0.165 0.275     3.10   1.94
  2270.00   -18.22  0.00   0.689  0.000  -0.166 0.276     3.09   1.93
  2275.00   -18.35  0.00   0.689  0.000  -0.167 0.276     3.08   1.92
  2280.00   -18.47  0.00   0.689  0.000  -0.167 0.277     3.06   1.91
  2285.00   -18.60  0.00   0.690  0.000  -0.168 0.278     3.05   1.89
  2290.00   -18.72  0.00   0.690  0.000  -0.169 0.279     3.04   1.88
  2295.00   -18.85  0.00   0.690  0.000  -0.170 0.280     3.03   1.87
  2300.00   -18.98  0.00   0.690  0.000  -0.171 0.281     3.02   1.86
  2305.00   -19.11  0.00   0.690  0.000  -0.172 0.281     3.02   1.85
  2310.00   -19.25  0.00   0.690  0.000  -0.173 0.282     3.01   1.84
  2315.00   -19.38  0.00   0.690  0.000  -0.174 0.283     3.00   1.83
  2320.00   -19.52  0.00   0.690  0.000  -0.175 0.284     2.99   1.82
  2325.00   -19.66  0.00   0.690  0.000  -0.176 0.285     2.98   1.81
  2330.00   -19.80  0.00   0.690  0.000  -0.177 0.286     2.97   1.79
  2335.00   -19.94  0.00   0.690  0.000  -0.178 0.287     2.96   1.78
  2340.00   -20.08  0.00   0.690  0.000  -0.179 0.287     2.95   1.77
  2345.00   -20.23  0.00   0.690  0.000  -0.181 0.288     2.94   1.76
  2350.00   -20.38  0.00   0.690  0.000  -0.182 0.289     2.93   1.75
  2355.00   -20.52  0.00   0.690  0.000  -0.183 0.290     2.93   1.74
  2360.00   -20.67  0.00   0.690  0.000  -0.184 0.291     2.92   1.73
  2365.00   -20.82  0.00   0.690  0.000  -0.185 0.292     2.91   1.72
  2370.00   -20.98  0.00   0.690  0.000  -0.186 0.293     2.90   1.71
  2375.00   -21.13  0.00   0.689  0.000  -0.187 0.294     2.89   1.70
  2380.00   -21.29  0.00   0.689  0.000  -0.189 0.295     2.89   1.69
  2385.00   -21.44  0.00   0.689  0.000  -0.190 0.296     2.88   1.68
  2390.00   -21.60  0.00   0.688  0.000  -0.191 0.297     2.87   1.67
  2395.00   -21.76  0.00   0.688  0.000  -0.192 0.298     2.86   1.66
  2400.00   -21.93  0.00   0.688  0.000  -0.194 0.299     2.86   1.65
