  1080.00    -0.01  0.00   0.000  0.000   0.000 0.000     0.00   0.00
  1085.00    -0.06  0.00   0.000  0.000  -0.001 0.000     0.00   0.00
  1090.00    -0.13  0.00   0.000  0.000  -0.002 0.000     0.01   0.00
  1095.00    -0.22  0.00   0.000  0.000  -0.004 0.000     0.02   0.00
  1100.00    -0.32  0.00   0.000  0.000  -0.006 0.000     0.03   0.00
  1105.00    -0.42  0.00   0.000  0.000  -0.007 0.000     0.04   0.00
  1110.00    -0.54  0.00   0.000  0.000  -0.009 0.000     0.05   0.00
  1115.00    -0.66  0.00   0.000  0.000  -0.012 0.000     0.07   0.00
  1120.00    -0.80  0.00   0.000  0.000  -0.014 0.000     0.08   0.00
  1125.00    -0.93  0.00   0.000  0.000  -0.016 0.000     0.10   0.00
  1130.00    -1.08  0.00   0.000  0.000  -0.019 0.000     0.12   0.00
  1135.00    -1.23  0.00   0.000  0.000  -0.021 0.000     0.14   0.00
  1140.00    -1.38  0.00   0.000  0.000  -0.024 0.001     0.16   0.00
  1145.00    -1.54  0.00   0.000  0.000  -0.027 0.001     0.18   0.00
  1150.00    -1.71  0.00   0.000  0.000  -0.030 0.001     0.21   0.00
  1155.00    -1.87  0.00   0.000  0.000  -0.033 0.001     0.23   0.00
  1160.00    -2.05  0.00   0.000  0.000  -0.036 0.001     0.26   0.00
  1165.00    -2.22  0.00   0.000  0.000  -0.039 0.002     0.28   0.00
  1170.00    -2.41  0.00   0.000  0.000  -0.042 0.002     0.31   0.00
  1175.00    -2.59  0.00   0.000  0.000  -0.045 0.002     0.34   0.00
  1180.00    -2.78  0.00   0.000  0.000  -0.048 0.002     0.37   0.00
  1185.00    -2.97  0.00   0.000  0.000  -0.052 0.003     0.40   0.00
  1190.00    -3.16  0.00   0.000  0.000  -0.055 0.003     0.43   0.00
  1195.00    -3.36  0.00   0.000  0.000  -0.058 0.003     0.46   0.00
  1200.00    -3.56  0.00   0.000  0.000  -0.062 0.004     0.49   0.00
  1205.00    -3.76  0.00   0.000  0.000  -0.065 0.004     0.52   0.00
  1210.00    -3.96  0.00   0.000  0.000  -0.069 0.005     0.55   0.00
  1215.00    -4.17  0.00   0.000  0.000  -0.073 0.005     0.58   0.00
  1220.00    -4.38  0.00   0.000  0.000  -0.076 0.006     0.61   0.00
  1225.00    -4.59  0.00   0.000  0.000  -0.080 0.006     0.65   0.01
  1230.00    -4.80  0.00   0.000  0.000  -0.083 0.007     0.69   0.01
  1235.00    -5.01  0.00   0.001  0.000  -0.087 0.008     0.72   0.02
  1240.00    -5.23  0.00   0.001  0.000  -0.091 0.009     0.76   0.02
  1245.00    -5.45  0.00   0.001  0.000  -0.094 0.009     0.80   0.03
  1250.00    -5.66  0.00   0.002  0.000  -0.098 0.010     0.84   0.04
  1255.00    -5.88  0.00   0.002  0.000  -0.102 0.011     0.88   0.04
  1260.00    -6.10  0.00   0.003  0.000  -0.106 0.012     0.92   0.05
  1265.00    -6.32  0.00   0.003  0.000  -0.109 0.013     0.96   0.06
  1270.00    -6.54  0.00   0.004  0.000  -0.113 0.014     1.00   0.07
  1275.00    -6.76  0.00   0.005  0.000  -0.117 0.015     1.04   0.08
  1280.00    -6.98  0.00   0.005  0.000  -0.120 0.016     1.08   0.09
  1285.00    -7.20  0.00   0.006  0.000  -0.124 0.017     1.12   0.10
  1290.00    -7.43  0.00   0.007  0.000  -0.128 0.018     1.16   0.11
  1295.00    -7.65  0.00   0.008  0.000  -0.131 0.020     1.21   0.12
  1300.00    -7.87  0.00   0.009  0.000  -0.135 0.021     1.25   0.14
  1305.00    -8.09  0.00   0.010  0.000  -0.139 0.022     1.29   0.15
  1310.00    -8.31  0.00   0.012  0.000  -0.142 0.024     1.33   0.17
  1315.00    -8.54  0.00   0.013  0.000  -0.146 0.025     1.38   0.18
  1320.00    -8.76  0.00   0.015  0.000  -0.149 0.027     1.42   0.20
  1325.00    -8.98  0.00   0.017  0.000  -0.153 0.028     1.47   0.21
  1330.00    -9.20  0.00   0.018  0.000  -0.156 0.030     1.51   0.23
  1335.00    -9.42  0.00   0.021  0.000  -0.160 0.032     1.56   0.25
  1340.00    -9.65  0.00   0.023  0.000  -0.163 0.033     1.60   0.27
  1345.00    -9.87  0.00   0.025  0.000  -0.167 0.035     1.65   0.29
  1350.00   -10.09  0.00   0.028  0.000  -0.170 0.037     1.70   0.31
  1355.00   -10.32  0.00   0.030  0.000  -0.174 0.039     1.74   0.34
  1360.00   -10.55  0.00   0.033  0.000  -0.177 0.041     1.79   0.36
  1365.00   -10.78  0.00   0.036  0.000  -0.180 0.043     1.84   0.38
  1370.00   -11.01  0.00   0.039  0.000  -0.184 0.046     1.89   0.40
  1375.00   -11.24  0.00   0.042  0.000  -0.187 0.048     1.94   0.43
  1380.00   -11.48  0.00   0.045  0.000  -0.191 0.050     1.99   0.45
  1385.00   -11.72  0.00   0.048  0.000  -0.194 0.052     2.03   0.47
  1390.00   -11.96  0.00   0.052  0.000  -0.197 0.055     2.08   0.49
  1395.00   -12.20  0.00   0.055  0.000  -0.201 0.057     2.13   0.51
  1400.00   -12.45  0.00   0.058  0.000  -0.204 0.060     2.17   0.53
  1405.00   -12.70  0.00   0.061  0.000  -0.208 0.062     2.22   0.54
  1410.00   -12.95  0.00   0.064  0.000  -0.211 0.065     2.26   0.56
  1415.00   -13.21  0.00   0.067  0.000  -0.215 0.067     2.30   0.57
  1420.00   -13.46  0.00   0.069  0.000  -0.218 0.070     2.34   0.58
  1425.00   -13.72  0.00   0.072  0.000  -0.222 0.072     2.38   0.59
  1430.00   -13.98  0.00   0.074  0.000  -0.226 0.075     2.42   0.60
  1435.00   -14.24  0.00   0.076  0.000  -0.229 0.078     2.45   0.60
  1440.00   -14.50  0.00   0.078  0.000  -0.233 0.080     2.48   0.61
  1445.00   -14.76  0.00   0.080  0.000  -0.236 0.083     2.51   0.61
  1450.00   -15.02  0.00   0.081  0.000  -0.240 0.085     2.54   0.61
  1455.00   -15.29  0.00   0.082  0.000  -0.244 0.088     2.57   0.60
  1460.00   -15.55  0.00   0.083  0.000  -0.247 0.090     2.59   0.60
  1465.00   -15.81  0.00   0.084  0.000  -0.251 0.092     2.61   0.59
  1470.00   -16.06  0.00   0.084  0.000  -0.255 0.095     2.63   0.58
  1475.00   -16.32  0.00   0.084  0.000  -0.258 0.097     2.65   0.57
  1480.00   -16.57  0.00   0.084  0.000  -0.262 0.099     2.66   0.56
  1485.00   -16.83  0.00   0.083  0.000  -0.265 0.101     2.68   0.55
  1490.00   -17.07  0.00   0.082  0.000  -0.269 0.104     2.69   0.53
  1495.00   -17.32  0.00   0.081  0.000  -0.272 0.106     2.70   0.52
  1500.00   -17.56  0.00   0.080  0.000  -0.276 0.108     2.70   0.50
  1505.00   -17.80  0.00   0.079  0.000  -0.279 0.110     2.71   0.48
  1510.00   -18.03  0.00   0.077  0.000  -0.283 0.112     2.71   0.47
  1515.00   -18.26  0.00   0.075  0.000  -0.286 0.113     2.71   0.45
  1520.00   -18.48  0.00   0.073  0.000  -0.290 0.115     2.71   0.43
  1525.00   -18.70  0.00   0.070  0.000  -0.293 0.117     2.71   0.41
  1530.00   -18.92  0.00   0.068  0.000  -0.296 0.119     2.71   0.39
  1535.00   -19.12  0.00   0.065  0.000  -0.299 0.120     2.70   0.36
  1540.00   -19.32  0.00   0.062  0.000  -0.302 0.122     2.69   0.34
  1545.00   -19.52  0.00   0.059  0.000  -0.306 0.123     2.69   0.32
  1550.00   -19.71  0.00   0.056  0.000  -0.309 0.125     2.68   0.30
  1555.00   -19.89  0.00   0.052  0.000  -0.311 0.126     2.66   0.28
  1560.00   -20.06  0.00   0.049  0.000  -0.314 0.127     2.65   0.26
  1565.00   -20.23  0.00   0.045  0.000  -0.317 0.128     2.64   0.23
  1570.00   -20.39  0.00   0.042  0.000  -0.320 0.129     2.62   0.21
  1575.00   -20.55  0.00   0.038  0.000  -0.322 0.131     2.61   0.19
  1580.00   -20.70  0.00   0.035  0.000  -0.325 0.131     2.59   0.17
  1585.00   -20.83  0.00   0.031  0.000  -0.327 0.132     2.57   0.15
  1590.00   -20.97  0.00   0.028  0.000  -0.329 0.133     2.55   0.13
  1595.00   -21.09  0.00   0.025  0.000  -0.332 0.134     2.53   0.12
  1600.00   -21.21  0.00   0.021  0.000  -0.334 0.135     2.51   0.10
  1605.00   -21.32  0.00   0.018  0.000  -0.336 0.136     2.49   0.08
  1610.00   -21.42  0.00   0.015  0.000  -0.337 0.136     2.47   0.07
  1615.00   -21.51  0.00   0.012  0.000  -0.339 0.137     2.45   0.06
  1620.00   -21.60  0.00   0.010  0.000  -0.341 0.137     2.43   0.04
  1625.00   -21.68  0.00   0.007  0.000  -0.342 0.138     2.40   0.03
  1630.00   -21.75  0.00   0.005  0.000  -0.343 0.138     2.38   0.02
  1635.00   -21.82  0.00   0.004  0.000  -0.344 0.139     2.36   0.01
  1640.00   -21.87  0.00   0.002  0.000  -0.345 0.139     2.34   0.01
  1645.00   -21.92  0.00   0.001  0.000  -0.346 0.140     2.31   0.00
  1650.00   -21.97  0.00   0.000  0.000  -0.347 0.140     2.29   0.00
  1655.00   -22.00  0.00   0.000  0.000  -0.347 0.140     2.27   0.00
  1660.00   -22.03  0.00   0.000  0.000  -0.348 0.141     2.25   0.00
  1665.00   -22.06  0.00   0.001  0.000  -0.348 0.141     2.23   0.00
  1670.00   -22.08  0.00   0.002  0.000  -0.348 0.142     2.21   0.01
  1675.00   -22.09  0.00   0.004  0.000  -0.348 0.142     2.19   0.01
  1680.00   -22.09  0.00   0.006  0.000  -0.347 0.143     2.17   0.02
  1685.00   -22.10  0.00   0.009  0.000  -0.347 0.143     2.15   0.03
  1690.00   -22.09  0.00   0.012  0.000  -0.346 0.144     2.14   0.05
  1695.00   -22.09  0.00   0.016  0.000  -0.346 0.144     2.12   0.06
  1700.00   -22.07  0.00   0.021  0.000  -0.345 0.145     2.11   0.08
  1705.00   -22.06  0.00   0.026  0.000  -0.343 0.146     2.09   0.09
  1710.00   -22.04  0.00   0.032  0.000  -0.342 0.147     2.08   0.11
  1715.00   -22.02  0.00   0.039  0.000  -0.341 0.148     2.07   0.14
  1720.00   -22.00  0.00   0.046  0.000  -0.339 0.149     2.07   0.16
  1725.00   -21.98  0.00   0.054  0.000  -0.337 0.150     2.06   0.19
  1730.00   -21.95  0.00   0.063  0.000  -0.336 0.151     2.05   0.21
  1735.00   -21.93  0.00   0.072  0.000  -0.334 0.153     2.05   0.24
  1740.00   -21.90  0.00   0.082  0.000  -0.332 0.154     2.05   0.27
  1745.00   -21.88  0.00   0.092  0.000  -0.329 0.156     2.05   0.30
  1750.00   -21.86  0.00   0.103  0.000  -0.327 0.158     2.05   0.34
  1755.00   -21.84  0.00   0.115  0.000  -0.325 0.160     2.06   0.37
  1760.00   -21.82  0.00   0.127  0.000  -0.322 0.162     2.06   0.40
  1765.00   -21.80  0.00   0.140  0.000  -0.320 0.164     2.07   0.44
  1770.00   -21.79  0.00   0.153  0.000  -0.317 0.167     2.08   0.48
  1775.00   -21.79  0.00   0.167  0.000  -0.315 0.169     2.09   0.51
  1780.00   -21.79  0.00   0.181  0.000  -0.312 0.172     2.10   0.55
  1785.00   -21.79  0.00   0.195  0.000  -0.309 0.175     2.12   0.59
  1790.00   -21.80  0.00   0.210  0.000  -0.307 0.178     2.13   0.63
  1795.00   -21.82  0.00   0.224  0.000  -0.304 0.181     2.15   0.66
  1800.00   -21.85  0.00   0.240  0.000  -0.301 0.185     2.17   0.70
  1805.00   -21.88  0.00   0.255  0.000  -0.299 0.188     2.19   0.74
  1810.00   -21.93  0.00   0.270  0.000  -0.296 0.192     2.21   0.78
  1815.00   -21.98  0.00   0.286  0.000  -0.293 0.196     2.23   0.81
  1820.00   -22.04  0.00   0.302  0.000  -0.291 0.200     2.25   0.85
  1825.00   -22.11  0.00   0.317  0.000  -0.288 0.204     2.28   0.88
  1830.00   -22.19  0.00   0.333  0.000  -0.286 0.208     2.30   0.92
  1835.00   -22.28  0.00   0.348  0.000  -0.283 0.212     2.32   0.95
  1840.00   -22.38  0.00   0.364  0.000  -0.281 0.217     2.35   0.99
  1845.00   -22.49  0.00   0.379  0.000  -0.279 0.221     2.38   1.02
  1850.00   -22.61  0.00   0.394  0.000  -0.276 0.226     2.40   1.05
  1855.00   -22.75  0.00   0.409  0.000  -0.274 0.231     2.43   1.08
  1860.00   -22.89  0.00   0.424  0.000  -0.272 0.235     2.46   1.11
  1865.00   -23.05  0.00   0.438  0.000  -0.270 0.240     2.48   1.13
  1870.00   -23.22  0.00   0.452  0.000  -0.268 0.245     2.51   1.16
  1875.00   -23.40  0.00   0.466  0.000  -0.266 0.250     2.54   1.18
  1880.00   -23.59  0.00   0.479  0.000  -0.265 0.255     2.56   1.21
  1885.00   -23.79  0.00   0.493  0.000  -0.263 0.260     2.59   1.23
  1890.00   -24.00  0.00   0.505  0.000  -0.261 0.265     2.62   1.25
  1895.00   -24.23  0.00   0.518  0.000  -0.260 0.270     2.64   1.27
  1900.00   -24.47  0.00   0.530  0.000  -0.258 0.275     2.67   1.29
  1905.00   -24.71  0.00   0.542  0.000  -0.257 0.280     2.69   1.30
  1910.00   -24.97  0.00   0.553  0.000  -0.256 0.285     2.72   1.32
  1915.00   -25.24  0.00   0.564  0.000  -0.255 0.290     2.74   1.33
  1920.00   -25.52  0.00   0.575  0.000  -0.253 0.295     2.77   1.35
  1925.00   -25.81  0.00   0.585  0.000  -0.252 0.300     2.79   1.36
  1930.00   -26.10  0.00   0.595  0.000  -0.251 0.305     2.81   1.37
  1935.00   -26.41  0.00   0.605  0.000  -0.250 0.310     2.83   1.38
  1940.00   -26.73  0.00   0.614  0.000  -0.250 0.315     2.85   1.39
  1945.00   -27.05  0.00   0.623  0.000  -0.249 0.320     2.87   1.40
  1950.00   -27.38  0.00   0.632  0.000  -0.248 0.325     2.89   1.41
  1955.00   -27.72  0.00   0.640  0.000  -0.247 0.330     2.91   1.41
  1960.00   -28.07  0.00   0.648  0.000  -0.246 0.335     2.93   1.42
  1965.00   -28.42  0.00   0.655  0.000  -0.246 0.339     2.95   1.42
  1970.00   -28.78  0.00   0.662  0.000  -0.245 0.344     2.96   1.43
  1975.00   -29.15  0.00   0.669  0.000  -0.245 0.349     2.98   1.43
  1980.00   -29.52  0.00   0.676  0.000  -0.244 0.354     3.00   1.43
  1985.00   -29.90  0.00   0.682  0.000  -0.244 0.358     3.01   1.43
  1990.00   -30.28  0.00   0.688  0.000  -0.243 0.363     3.02   1.43
  1995.00   -30.67  0.00   0.694  0.000  -0.243 0.367     3.04   1.44
  2000.00   -31.06  0.00   0.700  0.000  -0.242 0.372     3.05   1.44
  2005.00   -31.45  0.00   0.705  0.000  -0.242 0.376     3.06   1.43
  2010.00   -31.85  0.00   0.710  0.000  -0.241 0.381     3.07   1.43
  2015.00   -32.25  0.00   0.715  0.000  -0.241 0.385     3.08   1.43
  2020.00   -32.65  0.00   0.720  0.000  -0.240 0.389     3.09   1.43
  2025.00   -33.05  0.00   0.724  0.000  -0.240 0.394     3.10   1.43
  2030.00   -33.46  0.00   0.729  0.000  -0.240 0.398     3.11   1.43
  2035.00   -33.87  0.00   0.733  0.000  -0.239 0.402     3.12   1.42
  2040.00   -34.27  0.00   0.737  0.000  -0.239 0.406     3.13   1.42
  2045.00   -34.68  0.00   0.740  0.000  -0.238 0.410     3.14   1.42
  2050.00   -35.09  0.00   0.744  0.000  -0.238 0.414     3.14   1.41
  2055.00   -35.50  0.00   0.747  0.000  -0.238 0.418     3.15   1.41
  2060.00   -35.91  0.00   0.751  0.000  -0.237 0.422     3.15   1.40
  2065.00   -36.32  0.00   0.754  0.000  -0.237 0.426     3.16   1.40
  2070.00   -36.73  0.00   0.757  0.000  -0.236 0.430     3.16   1.39
  2075.00   -37.14  0.00   0.760  0.000  -0.236 0.434     3.17   1.39
  2080.00   -37.55  0.00   0.762  0.000  -0.236 0.437     3.17   1.38
  2085.00   -37.95  0.00   0.765  0.000  -0.235 0.441     3.18   1.38
  2090.00   -38.36  0.00   0.768  0.000  -0.235 0.445     3.18   1.37
  2095.00   -38.76  0.00   0.770  0.000  -0.234 0.448     3.18   1.37
  2100.00   -39.17  0.00   0.772  0.000  -0.234 0.452     3.18   1.36
  2105.00   -39.57  0.00   0.775  0.000  -0.233 0.455     3.18   1.35
  2110.00   -39.97  0.00   0.777  0.000  -0.233 0.459     3.18   1.35
  2115.00   -40.37  0.00   0.779  0.000  -0.232 0.462     3.19   1.34
  2120.00   -40.76  0.00   0.781  0.000  -0.231 0.466     3.19   1.34
  2125.00   -41.16  0.00   0.783  0.000  -0.231 0.469     3.19   1.33
  2130.00   -41.55  0.00   0.785  0.000  -0.230 0.472     3.19   1.32
  2135.00   -41.95  0.00   0.787  0.000  -0.229 0.475     3.19   1.32
  2140.00   -42.34  0.00   0.789  0.000  -0.229 0.479     3.18   1.31
  2145.00   -42.72  0.00   0.791  0.000  -0.228 0.482     3.18   1.31
  2150.00   -43.11  0.00   0.793  0.000  -0.227 0.485     3.18   1.30
  2155.00   -43.50  0.00   0.794  0.000  -0.226 0.488     3.18   1.29
  2160.00   -43.88  0.00   0.796  0.000  -0.226 0.491     3.18   1.29
  2165.00   -44.26  0.00   0.798  0.000  -0.225 0.494     3.18   1.28
  2170.00   -44.65  0.00   0.800  0.000  -0.224 0.497     3.17   1.28
  2175.00   -45.03  0.00   0.801  0.000  -0.223 0.500     3.17   1.27
  2180.00   -45.41  0.00   0.803  0.000  -0.222 0.503     3.17   1.26
  2185.00   -45.78  0.00   0.804  0.000  -0.221 0.506     3.16   1.26
  2190.00   -46.16  0.00   0.806  0.000  -0.220 0.509     3.16   1.25
  2195.00   -46.54  0.00   0.808  0.000  -0.219 0.512     3.16   1.25
  2200.00   -46.92  0.00   0.809  0.000  -0.218 0.515     3.15   1.24
  2205.00   -47.29  0.00   0.811  0.000  -0.217 0.517     3.15   1.23
  2210.00   -47.67  0.00   0.812  0.000  -0.216 0.520     3.15   1.23
  2215.00   -48.05  0.00   0.814  0.000  -0.214 0.523     3.14   1.22
  2220.00   -48.42  0.00   0.815  0.000  -0.213 0.526     3.14   1.22
  2225.00   -48.80  0.00   0.817  0.000  -0.212 0.528     3.13   1.21
  2230.00   -49.18  0.00   0.819  0.000  -0.211 0.531     3.13   1.21
  2235.00   -49.56  0.00   0.820  0.000  -0.209 0.534     3.12   1.20
  2240.00   -49.94  0.00   0.822  0.000  -0.208 0.536     3.12   1.19
  2245.00   -50.32  0.00   0.823  0.000  -0.207 0.539     3.11   1.19
  2250.00   -50.70  0.00   0.825  0.000  -0.205 0.541     3.11   1.18
  2255.00   -51.09  0.00   0.826  0.000  -0.204 0.544     3.10   1.18
  2260.00   -51.47  0.00   0.828  0.000  -0.202 0.546     3.10   1.17
  2265.00   -51.86  0.00   0.830  0.000  -0.201 0.549     3.09   1.17
  2270.00   -52.26  0.00   0.831  0.000  -0.199 0.551     3.09   1.16
  2275.00   -52.65  0.00   0.833  0.000  -0.197 0.554     3.08   1.16
  2280.00   -53.05  0.00   0.834  0.000  -0.196 0.556     3.08   1.15
  2285.00   -53.46  0.00   0.836  0.000  -0.194 0.559     3.07   1.15
  2290.00   -53.86  0.00   0.837  0.000  -0.192 0.561     3.06   1.14
  2295.00   -54.28  0.00   0.839  0.000  -0.190 0.564     3.06   1.14
  2300.00   -54.69  0.00   0.840  0.000  -0.188 0.566     3.05   1.13
  2305.00   -55.11  0.00   0.842  0.000  -0.187 0.569     3.05   1.13
  2310.00   -55.54  0.00   0.843  0.000  -0.185 0.571     3.04   1.12
  2315.00   -55.98  0.00   0.845  0.000  -0.183 0.574     3.04   1.12
  2320.00   -56.42  0.00   0.846  0.000  -0.181 0.576     3.03   1.11
  2325.00   -56.86  0.00   0.848  0.000  -0.179 0.578     3.02   1.11
  2330.00   -57.32  0.00   0.849  0.000  -0.176 0.581     3.02   1.10
  2335.00   -57.78  0.00   0.851  0.000  -0.174 0.583     3.01   1.10
  2340.00   -58.25  0.00   0.852  0.000  -0.172 0.586     3.01   1.09
  2345.00   -58.73  0.00   0.854  0.000  -0.170 0.588     3.00   1.09
  2350.00   -59.21  0.00   0.855  0.000  -0.168 0.591     3.00   1.08
  2355.00   -59.71  0.00   0.856  0.000  -0.165 0.593     2.99   1.08
  2360.00   -60.21  0.00   0.857  0.000  -0.163 0.596     2.99   1.07
  2365.00   -60.72  0.00   0.859  0.000  -0.160 0.598     2.98   1.07
  2370.00   -61.25  0.00   0.860  0.000  -0.158 0.601     2.98   1.06
  2375.00   -61.78  0.00   0.861  0.000  -0.156 0.603     2.97   1.06
  2380.00   -62.32  0.00   0.862  0.000  -0.153 0.606     2.97   1.06
  2385.00   -62.87  0.00   0.863  0.000  -0.150 0.608     2.96   1.05
  2390.00   -63.43  0.00   0.863  0.000  -0.148 0.611     2.96   1.05
  2395.00   -64.00  0.00   0.864  0.000  -0.145 0.614     2.95   1.04
  2400.00   -64.59  0.00   0.865  0.000  -0.143 0.616     2.95   1.03
