  1080.00     0.05  0.00   0.000  0.000   0.001 0.000     0.02   0.00
  1085.00     0.33  0.00   0.000  0.000   0.006 0.000     0.18   0.00
  1090.00     0.74  0.00   0.000  0.000   0.013 0.000     0.53   0.00
  1095.00     1.27  0.00   0.000  0.000   0.022 0.000     1.10   0.00
  1100.00     1.91  0.00   0.000  0.000   0.033 0.001     1.91   0.00
  1105.00     2.67  0.00   0.000  0.000   0.047 0.002     3.00   0.00
  1110.00     3.54  0.00   0.000  0.000   0.062 0.004     4.39   0.00
  1115.00     4.52  0.00   0.000  0.000   0.079 0.006     6.14   0.00
  1120.00     5.64  0.00   0.000  0.000   0.098 0.010     8.29   0.00
  1125.00     6.89  0.00   0.000  0.000   0.119 0.014    10.92   0.00
  1130.00     8.28  0.00   0.000  0.000   0.143 0.021    14.10   0.00
  1135.00     9.84  0.00   0.000  0.000   0.168 0.029    17.90   0.00
  1140.00    11.58  0.00   0.000  0.000   0.197 0.040    22.45   0.00
  1145.00    13.51  0.00   0.000  0.000   0.227 0.055    27.85   0.00
  1150.00    15.65  0.00   0.000  0.000   0.260 0.073    34.23   0.00
  1155.00    18.04  0.00   0.000  0.000   0.294 0.096    41.73   0.00
  1160.00    20.68  0.00   0.000  0.000   0.330 0.125    50.50   0.00
  1165.00    23.63  0.00   0.000  0.000   0.367 0.161    60.67   0.00
  1170.00    26.88  0.00   0.000  0.000   0.403 0.204    72.34   0.00
  1175.00    30.49  0.00   0.000  0.000   0.437 0.257    85.55   0.00
  1180.00    34.45  0.00   0.000  0.000   0.467 0.320   100.23   0.00
  1185.00    38.80  0.00   0.000  0.000   0.488 0.393   116.12   0.00
  1190.00    43.52  0.00   0.000  0.000   0.499 0.474   132.77   0.00
  1195.00    48.59  0.00   0.000  0.000   0.496 0.563   149.44   0.00
  1200.00    53.98  0.00   0.000  0.000   0.476 0.654   165.19   0.00
  1205.00    59.61  0.00   0.000  0.000   0.436 0.744   178.92   0.00
  1210.00    65.38  0.00   0.000  0.000   0.379 0.826   189.59   0.00
  1215.00    71.20  0.00   0.000  0.000   0.305 0.896   196.40   0.00
  1220.00    76.95  0.00   0.000  0.000   0.220 0.949   198.98   0.01
  1225.00    82.53  0.00   0.001  0.000   0.129 0.983   197.45   0.05
  1230.00    87.85  0.00   0.002  0.000   0.037 0.998   192.37   0.08
  1235.00    92.87  0.00   0.002  0.000  -0.050 0.997   184.52   0.11
  1240.00    97.53  0.00   0.003  0.000  -0.130 0.982   174.79   0.13
  1245.00   101.83  0.00   0.003  0.000  -0.200 0.957   163.96   0.15
  1250.00   105.79  0.00   0.004  0.000  -0.261 0.925   152.69   0.16
  1255.00   109.40  0.00   0.004  0.000  -0.313 0.889   141.47   0.17
  1260.00   112.70  0.00   0.005  0.000  -0.355 0.850   130.63   0.18
  1265.00   115.72  0.00   0.005  0.000  -0.390 0.811   120.37   0.18
  1270.00   118.47  0.00   0.005  0.000  -0.418 0.772   110.79   0.18
  1275.00   121.00  0.00   0.005  0.000  -0.440 0.734   101.95   0.18
  1280.00   123.32  0.00   0.005  0.000  -0.458 0.698    93.83   0.17
  1285.00   125.45  0.00   0.005  0.000  -0.471 0.663    86.41   0.17
  1290.00   127.42  0.00   0.005  0.000  -0.481 0.630    79.65   0.16
  1295.00   129.25  0.00   0.005  0.000  -0.489 0.599    73.49   0.15
  1300.00   130.95  0.00   0.005  0.000  -0.494 0.570    67.88   0.14
  1305.00   132.53  0.00   0.005  0.000  -0.497 0.543    62.77   0.13
  1310.00   134.02  0.00   0.004  0.000  -0.499 0.517    58.11   0.12
  1315.00   135.41  0.00   0.004  0.000  -0.499 0.493    53.86   0.11
  1320.00   136.72  0.00   0.004  0.000  -0.498 0.470    49.98   0.10
  1325.00   137.97  0.00   0.003  0.000  -0.496 0.448    46.42   0.09
  1330.00   139.14  0.00   0.003  0.000  -0.494 0.428    43.16   0.08
  1335.00   140.26  0.00   0.003  0.000  -0.491 0.409    40.16   0.07
  1340.00   141.33  0.00   0.002  0.000  -0.487 0.391    37.40   0.06
  1345.00   142.35  0.00   0.002  0.000  -0.483 0.373    34.86   0.05
  1350.00   143.33  0.00   0.002  0.000  -0.479 0.357    32.51   0.04
  1355.00   144.28  0.00   0.001  0.000  -0.474 0.341    30.34   0.03
  1360.00   145.18  0.00   0.001  0.000  -0.469 0.326    28.32   0.02
  1365.00   146.06  0.00   0.001  0.000  -0.463 0.312    26.45   0.01
  1370.00   146.91  0.00   0.000  0.000  -0.457 0.298    24.71   0.01
  1375.00   147.74  0.00   0.000  0.000  -0.451 0.285    23.09   0.00
  1380.00   148.54  0.00   0.000  0.000  -0.445 0.272    21.59   0.00
  1385.00   149.32  0.00   0.000  0.000  -0.439 0.260    20.18   0.00
  1390.00   150.08  0.00   0.000  0.000  -0.432 0.249    18.87   0.01
  1395.00   150.83  0.00   0.001  0.000  -0.425 0.238    17.65   0.01
  1400.00   151.56  0.00   0.001  0.000  -0.418 0.227    16.50   0.02
  1405.00   -27.73  0.00   0.002  0.000  -0.411 0.217    15.43   0.04
  1410.00   -27.02  0.00   0.003  0.000  -0.404 0.207    14.43   0.06
  1415.00   -26.33  0.00   0.005  0.000  -0.397 0.198    13.50   0.08
  1420.00   -25.66  0.00   0.007  0.000  -0.389 0.189    12.63   0.11
  1425.00   -24.99  0.00   0.009  0.000  -0.381 0.180    11.82   0.15
  1430.00   -24.33  0.00   0.011  0.000  -0.373 0.172    11.06   0.18
  1435.00   -23.69  0.00   0.014  0.000  -0.365 0.164    10.35   0.23
  1440.00   -23.05  0.00   0.018  0.000  -0.357 0.156     9.70   0.28
  1445.00   -22.43  0.00   0.022  0.000  -0.349 0.149     9.09   0.33
  1450.00   -21.81  0.00   0.026  0.000  -0.340 0.143     8.53   0.39
  1455.00   -21.21  0.00   0.031  0.000  -0.332 0.137     8.01   0.45
  1460.00   -20.61  0.00   0.036  0.000  -0.324 0.131     7.53   0.51
  1465.00   -20.02  0.00   0.041  0.000  -0.315 0.125     7.08   0.58
  1470.00   -19.45  0.00   0.047  0.000  -0.306 0.120     6.68   0.66
  1475.00   -18.88  0.00   0.054  0.000  -0.298 0.115     6.31   0.73
  1480.00   -18.32  0.00   0.061  0.000  -0.289 0.111     5.97   0.81
  1485.00   -17.78  0.00   0.068  0.000  -0.281 0.107     5.66   0.89
  1490.00   -17.24  0.00   0.075  0.000  -0.272 0.104     5.38   0.98
  1495.00   -16.71  0.00   0.083  0.000  -0.264 0.100     5.13   1.06
  1500.00   -16.20  0.00   0.092  0.000  -0.255 0.098     4.90   1.15
  1505.00   -15.69  0.00   0.100  0.000  -0.247 0.095     4.70   1.24
  1510.00   -15.20  0.00   0.109  0.000  -0.239 0.093     4.52   1.33
  1515.00   -14.72  0.00   0.118  0.000  -0.231 0.091     4.36   1.41
  1520.00   -14.24  0.00   0.128  0.000  -0.223 0.090     4.21   1.50
  1525.00   -13.78  0.00   0.137  0.000  -0.215 0.088     4.09   1.59
  1530.00   -13.33  0.00   0.147  0.000  -0.207 0.087     3.98   1.67
  1535.00   -12.89  0.00   0.157  0.000  -0.200 0.087     3.89   1.76
  1540.00   -12.46  0.00   0.166  0.000  -0.192 0.086     3.81   1.84
  1545.00   -12.05  0.00   0.176  0.000  -0.185 0.086     3.74   1.92
  1550.00   -11.64  0.00   0.186  0.000  -0.178 0.086     3.68   2.00
  1555.00   -11.24  0.00   0.196  0.000  -0.171 0.086     3.63   2.08
  1560.00   -10.86  0.00   0.206  0.000  -0.165 0.086     3.59   2.15
  1565.00   -10.48  0.00   0.216  0.000  -0.158 0.087     3.56   2.22
  1570.00   -10.12  0.00   0.226  0.000  -0.152 0.087     3.54   2.29
  1575.00    -9.76  0.00   0.236  0.000  -0.146 0.088     3.52   2.36
  1580.00    -9.42  0.00   0.246  0.000  -0.140 0.089     3.51   2.42
  1585.00    -9.08  0.00   0.255  0.000  -0.134 0.090     3.50   2.48
  1590.00    -8.75  0.00   0.265  0.000  -0.129 0.091     3.49   2.54
  1595.00    -8.44  0.00   0.274  0.000  -0.124 0.092     3.49   2.59
  1600.00    -8.13  0.00   0.284  0.000  -0.118 0.094     3.49   2.64
  1605.00    -7.83  0.00   0.293  0.000  -0.113 0.095     3.50   2.69
  1610.00    -7.53  0.00   0.302  0.000  -0.109 0.097     3.50   2.74
  1615.00    -7.25  0.00   0.310  0.000  -0.104 0.098     3.51   2.78
  1620.00    -6.97  0.00   0.319  0.000  -0.099 0.100     3.52   2.82
  1625.00    -6.70  0.00   0.328  0.000  -0.095 0.101     3.53   2.86
  1630.00    -6.44  0.00   0.336  0.000  -0.091 0.103     3.54   2.89
  1635.00    -6.18  0.00   0.344  0.000  -0.087 0.104     3.55   2.92
  1640.00    -5.93  0.00   0.352  0.000  -0.083 0.106     3.56   2.95
  1645.00    -5.69  0.00   0.360  0.000  -0.079 0.108     3.57   2.98
  1650.00    -5.45  0.00   0.367  0.000  -0.075 0.109     3.58   3.01
  1655.00    -5.22  0.00   0.375  0.000  -0.072 0.111     3.60   3.03
  1660.00    -4.99  0.00   0.382  0.000  -0.068 0.113     3.61   3.05
  1665.00    -4.76  0.00   0.389  0.000  -0.065 0.115     3.62   3.07
  1670.00    -4.54  0.00   0.396  0.000  -0.061 0.116     3.63   3.09
  1675.00    -4.33  0.00   0.403  0.000  -0.058 0.118     3.64   3.10
  1680.00    -4.12  0.00   0.410  0.000  -0.055 0.120     3.65   3.12
  1685.00    -3.91  0.00   0.416  0.000  -0.052 0.122     3.66   3.13
  1690.00    -3.71  0.00   0.423  0.000  -0.049 0.123     3.67   3.14
  1695.00    -3.51  0.00   0.429  0.000  -0.046 0.125     3.68   3.15
  1700.00    -3.31  0.00   0.435  0.000  -0.043 0.127     3.69   3.16
  1705.00    -3.12  0.00   0.442  0.000  -0.041 0.129     3.69   3.17
  1710.00    -2.93  0.00   0.448  0.000  -0.038 0.130     3.70   3.18
  1715.00    -2.74  0.00   0.454  0.000  -0.035 0.132     3.71   3.18
  1720.00    -2.55  0.00   0.459  0.000  -0.033 0.134     3.72   3.19
  1725.00    -2.37  0.00   0.465  0.000  -0.030 0.136     3.73   3.19
  1730.00    -2.19  0.00   0.471  0.000  -0.028 0.137     3.73   3.20
  1735.00    -2.01  0.00   0.477  0.000  -0.025 0.139     3.74   3.20
  1740.00    -1.83  0.00   0.482  0.000  -0.023 0.141     3.75   3.21
  1745.00    -1.66  0.00   0.488  0.000  -0.021 0.143     3.76   3.21
  1750.00    -1.49  0.00   0.494  0.000  -0.018 0.145     3.76   3.21
  1755.00    -1.32  0.00   0.499  0.000  -0.016 0.146     3.77   3.21
  1760.00    -1.15  0.00   0.505  0.000  -0.014 0.148     3.78   3.21
  1765.00    -0.99  0.00   0.510  0.000  -0.012 0.150     3.79   3.21
  1770.00    -0.82  0.00   0.515  0.000  -0.010 0.152     3.79   3.21
  1775.00    -0.66  0.00   0.521  0.000  -0.008 0.154     3.80   3.21
  1780.00    -0.51  0.00   0.526  0.000  -0.006 0.156     3.81   3.21
  1785.00    -0.35  0.00   0.532  0.000  -0.004 0.158     3.82   3.21
  1790.00    -0.20  0.00   0.537  0.000  -0.002 0.160     3.82   3.21
  1795.00    -0.05  0.00   0.542  0.000  -0.001 0.162     3.83   3.21
  1800.00     0.10  0.00   0.548  0.000   0.001 0.164     3.84   3.21
  1805.00     0.24  0.00   0.553  0.000   0.003 0.166     3.85   3.21
  1810.00     0.38  0.00   0.558  0.000   0.004 0.168     3.86   3.21
  1815.00     0.52  0.00   0.564  0.000   0.006 0.170     3.86   3.21
  1820.00     0.65  0.00   0.569  0.000   0.007 0.172     3.87   3.21
  1825.00     0.78  0.00   0.574  0.000   0.009 0.174     3.88   3.20
  1830.00     0.91  0.00   0.579  0.000   0.010 0.176     3.89   3.20
  1835.00     1.04  0.00   0.585  0.000   0.012 0.178     3.90   3.20
  1840.00     1.16  0.00   0.590  0.000   0.013 0.180     3.91   3.20
  1845.00     1.27  0.00   0.595  0.000   0.014 0.182     3.91   3.20
  1850.00     1.39  0.00   0.600  0.000   0.015 0.184     3.92   3.19
  1855.00     1.49  0.00   0.605  0.000   0.016 0.186     3.93   3.19
  1860.00     1.60  0.00   0.611  0.000   0.017 0.188     3.94   3.19
  1865.00     1.70  0.00   0.616  0.000   0.018 0.191     3.94   3.18
  1870.00     1.79  0.00   0.621  0.000   0.019 0.193     3.95   3.18
  1875.00     1.89  0.00   0.626  0.000   0.020 0.195     3.96   3.18
  1880.00     1.97  0.00   0.631  0.000   0.021 0.197     3.96   3.17
  1885.00     2.05  0.00   0.636  0.000   0.022 0.199     3.97   3.17
  1890.00     2.13  0.00   0.640  0.000   0.022 0.201     3.97   3.17
  1895.00     2.20  0.00   0.645  0.000   0.023 0.203     3.98   3.16
  1900.00     2.27  0.00   0.650  0.000   0.023 0.205     3.98   3.16
  1905.00     2.33  0.00   0.655  0.000   0.024 0.207     3.99   3.15
  1910.00     2.39  0.00   0.659  0.000   0.024 0.209     3.99   3.14
  1915.00     2.44  0.00   0.664  0.000   0.025 0.211     3.99   3.14
  1920.00     2.49  0.00   0.668  0.000   0.025 0.213     4.00   3.13
  1925.00     2.53  0.00   0.673  0.000   0.025 0.215     4.00   3.13
  1930.00     2.57  0.00   0.677  0.000   0.025 0.217     4.00   3.12
  1935.00     2.60  0.00   0.681  0.000   0.026 0.219     4.00   3.11
  1940.00     2.62  0.00   0.686  0.000   0.026 0.221     4.00   3.10
  1945.00     2.64  0.00   0.690  0.000   0.026 0.223     4.00   3.10
  1950.00     2.66  0.00   0.694  0.000   0.026 0.224     4.00   3.09
  1955.00     2.67  0.00   0.698  0.000   0.026 0.226     4.00   3.08
  1960.00     2.68  0.00   0.701  0.000   0.025 0.228     3.99   3.07
  1965.00     2.68  0.00   0.705  0.000   0.025 0.230     3.99   3.06
  1970.00     2.67  0.00   0.709  0.000   0.025 0.231     3.99   3.05
  1975.00     2.66  0.00   0.712  0.000   0.025 0.233     3.98   3.04
  1980.00     2.65  0.00   0.716  0.000   0.025 0.235     3.98   3.03
  1985.00     2.63  0.00   0.719  0.000   0.024 0.236     3.97   3.02
  1990.00     2.61  0.00   0.722  0.000   0.024 0.238     3.96   3.01
  1995.00     2.58  0.00   0.725  0.000   0.024 0.239     3.95   3.00
  2000.00     2.55  0.00   0.728  0.000   0.023 0.240     3.95   2.99
  2005.00     2.52  0.00   0.731  0.000   0.023 0.242     3.94   2.98
  2010.00     2.48  0.00   0.734  0.000   0.022 0.243     3.93   2.96
  2015.00     2.44  0.00   0.737  0.000   0.022 0.244     3.92   2.95
  2020.00     2.40  0.00   0.739  0.000   0.021 0.246     3.91   2.94
  2025.00     2.35  0.00   0.742  0.000   0.021 0.247     3.89   2.93
  2030.00     2.30  0.00   0.744  0.000   0.020 0.248     3.88   2.91
  2035.00     2.25  0.00   0.747  0.000   0.020 0.249     3.87   2.90
  2040.00     2.19  0.00   0.749  0.000   0.019 0.250     3.85   2.88
  2045.00     2.13  0.00   0.751  0.000   0.019 0.251     3.84   2.87
  2050.00     2.07  0.00   0.753  0.000   0.018 0.252     3.83   2.86
  2055.00     2.01  0.00   0.755  0.000   0.017 0.253     3.81   2.84
  2060.00     1.95  0.00   0.757  0.000   0.017 0.254     3.80   2.83
  2065.00     1.88  0.00   0.758  0.000   0.016 0.255     3.78   2.81
  2070.00     1.81  0.00   0.760  0.000   0.015 0.256     3.76   2.80
  2075.00     1.75  0.00   0.761  0.000   0.015 0.256     3.75   2.78
  2080.00     1.68  0.00   0.763  0.000   0.014 0.257     3.73   2.77
  2085.00     1.61  0.00   0.764  0.000   0.014 0.258     3.71   2.75
  2090.00     1.54  0.00   0.765  0.000   0.013 0.258     3.69   2.74
  2095.00     1.47  0.00   0.767  0.000   0.012 0.259     3.67   2.72
  2100.00     1.40  0.00   0.768  0.000   0.012 0.259     3.65   2.70
  2105.00     1.33  0.00   0.769  0.000   0.011 0.260     3.63   2.69
  2110.00     1.26  0.00   0.770  0.000   0.011 0.260     3.61   2.67
  2115.00     1.19  0.00   0.771  0.000   0.010 0.261     3.59   2.66
  2120.00     1.12  0.00   0.771  0.000   0.009 0.261     3.57   2.64
  2125.00     1.05  0.00   0.772  0.000   0.009 0.261     3.55   2.62
  2130.00     0.98  0.00   0.773  0.000   0.008 0.262     3.53   2.61
  2135.00     0.92  0.00   0.773  0.000   0.008 0.262     3.51   2.59
  2140.00     0.85  0.00   0.774  0.000   0.007 0.262     3.49   2.57
  2145.00     0.79  0.00   0.774  0.000   0.007 0.263     3.47   2.56
  2150.00     0.72  0.00   0.775  0.000   0.006 0.263     3.45   2.54
  2155.00     0.66  0.00   0.775  0.000   0.005 0.263     3.42   2.52
  2160.00     0.60  0.00   0.775  0.000   0.005 0.263     3.40   2.51
  2165.00     0.54  0.00   0.775  0.000   0.004 0.263     3.38   2.49
  2170.00     0.48  0.00   0.776  0.000   0.004 0.263     3.36   2.47
  2175.00     0.43  0.00   0.776  0.000   0.004 0.263     3.34   2.46
  2180.00     0.37  0.00   0.776  0.000   0.003 0.263     3.31   2.44
  2185.00     0.32  0.00   0.776  0.000   0.003 0.263     3.29   2.42
  2190.00     0.27  0.00   0.776  0.000   0.002 0.263     3.27   2.41
  2195.00     0.23  0.00   0.775  0.000   0.002 0.263     3.25   2.39
  2200.00     0.18  0.00   0.775  0.000   0.001 0.263     3.22   2.38
  2205.00     0.14  0.00   0.775  0.000   0.001 0.263     3.20   2.36
  2210.00     0.09  0.00   0.775  0.000   0.001 0.263     3.18   2.34
  2215.00     0.05  0.00   0.775  0.000   0.000 0.263     3.16   2.33
  2220.00     0.02  0.00   0.774  0.000   0.000 0.262     3.13   2.31
  2225.00    -0.02  0.00   0.774  0.000   0.000 0.262     3.11   2.29
  2230.00    -0.05  0.00   0.773  0.000   0.000 0.262     3.09   2.28
  2235.00    -0.08  0.00   0.773  0.000  -0.001 0.262     3.06   2.26
  2240.00    -0.11  0.00   0.773  0.000  -0.001 0.262     3.04   2.25
  2245.00    -0.14  0.00   0.772  0.000  -0.001 0.261     3.02   2.23
  2250.00    -0.16  0.00   0.771  0.000  -0.001 0.261     3.00   2.21
  2255.00    -0.19  0.00   0.771  0.000  -0.002 0.261     2.97   2.20
  2260.00    -0.21  0.00   0.770  0.000  -0.002 0.260     2.95   2.18
  2265.00    -0.22  0.00   0.770  0.000  -0.002 0.260     2.93   2.17
  2270.00    -0.24  0.00   0.769  0.000  -0.002 0.260     2.91   2.15
  2275.00    -0.25  0.00   0.768  0.000  -0.002 0.259     2.88   2.14
  2280.00    -0.26  0.00   0.768  0.000  -0.002 0.259     2.86   2.12
  2285.00    -0.27  0.00   0.767  0.000  -0.002 0.259     2.84   2.11
  2290.00    -0.28  0.00   0.766  0.000  -0.002 0.258     2.82   2.09
  2295.00    -0.28  0.00   0.765  0.000  -0.002 0.258     2.80   2.08
  2300.00    -0.29  0.00   0.764  0.000  -0.002 0.257     2.77   2.06
  2305.00    -0.29  0.00   0.763  0.000  -0.002 0.257     2.75   2.05
  2310.00    -0.29  0.00   0.763  0.000  -0.002 0.256     2.73   2.03
  2315.00    -0.28  0.00   0.762  0.000  -0.002 0.256     2.71   2.02
  2320.00    -0.28  0.00   0.761  0.000  -0.002 0.255     2.69   2.00
  2325.00    -0.27  0.00   0.760  0.000  -0.002 0.255     2.67   1.99
  2330.00    -0.26  0.00   0.759  0.000  -0.002 0.254     2.65   1.97
  2335.00    -0.25  0.00   0.758  0.000  -0.002 0.254     2.62   1.96
  2340.00    -0.23  0.00   0.757  0.000  -0.002 0.253     2.60   1.94
  2345.00    -0.22  0.00   0.756  0.000  -0.002 0.253     2.58   1.93
  2350.00    -0.20  0.00   0.755  0.000  -0.002 0.252     2.56   1.91
  2355.00    -0.18  0.00   0.754  0.000  -0.002 0.252     2.54   1.90
  2360.00    -0.16  0.00   0.753  0.000  -0.001 0.251     2.52   1.89
  2365.00    -0.14  0.00   0.752  0.000  -0.001 0.251     2.50   1.87
  2370.00    -0.11  0.00   0.750  0.000  -0.001 0.250     2.48   1.86
  2375.00    -0.09  0.00   0.749  0.000  -0.001 0.250     2.46   1.85
  2380.00    -0.06  0.00   0.748  0.000  -0.001 0.249     2.44   1.83
  2385.00    -0.03  0.00   0.747  0.000   0.000 0.249     2.42   1.82
  2390.00     0.00  0.00   0.746  0.000   0.000 0.248     2.40   1.81
  2395.00     0.03  0.00   0.745  0.000   0.000 0.247     2.38   1.79
  2400.00     0.07  0.00   0.743  0.000   0.001 0.247     2.36   1.78
