  1080.00     1.61  0.00   0.000  0.000   0.028 0.001     7.33   0.00
  1085.00     2.92  0.00   0.000  0.000   0.051 0.003     7.15   0.00
  1090.00     3.78  0.00   0.000  0.000   0.066 0.004     6.96   0.00
  1095.00     4.46  0.00   0.000  0.000   0.078 0.006     6.78   0.00
  1100.00     5.03  0.00   0.000  0.000   0.087 0.008     6.60   0.00
  1105.00     5.53  0.00   0.000  0.000   0.096 0.009     6.41   0.00
  1110.00     5.97  0.00   0.000  0.000   0.103 0.011     6.23   0.00
  1115.00     6.36  0.00   0.000  0.000   0.110 0.012     6.05   0.00
  1120.00     6.71  0.00   0.000  0.000   0.116 0.014     5.87   0.00
  1125.00     7.04  0.00   0.000  0.000   0.122 0.015     5.70   0.00
  1130.00     7.33  0.00   0.000  0.000   0.127 0.016     5.53   0.00
  1135.00     7.60  0.00   0.000  0.000   0.131 0.017     5.36   0.00
  1140.00     7.85  0.00   0.000  0.000   0.135 0.019     5.20   0.00
  1145.00     8.08  0.00   0.000  0.000   0.139 0.020     5.04   0.00
  1150.00     8.29  0.00   0.000  0.000   0.143 0.021     4.89   0.00
  1155.00     8.49  0.00   0.000  0.000   0.146 0.022     4.74   0.00
  1160.00     8.67  0.00   0.000  0.000   0.149 0.023     4.60   0.00
  1165.00     8.84  0.00   0.000  0.000   0.152 0.024     4.47   0.00
  1170.00     9.01  0.00   0.000  0.000   0.155 0.025     4.34   0.00
  1175.00     9.16  0.00   0.000  0.000   0.157 0.025     4.21   0.00
  1180.00     9.31  0.00   0.000  0.000   0.160 0.026     4.10   0.00
  1185.00     9.45  0.00   0.000  0.000   0.162 0.027     3.99   0.00
  1190.00     9.58  0.00   0.000  0.000   0.164 0.028     3.88   0.00
  1195.00     9.71  0.00   0.000  0.000   0.166 0.028     3.78   0.00
  1200.00     9.84  0.00   0.000  0.000   0.168 0.029     3.69   0.00
  1205.00     9.96  0.00   0.000  0.000   0.170 0.030     3.60   0.00
  1210.00    10.08  0.00   0.000  0.000   0.172 0.031     3.51   0.00
  1215.00    10.19  0.00   0.000  0.000   0.174 0.031     3.43   0.00
  1220.00    10.31  0.00   0.000  0.000   0.176 0.032     3.36   0.00
  1225.00    10.41  0.00   0.000  0.000   0.178 0.033     3.29   0.01
  1230.00    10.52  0.00   0.001  0.000   0.179 0.034     3.23   0.02
  1235.00    10.63  0.00   0.001  0.000   0.181 0.034     3.17   0.03
  1240.00    10.73  0.00   0.002  0.000   0.183 0.035     3.12   0.04
  1245.00    10.83  0.00   0.002  0.000   0.184 0.036     3.06   0.04
  1250.00    10.93  0.00   0.002  0.000   0.186 0.037     3.01   0.05
  1255.00    11.04  0.00   0.003  0.000   0.188 0.037     2.97   0.05
  1260.00    11.14  0.00   0.003  0.000   0.189 0.038     2.92   0.06
  1265.00    11.24  0.00   0.004  0.000   0.191 0.039     2.88   0.07
  1270.00    11.35  0.00   0.004  0.000   0.192 0.040     2.84   0.07
  1275.00    11.45  0.00   0.005  0.000   0.194 0.040     2.81   0.08
  1280.00    11.56  0.00   0.005  0.000   0.196 0.041     2.78   0.08
  1285.00    11.67  0.00   0.006  0.000   0.198 0.042     2.75   0.09
  1290.00    11.78  0.00   0.006  0.000   0.199 0.043     2.72   0.10
  1295.00    11.90  0.00   0.007  0.000   0.201 0.044     2.70   0.10
  1300.00    12.02  0.00   0.007  0.000   0.203 0.045     2.68   0.11
  1305.00    12.14  0.00   0.008  0.000   0.205 0.046     2.67   0.12
  1310.00    12.27  0.00   0.009  0.000   0.207 0.047     2.65   0.12
  1315.00    12.41  0.00   0.010  0.000   0.209 0.048     2.64   0.13
  1320.00    12.55  0.00   0.011  0.000   0.211 0.050     2.64   0.14
  1325.00    12.70  0.00   0.011  0.000   0.213 0.051     2.64   0.15
  1330.00    12.85  0.00   0.012  0.000   0.216 0.052     2.64   0.16
  1335.00    13.02  0.00   0.014  0.000   0.218 0.054     2.64   0.17
  1340.00    13.19  0.00   0.015  0.000   0.220 0.055     2.65   0.18
  1345.00    13.37  0.00   0.016  0.000   0.223 0.057     2.66   0.19
  1350.00    13.56  0.00   0.017  0.000   0.226 0.059     2.68   0.20
  1355.00    13.76  0.00   0.019  0.000   0.229 0.061     2.70   0.21
  1360.00    13.97  0.00   0.020  0.000   0.232 0.063     2.73   0.22
  1365.00    14.20  0.00   0.022  0.000   0.235 0.065     2.76   0.23
  1370.00    14.44  0.00   0.024  0.000   0.239 0.067     2.80   0.25
  1375.00    14.70  0.00   0.026  0.000   0.242 0.070     2.84   0.26
  1380.00    14.97  0.00   0.028  0.000   0.246 0.073     2.89   0.28
  1385.00    15.26  0.00   0.030  0.000   0.250 0.076     2.94   0.29
  1390.00    15.57  0.00   0.033  0.000   0.254 0.079     3.00   0.31
  1395.00    15.91  0.00   0.035  0.000   0.259 0.083     3.07   0.33
  1400.00    16.15  0.00   0.040  0.000   0.262 0.086     3.12   0.37
  1405.00    16.64  0.00   0.041  0.000   0.269 0.091     3.23   0.37
  1410.00    17.05  0.00   0.045  0.000   0.274 0.095     3.33   0.39
  1415.00    17.50  0.00   0.049  0.000   0.280 0.100     3.43   0.42
  1420.00    17.97  0.00   0.053  0.000   0.286 0.106     3.55   0.44
  1425.00    18.49  0.00   0.057  0.000   0.292 0.112     3.68   0.47
  1430.00    19.05  0.00   0.062  0.000   0.299 0.119     3.83   0.50
  1435.00    19.67  0.00   0.067  0.000   0.306 0.126     3.99   0.53
  1440.00    20.34  0.00   0.073  0.000   0.314 0.135     4.18   0.56
  1445.00    21.08  0.00   0.079  0.000   0.322 0.144     4.39   0.60
  1450.00    21.90  0.00   0.086  0.000   0.331 0.155     4.63   0.64
  1455.00    22.82  0.00   0.094  0.000   0.340 0.167     4.90   0.69
  1460.00    23.86  0.00   0.102  0.000   0.350 0.181     5.22   0.74
  1465.00    25.05  0.00   0.112  0.000   0.361 0.198     5.60   0.80
  1470.00    26.45  0.00   0.124  0.000   0.373 0.218     6.05   0.86
  1475.00    28.15  0.00   0.139  0.000   0.386 0.243     6.62   0.95
  1480.00    30.32  0.00   0.159  0.000   0.400 0.275     7.39   1.07
  1485.00    33.56  0.00   0.194  0.000   0.414 0.325     8.59   1.28
  1490.00    36.80  0.00   0.395  0.000   0.373 0.390    10.13   2.56
  1495.00    37.99  0.00   0.518  0.000   0.337 0.416    10.61   3.30
  1500.00    38.99  0.00   0.619  0.000   0.302 0.436    10.94   3.88
  1505.00    39.54  0.00   0.706  0.000   0.266 0.449    11.08   4.36
  1510.00    39.44  0.00   0.777  0.000   0.231 0.455    11.04   4.72
  1515.00    38.47  0.00   0.833  0.000   0.199 0.454    10.85   4.98
  1520.00    36.47  0.00   0.873  0.000   0.170 0.448    10.54   5.14
  1525.00    33.44  0.00   0.899  0.000   0.146 0.438    10.14   5.21
  1530.00    29.67  0.00   0.914  0.000   0.126 0.425     9.70   5.21
  1535.00    25.72  0.00   0.919  0.000   0.111 0.411     9.24   5.16
  1540.00    22.17  0.00   0.917  0.000   0.101 0.397     8.79   5.07
  1545.00    19.36  0.00   0.910  0.000   0.094 0.383     8.35   4.96
  1550.00    17.35  0.00   0.900  0.000   0.090 0.370     7.95   4.83
  1555.00    16.05  0.00   0.888  0.000   0.089 0.358     7.58   4.70
  1560.00    15.33  0.00   0.874  0.000   0.090 0.348     7.25   4.56
  1565.00    15.07  0.00   0.860  0.000   0.094 0.338     6.95   4.42
  1570.00    15.18  0.00   0.845  0.000   0.099 0.330     6.69   4.28
  1575.00    15.58  0.00   0.830  0.000   0.107 0.324     6.46   4.14
  1580.00    16.25  0.00   0.814  0.000   0.116 0.318     6.27   4.01
  1585.00    17.15  0.00   0.799  0.000   0.126 0.315     6.11   3.88
  1590.00    18.29  0.00   0.783  0.000   0.139 0.313     5.99   3.75
  1595.00    19.65  0.00   0.767  0.000   0.153 0.313     5.92   3.62
  1600.00    21.27  0.00   0.750  0.000   0.169 0.316     5.88   3.49
  1605.00    23.15  0.00   0.732  0.000   0.187 0.321     5.91   3.37
  1610.00    25.32  0.00   0.715  0.000   0.207 0.331     6.00   3.24
  1615.00    27.81  0.00   0.697  0.000   0.227 0.344     6.17   3.12
  1620.00    30.64  0.00   0.679  0.000   0.248 0.364     6.43   3.00
  1625.00    33.85  0.00   0.663  0.000   0.268 0.390     6.80   2.89
  1630.00    37.43  0.00   0.650  0.000   0.285 0.423     7.28   2.80
  1635.00    41.38  0.00   0.642  0.000   0.297 0.462     7.86   2.73
  1640.00    45.65  0.00   0.640  0.000   0.300 0.507     8.51   2.69
  1645.00    50.17  0.00   0.645  0.000   0.293 0.554     9.18   2.67
  1650.00    54.86  0.00   0.657  0.000   0.276 0.599     9.81   2.69
  1655.00    59.60  0.00   0.675  0.000   0.249 0.639    10.34   2.73
  1660.00    64.28  0.00   0.696  0.000   0.215 0.672    10.73   2.78
  1665.00    68.84  0.00   0.719  0.000   0.178 0.696    10.99   2.84
  1670.00    73.20  0.00   0.741  0.000   0.141 0.712    11.10   2.89
  1675.00    77.32  0.00   0.761  0.000   0.105 0.721    11.11   2.93
  1680.00    81.20  0.00   0.778  0.000   0.071 0.725    11.03   2.96
  1685.00    84.81  0.00   0.792  0.000   0.041 0.724    10.90   2.98
  1690.00    88.17  0.00   0.803  0.000   0.014 0.721    10.73   2.99
  1695.00    91.28  0.00   0.812  0.000  -0.010 0.717    10.54   2.98
  1700.00    94.15  0.00   0.818  0.000  -0.031 0.711    10.33   2.97
  1705.00    96.79  0.00   0.823  0.000  -0.049 0.705    10.12   2.95
  1710.00    99.22  0.00   0.826  0.000  -0.066 0.698     9.91   2.93
  1715.00   101.45  0.00   0.827  0.000  -0.081 0.691     9.71   2.91
  1720.00   103.50  0.00   0.828  0.000  -0.094 0.685     9.51   2.88
  1725.00   105.38  0.00   0.828  0.000  -0.106 0.678     9.31   2.84
  1730.00   107.11  0.00   0.828  0.000  -0.117 0.671     9.12   2.81
  1735.00   -71.31  0.00   0.827  0.000  -0.126 0.665     8.94   2.78
  1740.00   -69.85  0.00   0.826  0.000  -0.135 0.659     8.76   2.74
  1745.00   -68.52  0.00   0.825  0.000  -0.143 0.653     8.59   2.71
  1750.00   -67.29  0.00   0.824  0.000  -0.150 0.647     8.42   2.68
  1755.00   -66.16  0.00   0.822  0.000  -0.156 0.642     8.26   2.64
  1760.00   -65.13  0.00   0.821  0.000  -0.161 0.637     8.11   2.61
  1765.00   -64.18  0.00   0.820  0.000  -0.167 0.632     7.96   2.58
  1770.00   -63.31  0.00   0.818  0.000  -0.171 0.627     7.82   2.55
  1775.00   -62.51  0.00   0.817  0.000  -0.175 0.623     7.68   2.52
  1780.00   -61.78  0.00   0.816  0.000  -0.179 0.618     7.55   2.49
  1785.00   -61.11  0.00   0.816  0.000  -0.182 0.614     7.43   2.46
  1790.00   -60.49  0.00   0.815  0.000  -0.184 0.611     7.31   2.44
  1795.00   -59.93  0.00   0.814  0.000  -0.187 0.607     7.19   2.41
  1800.00   -59.42  0.00   0.814  0.000  -0.189 0.604     7.08   2.39
  1805.00   -58.95  0.00   0.814  0.000  -0.191 0.601     6.98   2.36
  1810.00   -58.52  0.00   0.814  0.000  -0.192 0.598     6.87   2.34
  1815.00   -58.13  0.00   0.814  0.000  -0.193 0.595     6.78   2.32
  1820.00   -57.77  0.00   0.814  0.000  -0.194 0.593     6.68   2.29
  1825.00   -57.45  0.00   0.815  0.000  -0.195 0.591     6.59   2.27
  1830.00   -57.17  0.00   0.815  0.000  -0.196 0.589     6.51   2.25
  1835.00   -56.90  0.00   0.816  0.000  -0.196 0.587     6.42   2.23
  1840.00   -56.67  0.00   0.817  0.000  -0.196 0.585     6.34   2.21
  1845.00   -56.46  0.00   0.818  0.000  -0.197 0.583     6.26   2.20
  1850.00   -56.28  0.00   0.819  0.000  -0.197 0.582     6.19   2.18
  1855.00   -56.11  0.00   0.820  0.000  -0.196 0.580     6.12   2.16
  1860.00   -55.97  0.00   0.821  0.000  -0.196 0.579     6.05   2.14
  1865.00   -55.84  0.00   0.823  0.000  -0.196 0.578     5.98   2.13
  1870.00   -55.74  0.00   0.824  0.000  -0.195 0.577     5.91   2.11
  1875.00   -55.65  0.00   0.826  0.000  -0.195 0.576     5.85   2.10
  1880.00   -55.57  0.00   0.827  0.000  -0.194 0.575     5.79   2.08
  1885.00   -55.51  0.00   0.829  0.000  -0.193 0.574     5.73   2.07
  1890.00   -55.46  0.00   0.831  0.000  -0.192 0.573     5.67   2.05
  1895.00   -55.42  0.00   0.832  0.000  -0.191 0.573     5.61   2.04
  1900.00   -55.40  0.00   0.834  0.000  -0.190 0.572     5.56   2.03
  1905.00   -55.38  0.00   0.836  0.000  -0.189 0.572     5.50   2.01
  1910.00   -55.38  0.00   0.838  0.000  -0.188 0.571     5.45   2.00
  1915.00   -55.38  0.00   0.840  0.000  -0.187 0.571     5.40   1.99
  1920.00   -55.39  0.00   0.843  0.000  -0.186 0.570     5.35   1.97
  1925.00   -55.41  0.00   0.845  0.000  -0.184 0.570     5.30   1.96
  1930.00   -55.44  0.00   0.847  0.000  -0.183 0.570     5.25   1.95
  1935.00   -55.47  0.00   0.849  0.000  -0.181 0.569     5.20   1.94
  1940.00   -55.50  0.00   0.851  0.000  -0.180 0.569     5.15   1.93
  1945.00   -55.54  0.00   0.854  0.000  -0.178 0.569     5.11   1.92
  1950.00   -55.59  0.00   0.856  0.000  -0.177 0.569     5.06   1.91
  1955.00   -55.64  0.00   0.858  0.000  -0.175 0.568     5.02   1.89
  1960.00   -55.69  0.00   0.861  0.000  -0.174 0.568     4.97   1.88
  1965.00   -55.75  0.00   0.863  0.000  -0.172 0.568     4.93   1.87
  1970.00   -55.80  0.00   0.866  0.000  -0.170 0.567     4.89   1.86
  1975.00   -55.86  0.00   0.868  0.000  -0.169 0.567     4.85   1.85
  1980.00   -55.92  0.00   0.870  0.000  -0.167 0.567     4.80   1.84
  1985.00   -55.97  0.00   0.873  0.000  -0.165 0.567     4.76   1.83
  1990.00   -56.03  0.00   0.875  0.000  -0.164 0.566     4.72   1.82
  1995.00   -56.08  0.00   0.878  0.000  -0.162 0.566     4.68   1.81
  2000.00   -56.14  0.00   0.880  0.000  -0.160 0.566     4.64   1.81
  2005.00   -56.19  0.00   0.883  0.000  -0.158 0.565     4.60   1.80
  2010.00   -56.24  0.00   0.885  0.000  -0.157 0.565     4.56   1.79
  2015.00   -56.28  0.00   0.888  0.000  -0.155 0.564     4.52   1.78
  2020.00   -56.32  0.00   0.890  0.000  -0.153 0.564     4.48   1.77
  2025.00   -56.36  0.00   0.893  0.000  -0.151 0.563     4.44   1.76
  2030.00   -56.39  0.00   0.895  0.000  -0.149 0.563     4.40   1.75
  2035.00   -56.41  0.00   0.897  0.000  -0.148 0.562     4.36   1.74
  2040.00   -56.43  0.00   0.900  0.000  -0.146 0.562     4.33   1.73
  2045.00   -56.44  0.00   0.902  0.000  -0.144 0.561     4.29   1.72
  2050.00   -56.44  0.00   0.904  0.000  -0.142 0.560     4.25   1.72
  2055.00   -56.43  0.00   0.907  0.000  -0.141 0.559     4.21   1.71
  2060.00   -56.42  0.00   0.909  0.000  -0.139 0.559     4.17   1.70
  2065.00   -56.39  0.00   0.911  0.000  -0.137 0.558     4.14   1.69
  2070.00   -56.35  0.00   0.913  0.000  -0.136 0.557     4.10   1.68
  2075.00   -56.30  0.00   0.916  0.000  -0.134 0.556     4.06   1.67
  2080.00   -56.23  0.00   0.918  0.000  -0.133 0.555     4.02   1.66
  2085.00   -56.15  0.00   0.920  0.000  -0.131 0.554     3.99   1.66
  2090.00   -56.06  0.00   0.922  0.000  -0.129 0.553     3.95   1.65
  2095.00   -55.95  0.00   0.924  0.000  -0.128 0.551     3.91   1.64
  2100.00   -55.83  0.00   0.926  0.000  -0.127 0.550     3.88   1.63
  2105.00   -55.69  0.00   0.928  0.000  -0.125 0.549     3.84   1.62
  2110.00   -55.53  0.00   0.930  0.000  -0.124 0.548     3.80   1.61
  2115.00   -55.35  0.00   0.931  0.000  -0.122 0.546     3.77   1.61
  2120.00   -55.15  0.00   0.933  0.000  -0.121 0.545     3.73   1.60
  2125.00   -54.93  0.00   0.935  0.000  -0.120 0.543     3.69   1.59
  2130.00   -54.69  0.00   0.936  0.000  -0.119 0.542     3.66   1.58
  2135.00   -54.43  0.00   0.938  0.000  -0.118 0.540     3.62   1.57
  2140.00   -54.15  0.00   0.939  0.000  -0.117 0.539     3.58   1.56
  2145.00   -53.85  0.00   0.941  0.000  -0.116 0.537     3.55   1.55
  2150.00   -53.52  0.00   0.942  0.000  -0.115 0.535     3.51   1.55
  2155.00   -53.17  0.00   0.943  0.000  -0.114 0.533     3.48   1.54
  2160.00   -52.79  0.00   0.944  0.000  -0.114 0.532     3.44   1.53
  2165.00   -52.40  0.00   0.945  0.000  -0.113 0.530     3.40   1.52
  2170.00   -51.98  0.00   0.946  0.000  -0.112 0.528     3.37   1.51
  2175.00   -51.54  0.00   0.947  0.000  -0.112 0.526     3.33   1.50
  2180.00   -51.08  0.00   0.948  0.000  -0.112 0.524     3.30   1.49
  2185.00   -50.60  0.00   0.949  0.000  -0.111 0.522     3.26   1.48
  2190.00   -50.10  0.00   0.949  0.000  -0.111 0.520     3.23   1.47
  2195.00   -49.59  0.00   0.949  0.000  -0.111 0.518     3.20   1.46
  2200.00   -49.06  0.00   0.950  0.000  -0.111 0.516     3.16   1.46
  2205.00   -48.52  0.00   0.950  0.000  -0.111 0.514     3.13   1.45
  2210.00   -47.96  0.00   0.950  0.000  -0.111 0.512     3.09   1.44
  2215.00   -47.41  0.00   0.950  0.000  -0.112 0.509     3.06   1.43
  2220.00   -46.84  0.00   0.950  0.000  -0.112 0.507     3.03   1.42
  2225.00   -46.28  0.00   0.949  0.000  -0.113 0.505     2.99   1.41
  2230.00   -45.72  0.00   0.949  0.000  -0.113 0.503     2.96   1.40
  2235.00   -45.16  0.00   0.948  0.000  -0.114 0.501     2.93   1.39
  2240.00   -44.61  0.00   0.947  0.000  -0.115 0.498     2.90   1.38
  2245.00   -44.07  0.00   0.946  0.000  -0.116 0.496     2.87   1.37
  2250.00   -43.54  0.00   0.945  0.000  -0.117 0.494     2.84   1.36
  2255.00   -43.02  0.00   0.944  0.000  -0.118 0.492     2.81   1.35
  2260.00   -42.53  0.00   0.942  0.000  -0.120 0.490     2.78   1.34
  2265.00   -42.05  0.00   0.941  0.000  -0.121 0.488     2.75   1.32
  2270.00   -41.60  0.00   0.939  0.000  -0.123 0.485     2.72   1.31
  2275.00   -41.17  0.00   0.937  0.000  -0.124 0.483     2.69   1.30
  2280.00   -40.77  0.00   0.935  0.000  -0.126 0.481     2.66   1.29
  2285.00   -40.39  0.00   0.933  0.000  -0.128 0.479     2.63   1.28
  2290.00   -40.04  0.00   0.930  0.000  -0.130 0.477     2.60   1.27
  2295.00   -39.71  0.00   0.927  0.000  -0.132 0.475     2.58   1.26
  2300.00   -39.42  0.00   0.925  0.000  -0.135 0.473     2.55   1.25
  2305.00   -39.15  0.00   0.922  0.000  -0.137 0.472     2.53   1.23
  2310.00   -38.91  0.00   0.918  0.000  -0.140 0.470     2.50   1.22
  2315.00   -38.69  0.00   0.915  0.000  -0.142 0.468     2.48   1.21
  2320.00   -38.51  0.00   0.911  0.000  -0.145 0.467     2.45   1.20
  2325.00   -38.35  0.00   0.907  0.000  -0.148 0.465     2.43   1.19
  2330.00   -38.22  0.00   0.903  0.000  -0.151 0.464     2.41   1.17
  2335.00   -38.11  0.00   0.899  0.000  -0.154 0.462     2.39   1.16
  2340.00   -38.03  0.00   0.895  0.000  -0.158 0.461     2.37   1.15
  2345.00   -37.97  0.00   0.890  0.000  -0.161 0.460     2.35   1.14
  2350.00   -37.93  0.00   0.885  0.000  -0.164 0.459     2.33   1.12
  2355.00   -37.92  0.00   0.880  0.000  -0.168 0.458     2.31   1.11
  2360.00   -37.93  0.00   0.875  0.000  -0.172 0.457     2.29   1.10
  2365.00   -37.97  0.00   0.869  0.000  -0.175 0.456     2.27   1.08
  2370.00   -38.02  0.00   0.864  0.000  -0.179 0.455     2.26   1.07
  2375.00   -38.09  0.00   0.858  0.000  -0.183 0.455     2.24   1.06
  2380.00   -38.18  0.00   0.852  0.000  -0.187 0.455     2.23   1.04
  2385.00   -38.28  0.00   0.846  0.000  -0.191 0.454     2.21   1.03
  2390.00   -38.41  0.00   0.839  0.000  -0.195 0.454     2.20   1.02
  2395.00   -38.55  0.00   0.833  0.000  -0.199 0.454     2.19   1.00
  2400.00   -38.70  0.00   0.826  0.000  -0.204 0.455     2.18   0.99
