  1080.00    -0.77  0.00   0.000  0.000  -0.013 0.000     1.66   0.00
  1085.00    -1.49  0.00   0.000  0.000  -0.026 0.001     1.87   0.00
  1090.00    -2.07  0.00   0.000  0.000  -0.036 0.001     2.09   0.00
  1095.00    -2.60  0.00   0.000  0.000  -0.045 0.002     2.30   0.00
  1100.00    -3.10  0.00   0.000  0.000  -0.054 0.003     2.51   0.00
  1105.00    -3.60  0.00   0.000  0.000  -0.063 0.004     2.72   0.00
  1110.00    -4.09  0.00   0.000  0.000  -0.071 0.005     2.93   0.00
  1115.00    -4.57  0.00   0.000  0.000  -0.079 0.006     3.14   0.00
  1120.00    -5.06  0.00   0.000  0.000  -0.088 0.008     3.34   0.00
  1125.00    -5.53  0.00   0.000  0.000  -0.096 0.009     3.53   0.00
  1130.00    -6.01  0.00   0.000  0.000  -0.104 0.011     3.72   0.00
  1135.00    -6.48  0.00   0.000  0.000  -0.112 0.013     3.91   0.00
  1140.00    -6.95  0.00   0.000  0.000  -0.120 0.015     4.09   0.00
  1145.00    -7.42  0.00   0.000  0.000  -0.128 0.017     4.26   0.00
  1150.00    -7.89  0.00   0.000  0.000  -0.136 0.019     4.43   0.00
  1155.00    -8.35  0.00   0.000  0.000  -0.144 0.021     4.59   0.00
  1160.00    -8.80  0.00   0.000  0.000  -0.151 0.023     4.74   0.00
  1165.00    -9.26  0.00   0.000  0.000  -0.159 0.026     4.89   0.00
  1170.00    -9.71  0.00   0.000  0.000  -0.166 0.028     5.03   0.00
  1175.00   -10.15  0.00   0.000  0.000  -0.174 0.031     5.16   0.00
  1180.00   -10.59  0.00   0.000  0.000  -0.181 0.034     5.29   0.00
  1185.00   -11.03  0.00   0.000  0.000  -0.188 0.037     5.41   0.00
  1190.00   -11.46  0.00   0.000  0.000  -0.195 0.039     5.53   0.00
  1195.00   -11.89  0.00   0.000  0.000  -0.202 0.042     5.64   0.00
  1200.00   -12.31  0.00   0.000  0.000  -0.208 0.045     5.74   0.00
  1205.00   -12.73  0.00   0.000  0.000  -0.215 0.049     5.83   0.00
  1210.00   -13.14  0.00   0.000  0.000  -0.221 0.052     5.93   0.00
  1215.00   -13.55  0.00   0.000  0.000  -0.228 0.055     6.01   0.00
  1220.00   -13.95  0.00   0.000  0.000  -0.234 0.058     6.09   0.00
  1225.00   -14.35  0.00   0.000  0.000  -0.240 0.061     6.18   0.01
  1230.00   -14.74  0.00   0.001  0.000  -0.246 0.065     6.25   0.02
  1235.00   -15.13  0.00   0.001  0.000  -0.252 0.068     6.33   0.02
  1240.00   -15.51  0.00   0.001  0.000  -0.258 0.072     6.39   0.03
  1245.00   -15.89  0.00   0.002  0.000  -0.263 0.075     6.45   0.04
  1250.00   -16.27  0.00   0.002  0.000  -0.269 0.079     6.51   0.04
  1255.00   -16.64  0.00   0.002  0.000  -0.274 0.083     6.57   0.05
  1260.00   -17.01  0.00   0.003  0.000  -0.279 0.086     6.62   0.05
  1265.00   -17.37  0.00   0.003  0.000  -0.285 0.090     6.66   0.06
  1270.00   -17.73  0.00   0.003  0.000  -0.290 0.093     6.70   0.06
  1275.00   -18.09  0.00   0.004  0.000  -0.295 0.097     6.74   0.06
  1280.00   -18.44  0.00   0.004  0.000  -0.300 0.101     6.78   0.06
  1285.00   -18.79  0.00   0.004  0.000  -0.304 0.105     6.81   0.06
  1290.00   -19.14  0.00   0.004  0.000  -0.309 0.108     6.84   0.06
  1295.00   -19.48  0.00   0.004  0.000  -0.314 0.112     6.86   0.06
  1300.00   -19.82  0.00   0.004  0.000  -0.318 0.116     6.89   0.06
  1305.00   -20.15  0.00   0.004  0.000  -0.323 0.120     6.91   0.06
  1310.00   -20.49  0.00   0.004  0.000  -0.327 0.123     6.93   0.06
  1315.00   -20.81  0.00   0.004  0.000  -0.331 0.127     6.94   0.06
  1320.00   -21.14  0.00   0.004  0.000  -0.336 0.131     6.96   0.06
  1325.00   -21.46  0.00   0.004  0.000  -0.340 0.135     6.97   0.05
  1330.00   -21.78  0.00   0.004  0.000  -0.344 0.138     6.98   0.05
  1335.00   -22.10  0.00   0.004  0.000  -0.348 0.142     6.99   0.05
  1340.00   -22.41  0.00   0.004  0.000  -0.352 0.146     6.99   0.05
  1345.00   -22.71  0.00   0.004  0.000  -0.355 0.150     6.99   0.05
  1350.00   -23.01  0.00   0.004  0.000  -0.359 0.154     7.00   0.04
  1355.00   -23.31  0.00   0.004  0.000  -0.363 0.157     6.99   0.04
  1360.00   -23.60  0.00   0.004  0.000  -0.366 0.161     6.99   0.04
  1365.00   -23.89  0.00   0.004  0.000  -0.370 0.165     6.99   0.04
  1370.00   -24.17  0.00   0.004  0.000  -0.373 0.168     6.98   0.04
  1375.00   -24.45  0.00   0.004  0.000  -0.376 0.172     6.97   0.04
  1380.00   -24.72  0.00   0.005  0.000  -0.379 0.176     6.96   0.04
  1385.00   -24.98  0.00   0.005  0.000  -0.382 0.179     6.94   0.05
  1390.00   -25.23  0.00   0.005  0.000  -0.385 0.183     6.92   0.05
  1395.00   -25.48  0.00   0.006  0.000  -0.387 0.186     6.90   0.06
  1400.00   -25.72  0.00   0.007  0.000  -0.390 0.189     6.88   0.06
  1405.00   -25.95  0.00   0.008  0.000  -0.392 0.193     6.86   0.07
  1410.00   -26.17  0.00   0.009  0.000  -0.394 0.196     6.83   0.08
  1415.00   -26.38  0.00   0.010  0.000  -0.396 0.199     6.80   0.08
  1420.00   -26.58  0.00   0.011  0.000  -0.398 0.202     6.77   0.10
  1425.00   -26.77  0.00   0.013  0.000  -0.400 0.205     6.73   0.11
  1430.00   -26.95  0.00   0.015  0.000  -0.401 0.208     6.69   0.12
  1435.00   -27.12  0.00   0.018  0.000  -0.402 0.210     6.65   0.14
  1440.00   -27.28  0.00   0.020  0.000  -0.403 0.213     6.60   0.16
  1445.00   -27.42  0.00   0.024  0.000  -0.404 0.215     6.55   0.18
  1450.00   -27.54  0.00   0.027  0.000  -0.404 0.218     6.50   0.20
  1455.00   -27.66  0.00   0.031  0.000  -0.405 0.220     6.45   0.23
  1460.00   -27.75  0.00   0.036  0.000  -0.405 0.222     6.39   0.26
  1465.00   -27.83  0.00   0.041  0.000  -0.404 0.224     6.33   0.29
  1470.00   -27.89  0.00   0.047  0.000  -0.403 0.226     6.27   0.33
  1475.00   -27.93  0.00   0.054  0.000  -0.402 0.227     6.20   0.37
  1480.00   -27.95  0.00   0.062  0.000  -0.401 0.229     6.13   0.42
  1485.00   -27.95  0.00   0.071  0.000  -0.399 0.230     6.06   0.47
  1490.00   -27.92  0.00   0.081  0.000  -0.397 0.231     5.99   0.53
  1495.00   -27.88  0.00   0.093  0.000  -0.394 0.232     5.92   0.59
  1500.00   -27.80  0.00   0.106  0.000  -0.390 0.233     5.85   0.67
  1505.00   -27.70  0.00   0.121  0.000  -0.386 0.234     5.77   0.75
  1510.00   -27.58  0.00   0.138  0.000  -0.381 0.235     5.70   0.84
  1515.00   -27.42  0.00   0.157  0.000  -0.375 0.236     5.63   0.94
  1520.00   -27.24  0.00   0.178  0.000  -0.369 0.237     5.57   1.05
  1525.00   -27.03  0.00   0.202  0.000  -0.362 0.238     5.51   1.17
  1530.00   -26.80  0.00   0.229  0.000  -0.353 0.240     5.47   1.31
  1535.00   -26.55  0.00   0.260  0.000  -0.344 0.242     5.43   1.46
  1540.00   -26.28  0.00   0.294  0.000  -0.334 0.244     5.41   1.62
  1545.00   -26.00  0.00   0.331  0.000  -0.322 0.248     5.41   1.80
  1550.00   -25.72  0.00   0.372  0.000  -0.310 0.253     5.43   2.00
  1555.00   -25.48  0.00   0.416  0.000  -0.297 0.259     5.49   2.20
  1560.00   -25.27  0.00   0.463  0.000  -0.283 0.267     5.57   2.41
  1565.00   -25.16  0.00   0.513  0.000  -0.269 0.277     5.69   2.63
  1570.00   -25.17  0.00   0.563  0.000  -0.254 0.289     5.86   2.85
  1575.00   -25.37  0.00   0.614  0.000  -0.241 0.303     6.06   3.07
  1580.00   -25.83  0.00   0.663  0.000  -0.228 0.320     6.30   3.27
  1585.00   -26.64  0.00   0.709  0.000  -0.216 0.339     6.58   3.44
  1590.00   -27.88  0.00   0.750  0.000  -0.207 0.359     6.88   3.59
  1595.00   -29.63  0.00   0.784  0.000  -0.200 0.381     7.20   3.70
  1600.00   -31.91  0.00   0.810  0.000  -0.196 0.404     7.53   3.77
  1605.00   -34.65  0.00   0.828  0.000  -0.194 0.427     7.85   3.81
  1610.00   -37.69  0.00   0.837  0.000  -0.195 0.449     8.15   3.80
  1615.00   -40.77  0.00   0.838  0.000  -0.199 0.470     8.42   3.75
  1620.00   -43.64  0.00   0.832  0.000  -0.205 0.490     8.67   3.67
  1625.00   -46.13  0.00   0.819  0.000  -0.212 0.508     8.87   3.57
  1630.00   -48.19  0.00   0.802  0.000  -0.221 0.525     9.04   3.45
  1635.00   -49.81  0.00   0.781  0.000  -0.231 0.539     9.17   3.32
  1640.00   -51.05  0.00   0.758  0.000  -0.240 0.552     9.26   3.18
  1645.00   -51.99  0.00   0.734  0.000  -0.250 0.562     9.33   3.04
  1650.00   -52.69  0.00   0.708  0.000  -0.260 0.572     9.36   2.90
  1655.00   -53.20  0.00   0.684  0.000  -0.270 0.579     9.37   2.76
  1660.00   -53.57  0.00   0.659  0.000  -0.279 0.586     9.36   2.63
  1665.00   -53.84  0.00   0.636  0.000  -0.287 0.592     9.34   2.51
  1670.00   -54.03  0.00   0.614  0.000  -0.295 0.596     9.30   2.39
  1675.00   -54.16  0.00   0.593  0.000  -0.303 0.600     9.25   2.29
  1680.00   -54.25  0.00   0.574  0.000  -0.309 0.604     9.19   2.19
  1685.00   -54.31  0.00   0.556  0.000  -0.316 0.606     9.12   2.09
  1690.00   -54.35  0.00   0.540  0.000  -0.321 0.609     9.05   2.01
  1695.00   -54.37  0.00   0.526  0.000  -0.326 0.611     8.98   1.93
  1700.00   -54.39  0.00   0.512  0.000  -0.331 0.612     8.90   1.86
  1705.00   -54.41  0.00   0.501  0.000  -0.334 0.614     8.82   1.80
  1710.00   -54.42  0.00   0.490  0.000  -0.338 0.615     8.74   1.74
  1715.00   -54.44  0.00   0.480  0.000  -0.341 0.617     8.66   1.69
  1720.00   -54.46  0.00   0.472  0.000  -0.344 0.618     8.58   1.64
  1725.00   -54.48  0.00   0.465  0.000  -0.346 0.619     8.50   1.60
  1730.00   -54.51  0.00   0.458  0.000  -0.348 0.620     8.42   1.56
  1735.00   -54.55  0.00   0.453  0.000  -0.350 0.621     8.34   1.52
  1740.00   -54.60  0.00   0.448  0.000  -0.351 0.622     8.27   1.49
  1745.00   -54.65  0.00   0.444  0.000  -0.352 0.623     8.19   1.46
  1750.00   -54.70  0.00   0.440  0.000  -0.353 0.624     8.12   1.43
  1755.00   -54.77  0.00   0.437  0.000  -0.354 0.625     8.05   1.41
  1760.00   -54.84  0.00   0.434  0.000  -0.354 0.627     7.98   1.38
  1765.00   -54.91  0.00   0.432  0.000  -0.355 0.628     7.91   1.36
  1770.00   -54.99  0.00   0.430  0.000  -0.355 0.629     7.84   1.34
  1775.00   -55.07  0.00   0.428  0.000  -0.355 0.630     7.78   1.32
  1780.00   -55.16  0.00   0.427  0.000  -0.355 0.631     7.71   1.30
  1785.00   -55.26  0.00   0.426  0.000  -0.355 0.633     7.65   1.29
  1790.00   -55.35  0.00   0.425  0.000  -0.355 0.634     7.59   1.27
  1795.00   -55.45  0.00   0.425  0.000  -0.354 0.635     7.52   1.26
  1800.00   -55.55  0.00   0.424  0.000  -0.354 0.637     7.46   1.24
  1805.00   -55.65  0.00   0.424  0.000  -0.354 0.638     7.40   1.23
  1810.00   -55.76  0.00   0.424  0.000  -0.353 0.639     7.35   1.22
  1815.00   -55.86  0.00   0.424  0.000  -0.352 0.640     7.29   1.21
  1820.00   -55.97  0.00   0.424  0.000  -0.352 0.642     7.23   1.20
  1825.00   -56.08  0.00   0.425  0.000  -0.351 0.643     7.18   1.18
  1830.00   -56.19  0.00   0.425  0.000  -0.351 0.644     7.12   1.17
  1835.00   -56.30  0.00   0.425  0.000  -0.350 0.646     7.07   1.16
  1840.00   -56.41  0.00   0.426  0.000  -0.349 0.647     7.01   1.16
  1845.00   -56.52  0.00   0.427  0.000  -0.348 0.648     6.96   1.15
  1850.00   -56.63  0.00   0.428  0.000  -0.348 0.649     6.91   1.14
  1855.00   -56.74  0.00   0.428  0.000  -0.347 0.651     6.86   1.13
  1860.00   -56.85  0.00   0.429  0.000  -0.346 0.652     6.81   1.12
  1865.00   -56.96  0.00   0.430  0.000  -0.345 0.653     6.76   1.11
  1870.00   -57.06  0.00   0.431  0.000  -0.344 0.654     6.71   1.11
  1875.00   -57.17  0.00   0.433  0.000  -0.343 0.655     6.66   1.10
  1880.00   -57.28  0.00   0.434  0.000  -0.342 0.656     6.61   1.09
  1885.00   -57.38  0.00   0.435  0.000  -0.341 0.657     6.56   1.08
  1890.00   -57.49  0.00   0.436  0.000  -0.340 0.658     6.51   1.08
  1895.00   -57.59  0.00   0.438  0.000  -0.339 0.660     6.46   1.07
  1900.00   -57.69  0.00   0.439  0.000  -0.338 0.661     6.41   1.07
  1905.00   -57.79  0.00   0.441  0.000  -0.337 0.661     6.37   1.06
  1910.00   -57.89  0.00   0.442  0.000  -0.336 0.662     6.32   1.06
  1915.00   -57.99  0.00   0.444  0.000  -0.335 0.663     6.27   1.05
  1920.00   -58.09  0.00   0.446  0.000  -0.334 0.664     6.23   1.04
  1925.00   -58.18  0.00   0.447  0.000  -0.333 0.665     6.18   1.04
  1930.00   -58.27  0.00   0.449  0.000  -0.332 0.666     6.13   1.03
  1935.00   -58.36  0.00   0.451  0.000  -0.331 0.667     6.09   1.03
  1940.00   -58.45  0.00   0.453  0.000  -0.330 0.667     6.04   1.03
  1945.00   -58.54  0.00   0.455  0.000  -0.329 0.668     6.00   1.02
  1950.00   -58.62  0.00   0.457  0.000  -0.328 0.669     5.95   1.02
  1955.00   -58.70  0.00   0.459  0.000  -0.326 0.669     5.91   1.01
  1960.00   -58.79  0.00   0.461  0.000  -0.325 0.670     5.87   1.01
  1965.00   -58.86  0.00   0.463  0.000  -0.324 0.670     5.82   1.01
  1970.00   -58.94  0.00   0.466  0.000  -0.323 0.671     5.78   1.00
  1975.00   -59.01  0.00   0.468  0.000  -0.322 0.671     5.74   1.00
  1980.00   -59.09  0.00   0.470  0.000  -0.321 0.672     5.69   1.00
  1985.00   -59.15  0.00   0.473  0.000  -0.320 0.672     5.65   0.99
  1990.00   -59.22  0.00   0.475  0.000  -0.318 0.673     5.61   0.99
  1995.00   -59.29  0.00   0.478  0.000  -0.317 0.673     5.56   0.99
  2000.00   -59.35  0.00   0.480  0.000  -0.316 0.673     5.52   0.99
  2005.00   -59.41  0.00   0.483  0.000  -0.315 0.673     5.48   0.98
  2010.00   -59.46  0.00   0.486  0.000  -0.314 0.673     5.44   0.98
  2015.00   -59.52  0.00   0.489  0.000  -0.313 0.674     5.40   0.98
  2020.00   -59.57  0.00   0.491  0.000  -0.311 0.674     5.35   0.98
  2025.00   -59.62  0.00   0.494  0.000  -0.310 0.674     5.31   0.97
  2030.00   -59.66  0.00   0.497  0.000  -0.309 0.674     5.27   0.97
  2035.00   -59.71  0.00   0.500  0.000  -0.308 0.674     5.23   0.97
  2040.00   -59.75  0.00   0.504  0.000  -0.307 0.673     5.19   0.97
  2045.00   -59.78  0.00   0.507  0.000  -0.305 0.673     5.15   0.97
  2050.00   -59.82  0.00   0.510  0.000  -0.304 0.673     5.11   0.97
  2055.00   -59.85  0.00   0.513  0.000  -0.303 0.673     5.07   0.97
  2060.00   -59.87  0.00   0.517  0.000  -0.302 0.672     5.03   0.97
  2065.00   -59.90  0.00   0.520  0.000  -0.300 0.672     4.99   0.97
  2070.00   -59.92  0.00   0.524  0.000  -0.299 0.672     4.94   0.96
  2075.00   -59.94  0.00   0.528  0.000  -0.298 0.671     4.90   0.96
  2080.00   -59.95  0.00   0.531  0.000  -0.297 0.671     4.86   0.96
  2085.00   -59.96  0.00   0.535  0.000  -0.295 0.670     4.82   0.96
  2090.00   -59.97  0.00   0.539  0.000  -0.294 0.669     4.78   0.96
  2095.00   -59.98  0.00   0.543  0.000  -0.293 0.669     4.74   0.96
  2100.00   -59.98  0.00   0.547  0.000  -0.291 0.668     4.71   0.96
  2105.00   -59.97  0.00   0.552  0.000  -0.290 0.667     4.67   0.96
  2110.00   -59.97  0.00   0.556  0.000  -0.289 0.666     4.63   0.96
  2115.00   -59.95  0.00   0.560  0.000  -0.287 0.665     4.59   0.97
  2120.00   -59.94  0.00   0.565  0.000  -0.286 0.664     4.55   0.97
  2125.00   -59.92  0.00   0.569  0.000  -0.285 0.663     4.51   0.97
  2130.00   -59.90  0.00   0.574  0.000  -0.283 0.662     4.47   0.97
  2135.00   -59.87  0.00   0.579  0.000  -0.282 0.661     4.43   0.97
  2140.00   -59.84  0.00   0.583  0.000  -0.280 0.660     4.39   0.97
  2145.00   -59.80  0.00   0.588  0.000  -0.279 0.658     4.35   0.97
  2150.00   -59.76  0.00   0.593  0.000  -0.277 0.657     4.31   0.97
  2155.00   -59.72  0.00   0.599  0.000  -0.276 0.656     4.27   0.97
  2160.00   -59.67  0.00   0.604  0.000  -0.274 0.654     4.23   0.98
  2165.00   -59.62  0.00   0.609  0.000  -0.273 0.653     4.19   0.98
  2170.00   -59.56  0.00   0.615  0.000  -0.271 0.651     4.15   0.98
  2175.00   -59.49  0.00   0.620  0.000  -0.270 0.649     4.12   0.98
  2180.00   -59.42  0.00   0.626  0.000  -0.268 0.648     4.08   0.99
  2185.00   -59.35  0.00   0.632  0.000  -0.266 0.646     4.04   0.99
  2190.00   -59.27  0.00   0.638  0.000  -0.264 0.644     4.00   0.99
  2195.00   -59.19  0.00   0.644  0.000  -0.263 0.642     3.96   0.99
  2200.00   -59.10  0.00   0.650  0.000  -0.261 0.640     3.92   1.00
  2205.00   -59.00  0.00   0.656  0.000  -0.259 0.638     3.88   1.00
  2210.00   -58.90  0.00   0.663  0.000  -0.257 0.635     3.84   1.00
  2215.00   -58.79  0.00   0.669  0.000  -0.255 0.633     3.80   1.00
  2220.00   -58.68  0.00   0.676  0.000  -0.253 0.631     3.76   1.01
  2225.00   -58.56  0.00   0.682  0.000  -0.251 0.628     3.73   1.01
  2230.00   -58.43  0.00   0.689  0.000  -0.249 0.626     3.69   1.02
  2235.00   -58.30  0.00   0.696  0.000  -0.246 0.623     3.65   1.02
  2240.00   -58.16  0.00   0.703  0.000  -0.244 0.621     3.61   1.02
  2245.00   -58.01  0.00   0.711  0.000  -0.242 0.618     3.57   1.03
  2250.00   -57.85  0.00   0.718  0.000  -0.239 0.615     3.53   1.03
  2255.00   -57.69  0.00   0.725  0.000  -0.237 0.612     3.49   1.03
  2260.00   -57.52  0.00   0.733  0.000  -0.234 0.609     3.45   1.04
  2265.00   -57.34  0.00   0.740  0.000  -0.231 0.606     3.42   1.04
  2270.00   -57.16  0.00   0.748  0.000  -0.229 0.603     3.38   1.05
  2275.00   -56.97  0.00   0.756  0.000  -0.226 0.600     3.34   1.05
  2280.00   -56.76  0.00   0.764  0.000  -0.223 0.597     3.30   1.06
  2285.00   -56.55  0.00   0.772  0.000  -0.220 0.594     3.26   1.06
  2290.00   -56.33  0.00   0.780  0.000  -0.216 0.590     3.22   1.06
  2295.00   -56.10  0.00   0.788  0.000  -0.213 0.587     3.18   1.07
  2300.00   -55.86  0.00   0.796  0.000  -0.210 0.584     3.15   1.07
  2305.00   -55.61  0.00   0.805  0.000  -0.206 0.580     3.11   1.08
  2310.00   -55.35  0.00   0.813  0.000  -0.202 0.576     3.07   1.08
  2315.00   -55.07  0.00   0.821  0.000  -0.198 0.573     3.03   1.09
  2320.00   -54.79  0.00   0.830  0.000  -0.194 0.569     2.99   1.09
  2325.00   -54.49  0.00   0.838  0.000  -0.190 0.565     2.96   1.10
  2330.00   -54.18  0.00   0.846  0.000  -0.186 0.562     2.92   1.10
  2335.00   -53.86  0.00   0.855  0.000  -0.181 0.558     2.88   1.10
  2340.00   -53.52  0.00   0.863  0.000  -0.177 0.554     2.85   1.11
  2345.00   -53.17  0.00   0.872  0.000  -0.172 0.550     2.81   1.11
  2350.00   -52.80  0.00   0.880  0.000  -0.167 0.547     2.77   1.12
  2355.00   -52.41  0.00   0.888  0.000  -0.162 0.543     2.74   1.12
  2360.00   -52.00  0.00   0.896  0.000  -0.156 0.539     2.70   1.12
  2365.00   -51.57  0.00   0.904  0.000  -0.151 0.535     2.67   1.13
  2370.00   -51.12  0.00   0.912  0.000  -0.145 0.531     2.63   1.13
  2375.00   -50.64  0.00   0.920  0.000  -0.139 0.528     2.60   1.13
  2380.00   -50.14  0.00   0.927  0.000  -0.133 0.524     2.57   1.14
  2385.00   -49.60  0.00   0.934  0.000  -0.126 0.520     2.53   1.14
  2390.00   -49.02  0.00   0.941  0.000  -0.120 0.517     2.50   1.14
  2395.00   -48.40  0.00   0.948  0.000  -0.113 0.513     2.47   1.14
  2400.00   -47.73  0.00   0.955  0.000  -0.106 0.510     2.44   1.14
