     4155.        0.00000218       -0.00000001        0.00000218       -0.00000000        0.00000000        0.00000000
     4160.        0.00007586       -0.00000032        0.00007586       -0.00000000        0.00000000        0.00000000
     4165.        0.00028260       -0.00000128        0.00028261       -0.00000000        0.00000000        0.00000000
     4170.        0.00062699       -0.00000300        0.00062699       -0.00000000        0.00000000        0.00000000
     4175.        0.00109886       -0.00000555        0.00109888       -0.00000000        0.00000000        0.00000000
     4180.        0.00168395       -0.00000869        0.00168397       -0.00000000        0.00000000        0.00000000
     4185.        0.00236692       -0.00001242        0.00236695       -0.00000000        0.00000000        0.00000000
     4190.        0.00313420       -0.00001700        0.00313425       -0.00000000        0.00000000        0.00000000
     4195.        0.00397359       -0.00002174        0.00397365       -0.00000000        0.00000000        0.00000000
     4200.        0.00487362       -0.00002660        0.00487369       -0.00000000        0.00000000        0.00000000
     4205.        0.00582532       -0.00003251        0.00582541       -0.00000001        0.00000000        0.00000001
     4210.        0.00682226       -0.00003961        0.00682237       -0.00000001        0.00000000        0.00000001
     4215.        0.00785858       -0.00004703        0.00785872       -0.00000001        0.00000000        0.00000001
     4220.        0.00892860       -0.00005442        0.00892876       -0.00000001        0.00000000        0.00000001
     4225.        0.01002768       -0.00006258        0.01002788       -0.00000001        0.00000000        0.00000001
     4230.        0.01115309       -0.00007278        0.01115332       -0.00000001        0.00000000        0.00000001
     4235.        0.01230376       -0.00008564        0.01230405       -0.00000001        0.00000000        0.00000001
     4240.        0.01347907       -0.00010075        0.01347945       -0.00000001        0.00000000        0.00000001
     4245.        0.01467811       -0.00011738        0.01467858       -0.00000001        0.00000000        0.00000001
     4250.        0.01589983       -0.00013521        0.01590041       -0.00000001        0.00000000        0.00000001
     4255.        0.01714313       -0.00015473        0.01714382       -0.00000001        0.00000000        0.00000001
     4260.        0.01840792       -0.00017718        0.01840877       -0.00000001        0.00000000        0.00000001
     4265.        0.01969534       -0.00020395        0.01969640       -0.00000001        0.00000000        0.00000001
     4270.        0.02100733       -0.00023611        0.02100865       -0.00000001        0.00000000        0.00000001
     4275.        0.02234666       -0.00027402        0.02234834       -0.00000001        0.00000000        0.00000001
     4280.        0.02371563       -0.00031742        0.02371775       -0.00000001        0.00000000        0.00000001
     4285.        0.02511664       -0.00036585        0.02511930       -0.00000001        0.00000000        0.00000001
     4290.        0.02655217       -0.00041895        0.02655547       -0.00000001        0.00000000        0.00000001
     4295.        0.02802382       -0.00047675        0.02802787       -0.00000002        0.00000000        0.00000002
     4300.        0.02953519       -0.00054072        0.02954014       -0.00000002        0.00000000        0.00000002
     4305.        0.03108979       -0.00061096        0.03109579       -0.00000002        0.00000000        0.00000002
     4310.        0.03269268       -0.00068904        0.03269994       -0.00000002        0.00000000        0.00000002
     4315.        0.03435160       -0.00077707        0.03436039       -0.00000002        0.00000000        0.00000002
     4320.        0.03607814       -0.00087525        0.03608876       -0.00000002        0.00000000        0.00000002
     4325.        0.03789265       -0.00097515        0.03790519       -0.00000002        0.00000000        0.00000002
     4330.        0.03980124       -0.00105075        0.03981511       -0.00000002        0.00000000        0.00000002
     4335.        0.04181193       -0.00108496        0.04182600       -0.00000002        0.00000000        0.00000002
     4340.        0.04388451       -0.00107749        0.04389774       -0.00000002        0.00000000        0.00000002
     4345.        0.04607459       -0.00099003        0.04608522       -0.00000002        0.00000000        0.00000002
     4350.        0.04828185       -0.00081765        0.04828877       -0.00000002        0.00000000        0.00000002
     4355.        0.05057909       -0.00061412        0.05058282       -0.00000002        0.00000000        0.00000002
     4360.        0.05296214       -0.00026359        0.05296279       -0.00000002        0.00000000        0.00000002
     4365.        0.05530859        0.00021594        0.05530901       -0.00000002       -0.00000000        0.00000002
     4370.        0.05763858        0.00072035        0.05764308       -0.00000003       -0.00000000        0.00000003
     4375.        0.06004017        0.00128551        0.06005393       -0.00000003       -0.00000000        0.00000003
     4380.        0.06247532        0.00201045        0.06250766       -0.00000003       -0.00000000        0.00000003
     4385.        0.06482727        0.00289581        0.06489191       -0.00000003       -0.00000000        0.00000003
     4390.        0.06704013        0.00384328        0.06715020       -0.00000003       -0.00000000        0.00000003
     4395.        0.06916553        0.00477244        0.06932999       -0.00000003       -0.00000000        0.00000003
     4400.        0.07127702        0.00570100        0.07150465       -0.00000003       -0.00000000        0.00000003
     4405.        0.07337663        0.00670174        0.07368204       -0.00000003       -0.00000000        0.00000003
     4410.        0.07539203        0.00781795        0.07579630       -0.00000003       -0.00000000        0.00000003
     4415.        0.07723238        0.00902297        0.07775767       -0.00000003       -0.00000000        0.00000003
     4420.        0.07884502        0.01023529        0.07950660       -0.00000003       -0.00000000        0.00000003
     4425.        0.08024033        0.01136822        0.08104163       -0.00000003       -0.00000000        0.00000003
     4430.        0.08146923        0.01237709        0.08240405       -0.00000003       -0.00000000        0.00000003
     4435.        0.08257530        0.01327119        0.08363495       -0.00000003       -0.00000000        0.00000003
     4440.        0.08356011        0.01408899        0.08473955       -0.00000003       -0.00000001        0.00000003
     4445.        0.08437173        0.01485968        0.08567029       -0.00000003       -0.00000001        0.00000003
     4450.        0.08491469        0.01557091        0.08633051       -0.00000003       -0.00000001        0.00000003
     4455.        0.08504710        0.01613751        0.08656459       -0.00000003       -0.00000001        0.00000003
     4460.        0.08444256        0.01625662        0.08599316       -0.00000003       -0.00000001        0.00000003
     4465.        0.08456874        0.01443462        0.08579178       -0.00000003       -0.00000001        0.00000003
     4470.        0.08575986        0.01365272        0.08683979       -0.00000003       -0.00000000        0.00000003
     4475.        0.08660849        0.01435011        0.08778927       -0.00000003       -0.00000000        0.00000003
     4480.        0.08761967        0.01337292        0.08863432       -0.00000003       -0.00000000        0.00000003
     4485.        0.08746179        0.01422291        0.08861070       -0.00000003       -0.00000000        0.00000003
     4490.        0.08717170        0.01321762        0.08816808       -0.00000003       -0.00000000        0.00000003
     4495.        0.08800482        0.01322637        0.08899317       -0.00000003       -0.00000000        0.00000003
     4500.        0.08741033        0.01400591        0.08852531       -0.00000003       -0.00000000        0.00000003
     4505.        0.08620875        0.01380782        0.08730753       -0.00000003       -0.00000000        0.00000003
     4510.        0.08563900        0.01326133        0.08665969       -0.00000003       -0.00000000        0.00000003
     4515.        0.08540831        0.01351650        0.08647124       -0.00000003       -0.00000000        0.00000003
     4520.        0.08443676        0.01452302        0.08567663       -0.00000003       -0.00000000        0.00000003
     4525.        0.08256499        0.01539721        0.08398841       -0.00000003       -0.00000000        0.00000003
     4530.        0.08036525        0.01575321        0.08189467       -0.00000003       -0.00000000        0.00000003
     4535.        0.07834792        0.01575885        0.07991707       -0.00000002       -0.00000000        0.00000002
     4540.        0.07670909        0.01582469        0.07832436       -0.00000002       -0.00000000        0.00000002
     4545.        0.07527924        0.01631059        0.07702597       -0.00000002       -0.00000001        0.00000002
     4550.        0.07371715        0.01726174        0.07571120       -0.00000002       -0.00000001        0.00000002
     4555.        0.07183551        0.01844458        0.07416565       -0.00000002       -0.00000001        0.00000002
     4560.        0.06969296        0.01960569        0.07239814       -0.00000002       -0.00000001        0.00000002
     4565.        0.06747065        0.02062049        0.07055135       -0.00000002       -0.00000001        0.00000002
     4570.        0.06535194        0.02148959        0.06879447       -0.00000002       -0.00000001        0.00000002
     4575.        0.06346841        0.02229556        0.06727059       -0.00000002       -0.00000001        0.00000002
     4580.        0.06187643        0.02316460        0.06607035       -0.00000002       -0.00000001        0.00000002
     4585.        0.06054697        0.02422397        0.06521301       -0.00000002       -0.00000001        0.00000002
     4590.        0.05937542        0.02555225        0.06464022       -0.00000002       -0.00000001        0.00000002
     4595.        0.05823116        0.02714698        0.06424817       -0.00000002       -0.00000001        0.00000002
     4600.        0.05701047        0.02893264        0.06393192       -0.00000002       -0.00000001        0.00000002
     4605.        0.05566786        0.03079960        0.06362017       -0.00000002       -0.00000001        0.00000002
     4610.        0.05421284        0.03264432        0.06328257       -0.00000002       -0.00000001        0.00000002
     4615.        0.05269023        0.03439102        0.06292061       -0.00000001       -0.00000001        0.00000002
     4620.        0.05115882        0.03599639        0.06255370       -0.00000001       -0.00000001        0.00000002
     4625.        0.04967939        0.03744652        0.06221160       -0.00000001       -0.00000001        0.00000002
     4630.        0.04830327        0.03875058        0.06192587       -0.00000001       -0.00000001        0.00000002
     4635.        0.04707015        0.03993593        0.06172907       -0.00000001       -0.00000001        0.00000002
     4640.        0.04600168        0.04104057        0.06164805       -0.00000001       -0.00000001        0.00000002
     4645.        0.04510192        0.04210656        0.06170207       -0.00000001       -0.00000001        0.00000002
