     4155.        0.00000264       -0.00000000        0.00000264       -0.00000000        0.00000000        0.00000000
     4160.        0.00009165       -0.00000001        0.00009165       -0.00000000        0.00000000        0.00000000
     4165.        0.00034099        0.00000002        0.00034099       -0.00000000       -0.00000000        0.00000000
     4170.        0.00075514        0.00000036        0.00075514       -0.00000000       -0.00000000        0.00000000
     4175.        0.00132029        0.00000125        0.00132029       -0.00000000       -0.00000000        0.00000000
     4180.        0.00201737        0.00000334        0.00201737       -0.00000000       -0.00000000        0.00000000
     4185.        0.00282570        0.00000694        0.00282570       -0.00000000       -0.00000000        0.00000000
     4190.        0.00372682        0.00001195        0.00372684       -0.00000000       -0.00000000        0.00000000
     4195.        0.00470375        0.00001965        0.00470380       -0.00000000       -0.00000000        0.00000000
     4200.        0.00574033        0.00003031        0.00574041       -0.00000001       -0.00000000        0.00000001
     4205.        0.00682360        0.00004286        0.00682373       -0.00000001       -0.00000000        0.00000001
     4210.        0.00794385        0.00005744        0.00794406       -0.00000001       -0.00000000        0.00000001
     4215.        0.00909200        0.00007545        0.00909232       -0.00000001       -0.00000000        0.00000001
     4220.        0.01025909        0.00009754        0.01025956       -0.00000001       -0.00000000        0.00000001
     4225.        0.01143759        0.00012284        0.01143825       -0.00000001       -0.00000000        0.00000001
     4230.        0.01262257        0.00014989        0.01262346       -0.00000001       -0.00000000        0.00000001
     4235.        0.01381108        0.00017827        0.01381223       -0.00000001       -0.00000000        0.00000001
     4240.        0.01500072        0.00020884        0.01500218       -0.00000001       -0.00000000        0.00000001
     4245.        0.01618870        0.00024282        0.01619052       -0.00000001       -0.00000000        0.00000001
     4250.        0.01737174        0.00028079        0.01737401       -0.00000001       -0.00000000        0.00000001
     4255.        0.01854709        0.00032230        0.01854989       -0.00000001       -0.00000000        0.00000001
     4260.        0.01971319        0.00036618        0.01971659       -0.00000001       -0.00000000        0.00000001
     4265.        0.02086958        0.00041116        0.02087363       -0.00000001       -0.00000000        0.00000001
     4270.        0.02201714        0.00045657        0.02202187       -0.00000001       -0.00000000        0.00000001
     4275.        0.02315683        0.00050261        0.02316229       -0.00000001       -0.00000000        0.00000001
     4280.        0.02428967        0.00055010        0.02429590       -0.00000001       -0.00000000        0.00000001
     4285.        0.02541628        0.00060008        0.02542336       -0.00000001       -0.00000000        0.00000001
     4290.        0.02653629        0.00065332        0.02654433       -0.00000001       -0.00000000        0.00000001
     4295.        0.02765039        0.00071012        0.02765950       -0.00000002       -0.00000000        0.00000002
     4300.        0.02875835        0.00077028        0.02876867       -0.00000002       -0.00000000        0.00000002
     4305.        0.02986158        0.00083334        0.02987321       -0.00000002       -0.00000000        0.00000002
     4310.        0.03096170        0.00089854        0.03097474       -0.00000002       -0.00000000        0.00000002
     4315.        0.03206092        0.00096526        0.03207545       -0.00000002       -0.00000000        0.00000002
     4320.        0.03316429        0.00103333        0.03318038       -0.00000002       -0.00000000        0.00000002
     4325.        0.03427742        0.00110602        0.03429526       -0.00000002       -0.00000000        0.00000002
     4330.        0.03540327        0.00119073        0.03542329       -0.00000002       -0.00000000        0.00000002
     4335.        0.03654476        0.00129361        0.03656764       -0.00000002       -0.00000000        0.00000002
     4340.        0.03768996        0.00141548        0.03771653       -0.00000002       -0.00000000        0.00000002
     4345.        0.03885479        0.00156717        0.03888638       -0.00000002       -0.00000000        0.00000002
     4350.        0.04001212        0.00175005        0.04005038       -0.00000002       -0.00000000        0.00000002
     4355.        0.04118230        0.00194996        0.04122844       -0.00000002       -0.00000000        0.00000002
     4360.        0.04236447        0.00219870        0.04242149       -0.00000002       -0.00000000        0.00000002
     4365.        0.04352614        0.00249139        0.04359739       -0.00000002       -0.00000000        0.00000002
     4370.        0.04467340        0.00279977        0.04476105       -0.00000002       -0.00000000        0.00000002
     4375.        0.04583205        0.00313258        0.04593898       -0.00000002       -0.00000000        0.00000002
     4380.        0.04699506        0.00351658        0.04712644       -0.00000002       -0.00000000        0.00000002
     4385.        0.04813472        0.00395456        0.04829689       -0.00000002       -0.00000000        0.00000002
     4390.        0.04923723        0.00442369        0.04943555       -0.00000002       -0.00000000        0.00000002
     4395.        0.05031609        0.00490365        0.05055448       -0.00000002       -0.00000000        0.00000002
     4400.        0.05139276        0.00539815        0.05167548       -0.00000002       -0.00000000        0.00000002
     4405.        0.05247342        0.00592717        0.05280711       -0.00000002       -0.00000000        0.00000002
     4410.        0.05354506        0.00650659        0.05393894       -0.00000002       -0.00000000        0.00000002
     4415.        0.05458693        0.00713650        0.05505145       -0.00000002       -0.00000000        0.00000002
     4420.        0.05558487        0.00780226        0.05612978       -0.00000002       -0.00000000        0.00000002
     4425.        0.05653938        0.00848465        0.05717247       -0.00000002       -0.00000000        0.00000002
     4430.        0.05746352        0.00917173        0.05819086       -0.00000002       -0.00000000        0.00000002
     4435.        0.05837283        0.00986464        0.05920049       -0.00000002       -0.00000000        0.00000002
     4440.        0.05927678        0.01057481        0.06021265       -0.00000002       -0.00000000        0.00000002
     4445.        0.06017353        0.01131612        0.06122833       -0.00000002       -0.00000000        0.00000002
     4450.        0.06105234        0.01209773        0.06223941       -0.00000002       -0.00000000        0.00000002
     4455.        0.06189873        0.01292027        0.06323280       -0.00000002       -0.00000000        0.00000002
     4460.        0.06270048        0.01377566        0.06419594       -0.00000002       -0.00000000        0.00000002
     4465.        0.06345174        0.01465014        0.06512104       -0.00000002       -0.00000001        0.00000002
     4470.        0.06415486        0.01553085        0.06600798       -0.00000002       -0.00000001        0.00000002
     4475.        0.06481719        0.01640633        0.06686132       -0.00000002       -0.00000001        0.00000002
     4480.        0.06544909        0.01727317        0.06769007       -0.00000002       -0.00000001        0.00000002
     4485.        0.06606543        0.01812998        0.06850793       -0.00000002       -0.00000001        0.00000002
     4490.        0.06667006        0.01898834        0.06932138       -0.00000002       -0.00000001        0.00000002
     4495.        0.06726819        0.01984985        0.07013577       -0.00000002       -0.00000001        0.00000002
     4500.        0.06786280        0.02072993        0.07095836       -0.00000002       -0.00000001        0.00000002
     4505.        0.06844047        0.02163733        0.07177933       -0.00000002       -0.00000001        0.00000002
     4510.        0.06899196        0.02256760        0.07258917       -0.00000002       -0.00000001        0.00000002
     4515.        0.06951518        0.02351886        0.07338595       -0.00000002       -0.00000001        0.00000002
     4520.        0.07000423        0.02449222        0.07416510       -0.00000002       -0.00000001        0.00000002
     4525.        0.07044893        0.02548216        0.07491590       -0.00000002       -0.00000001        0.00000002
     4530.        0.07084419        0.02647575        0.07562979       -0.00000002       -0.00000001        0.00000002
     4535.        0.07119412        0.02745943        0.07630611       -0.00000002       -0.00000001        0.00000002
     4540.        0.07150942        0.02842595        0.07695214       -0.00000002       -0.00000001        0.00000002
     4545.        0.07179924        0.02937447        0.07757571       -0.00000002       -0.00000001        0.00000002
     4550.        0.07207006        0.03030722        0.07818326       -0.00000002       -0.00000001        0.00000002
     4555.        0.07232595        0.03122649        0.07877903       -0.00000002       -0.00000001        0.00000002
     4560.        0.07257008        0.03213424        0.07936640       -0.00000002       -0.00000001        0.00000002
     4565.        0.07280540        0.03303253        0.07994857       -0.00000002       -0.00000001        0.00000002
     4570.        0.07303599        0.03392502        0.08053050       -0.00000002       -0.00000001        0.00000002
     4575.        0.07326395        0.03481685        0.08111609       -0.00000002       -0.00000001        0.00000002
     4580.        0.07348841        0.03571506        0.08170747       -0.00000002       -0.00000001        0.00000002
     4585.        0.07370564        0.03662548        0.08230399       -0.00000002       -0.00000001        0.00000002
     4590.        0.07390941        0.03755162        0.08290190       -0.00000002       -0.00000001        0.00000002
     4595.        0.07409188        0.03849435        0.08349504       -0.00000002       -0.00000001        0.00000002
     4600.        0.07424607        0.03945061        0.08407633       -0.00000002       -0.00000001        0.00000002
     4605.        0.07436621        0.04041516        0.08463875       -0.00000002       -0.00000001        0.00000002
     4610.        0.07444890        0.04138080        0.08517634       -0.00000002       -0.00000001        0.00000002
     4615.        0.07449393        0.04233978        0.08568548       -0.00000002       -0.00000001        0.00000002
     4620.        0.07450324        0.04328561        0.08616482       -0.00000002       -0.00000001        0.00000002
     4625.        0.07448106        0.04421161        0.08661463       -0.00000002       -0.00000001        0.00000002
     4630.        0.07443212        0.04511389        0.08703679       -0.00000002       -0.00000001        0.00000002
     4635.        0.07436274        0.04599033        0.08743528       -0.00000002       -0.00000001        0.00000002
     4640.        0.07427796        0.04683990        0.08781339       -0.00000002       -0.00000001        0.00000002
     4645.        0.07418330        0.04766305        0.08817555       -0.00000002       -0.00000001        0.00000002
