     4155.        0.00000001       -0.00000000        0.00000001       -0.00000000        0.00000000        0.00000000
     4160.        0.00000168       -0.00000000        0.00000168       -0.00000000        0.00000000        0.00000000
     4165.        0.00001072       -0.00000000        0.00001072       -0.00000000        0.00000000        0.00000000
     4170.        0.00003313       -0.00000001        0.00003313       -0.00000000        0.00000000        0.00000000
     4175.        0.00007351       -0.00000002        0.00007351       -0.00000000        0.00000000        0.00000000
     4180.        0.00013497       -0.00000003        0.00013497       -0.00000000        0.00000000        0.00000000
     4185.        0.00021930       -0.00000005        0.00021930       -0.00000000        0.00000000        0.00000000
     4190.        0.00032735       -0.00000006        0.00032735       -0.00000000        0.00000000        0.00000000
     4195.        0.00045916       -0.00000004        0.00045916       -0.00000000        0.00000000        0.00000000
     4200.        0.00061427        0.00000000        0.00061427       -0.00000000       -0.00000000        0.00000000
     4205.        0.00079186        0.00000009        0.00079186       -0.00000000       -0.00000000        0.00000000
     4210.        0.00099087        0.00000022        0.00099087       -0.00000000       -0.00000000        0.00000000
     4215.        0.00121013        0.00000044        0.00121013       -0.00000000       -0.00000000        0.00000000
     4220.        0.00144837        0.00000078        0.00144837       -0.00000000       -0.00000000        0.00000000
     4225.        0.00170432        0.00000124        0.00170433       -0.00000000       -0.00000000        0.00000000
     4230.        0.00197675        0.00000182        0.00197675       -0.00000000       -0.00000000        0.00000000
     4235.        0.00226452        0.00000252        0.00226452       -0.00000000       -0.00000000        0.00000000
     4240.        0.00256659        0.00000340        0.00256659       -0.00000000       -0.00000000        0.00000000
     4245.        0.00288197        0.00000454        0.00288198       -0.00000000       -0.00000000        0.00000000
     4250.        0.00320975        0.00000606        0.00320975       -0.00000000       -0.00000000        0.00000000
     4255.        0.00354908        0.00000812        0.00354909       -0.00000000       -0.00000000        0.00000000
     4260.        0.00389926        0.00001105        0.00389928       -0.00000000       -0.00000000        0.00000000
     4265.        0.00425947        0.00001557        0.00425950       -0.00000000       -0.00000000        0.00000000
     4270.        0.00462768        0.00002314        0.00462774       -0.00000000       -0.00000000        0.00000000
     4275.        0.00499777        0.00003263        0.00499788       -0.00000000       -0.00000000        0.00000000
     4280.        0.00537065        0.00003173        0.00537074       -0.00000000       -0.00000000        0.00000000
     4285.        0.00576097        0.00002465        0.00576103       -0.00000000       -0.00000000        0.00000000
     4290.        0.00616425        0.00002133        0.00616429       -0.00000000       -0.00000000        0.00000000
     4295.        0.00657595        0.00002082        0.00657598       -0.00000000       -0.00000000        0.00000000
     4300.        0.00699532        0.00002257        0.00699536       -0.00000000       -0.00000000        0.00000000
     4305.        0.00742115        0.00002545        0.00742120       -0.00000000       -0.00000000        0.00000000
     4310.        0.00785409        0.00002849        0.00785414       -0.00000000       -0.00000000        0.00000000
     4315.        0.00829390        0.00003175        0.00829396       -0.00000000       -0.00000000        0.00000000
     4320.        0.00874198        0.00003484        0.00874205       -0.00000000       -0.00000000        0.00000000
     4325.        0.00919801        0.00003817        0.00919809       -0.00000000       -0.00000000        0.00000000
     4330.        0.00966304        0.00004123        0.00966313       -0.00000000       -0.00000000        0.00000000
     4335.        0.01013813        0.00004497        0.01013823       -0.00000000       -0.00000000        0.00000000
     4340.        0.01062314        0.00004992        0.01062326       -0.00000001       -0.00000000        0.00000001
     4345.        0.01111911        0.00005657        0.01111925       -0.00000001       -0.00000000        0.00000001
     4350.        0.01162569        0.00006559        0.01162588       -0.00000001       -0.00000000        0.00000001
     4355.        0.01214438        0.00007683        0.01214462       -0.00000001       -0.00000000        0.00000001
     4360.        0.01267584        0.00009279        0.01267618       -0.00000001       -0.00000000        0.00000001
     4365.        0.01321827        0.00011425        0.01321876       -0.00000001       -0.00000000        0.00000001
     4370.        0.01377192        0.00013959        0.01377263       -0.00000001       -0.00000000        0.00000001
     4375.        0.01433947        0.00016946        0.01434047       -0.00000001       -0.00000000        0.00000001
     4380.        0.01492154        0.00020698        0.01492297       -0.00000001       -0.00000000        0.00000001
     4385.        0.01551611        0.00025397        0.01551819       -0.00000001       -0.00000000        0.00000001
     4390.        0.01612139        0.00030940        0.01612436       -0.00000001       -0.00000000        0.00000001
     4395.        0.01673836        0.00037134        0.01674248       -0.00000001       -0.00000000        0.00000001
     4400.        0.01736989        0.00043998        0.01737546       -0.00000001       -0.00000000        0.00000001
     4405.        0.01801791        0.00051803        0.01802536       -0.00000001       -0.00000000        0.00000001
     4410.        0.01868195        0.00060875        0.01869186       -0.00000001       -0.00000000        0.00000001
     4415.        0.01935958        0.00071379        0.01937274       -0.00000001       -0.00000000        0.00000001
     4420.        0.02004852        0.00083237        0.02006579       -0.00000001       -0.00000000        0.00000001
     4425.        0.02074813        0.00096202        0.02077042       -0.00000001       -0.00000000        0.00000001
     4430.        0.02146038        0.00110021        0.02148856       -0.00000001       -0.00000000        0.00000001
     4435.        0.02218892        0.00124601        0.02222387       -0.00000001       -0.00000000        0.00000001
     4440.        0.02293760        0.00140045        0.02298032       -0.00000001       -0.00000000        0.00000001
     4445.        0.02370930        0.00156549        0.02376093       -0.00000001       -0.00000000        0.00000001
     4450.        0.02450611        0.00174231        0.02456796       -0.00000001       -0.00000000        0.00000001
     4455.        0.02533123        0.00192925        0.02540459       -0.00000001       -0.00000000        0.00000001
     4460.        0.02619576        0.00211779        0.02628123       -0.00000001       -0.00000000        0.00000001
     4465.        0.02717084        0.00232305        0.02726996       -0.00000001       -0.00000000        0.00000001
     4470.        0.02819575        0.00267356        0.02832223       -0.00000001       -0.00000000        0.00000001
     4475.        0.02919186        0.00305780        0.02935157       -0.00000001       -0.00000000        0.00000001
     4480.        0.03015938        0.00358329        0.03037151       -0.00000001       -0.00000000        0.00000001
     4485.        0.03117655        0.00405818        0.03143956       -0.00000001       -0.00000000        0.00000001
     4490.        0.03216498        0.00471630        0.03250892       -0.00000001       -0.00000000        0.00000001
     4495.        0.03307020        0.00532039        0.03349544       -0.00000001       -0.00000000        0.00000001
     4500.        0.03408442        0.00596820        0.03460299       -0.00000001       -0.00000000        0.00000001
     4505.        0.03506744        0.00678588        0.03571797       -0.00000001       -0.00000000        0.00000001
     4510.        0.03592061        0.00763711        0.03672350       -0.00000001       -0.00000000        0.00000001
     4515.        0.03676444        0.00844296        0.03772144       -0.00000001       -0.00000000        0.00000001
     4520.        0.03766790        0.00930413        0.03879997       -0.00000001       -0.00000000        0.00000001
     4525.        0.03855626        0.01030077        0.03990853       -0.00000001       -0.00000000        0.00000001
     4530.        0.03932969        0.01139672        0.04094765       -0.00000001       -0.00000000        0.00000001
     4535.        0.03997592        0.01249138        0.04188208       -0.00000001       -0.00000000        0.00000001
     4540.        0.04056959        0.01353412        0.04276755       -0.00000001       -0.00000000        0.00000001
     4545.        0.04117742        0.01455969        0.04367567       -0.00000001       -0.00000000        0.00000001
     4550.        0.04180295        0.01563110        0.04462978       -0.00000001       -0.00000000        0.00000001
     4555.        0.04240187        0.01678392        0.04560283       -0.00000001       -0.00000001        0.00000001
     4560.        0.04291984        0.01800714        0.04654428       -0.00000001       -0.00000001        0.00000001
     4565.        0.04332876        0.01925371        0.04741399       -0.00000001       -0.00000001        0.00000001
     4570.        0.04364272        0.02047161        0.04820553       -0.00000001       -0.00000001        0.00000001
     4575.        0.04390630        0.02163637        0.04894789       -0.00000001       -0.00000001        0.00000001
     4580.        0.04416376        0.02276115        0.04968408       -0.00000001       -0.00000001        0.00000001
     4585.        0.04443507        0.02388204        0.05044628       -0.00000001       -0.00000001        0.00000001
     4590.        0.04471188        0.02503591        0.05124401       -0.00000001       -0.00000001        0.00000001
     4595.        0.04496631        0.02624490        0.05206499       -0.00000001       -0.00000001        0.00000001
     4600.        0.04516260        0.02751020        0.05288168       -0.00000001       -0.00000001        0.00000001
     4605.        0.04527008        0.02881295        0.05366159       -0.00000001       -0.00000001        0.00000002
     4610.        0.04527300        0.03012057        0.05437732       -0.00000001       -0.00000001        0.00000002
     4615.        0.04517506        0.03139686        0.05501407       -0.00000001       -0.00000001        0.00000002
     4620.        0.04499648        0.03261334        0.05557260       -0.00000001       -0.00000001        0.00000002
     4625.        0.04476760        0.03375684        0.05606837       -0.00000001       -0.00000001        0.00000002
     4630.        0.04451811        0.03483067        0.05652466       -0.00000001       -0.00000001        0.00000002
     4635.        0.04426929        0.03585025        0.05696499       -0.00000001       -0.00000001        0.00000002
     4640.        0.04403028        0.03683572        0.05740676       -0.00000001       -0.00000001        0.00000002
     4645.        0.04379959        0.03780587        0.05785921       -0.00000001       -0.00000001        0.00000002
