     4155.        0.00000001       -0.00000000        0.00000001       -0.00000000        0.00000000        0.00000000
     4160.        0.00000219       -0.00000000        0.00000219       -0.00000000        0.00000000        0.00000000
     4165.        0.00001405       -0.00000000        0.00001405       -0.00000000        0.00000000        0.00000000
     4170.        0.00004359        0.00000000        0.00004359       -0.00000000       -0.00000000        0.00000000
     4175.        0.00009705        0.00000000        0.00009705       -0.00000000       -0.00000000        0.00000000
     4180.        0.00017873        0.00000002        0.00017873       -0.00000000       -0.00000000        0.00000000
     4185.        0.00029123        0.00000007        0.00029123       -0.00000000       -0.00000000        0.00000000
     4190.        0.00043580        0.00000016        0.00043580       -0.00000000       -0.00000000        0.00000000
     4195.        0.00061264        0.00000033        0.00061264       -0.00000000       -0.00000000        0.00000000
     4200.        0.00082116        0.00000061        0.00082116       -0.00000000       -0.00000000        0.00000000
     4205.        0.00106026        0.00000103        0.00106026       -0.00000000       -0.00000000        0.00000000
     4210.        0.00132850        0.00000161        0.00132851       -0.00000000       -0.00000000        0.00000000
     4215.        0.00162421        0.00000242        0.00162421       -0.00000000       -0.00000000        0.00000000
     4220.        0.00194552        0.00000354        0.00194553       -0.00000000       -0.00000000        0.00000000
     4225.        0.00229050        0.00000498        0.00229050       -0.00000000       -0.00000000        0.00000000
     4230.        0.00265726        0.00000672        0.00265727       -0.00000000       -0.00000000        0.00000000
     4235.        0.00304402        0.00000877        0.00304403       -0.00000000       -0.00000000        0.00000000
     4240.        0.00344907        0.00001120        0.00344909       -0.00000000       -0.00000000        0.00000000
     4245.        0.00387072        0.00001409        0.00387074       -0.00000000       -0.00000000        0.00000000
     4250.        0.00430731        0.00001754        0.00430734       -0.00000000       -0.00000000        0.00000000
     4255.        0.00475730        0.00002156        0.00475735       -0.00000000       -0.00000000        0.00000000
     4260.        0.00521926        0.00002611        0.00521932       -0.00000000       -0.00000000        0.00000000
     4265.        0.00569188        0.00003113        0.00569197       -0.00000000       -0.00000000        0.00000000
     4270.        0.00617409        0.00003657        0.00617420       -0.00000000       -0.00000000        0.00000000
     4275.        0.00666491        0.00004243        0.00666505       -0.00000000       -0.00000000        0.00000000
     4280.        0.00716345        0.00004879        0.00716361       -0.00000000       -0.00000000        0.00000000
     4285.        0.00766883        0.00005575        0.00766904       -0.00000000       -0.00000000        0.00000000
     4290.        0.00818028        0.00006338        0.00818052       -0.00000000       -0.00000000        0.00000000
     4295.        0.00869697        0.00007176        0.00869727       -0.00000000       -0.00000000        0.00000000
     4300.        0.00921825        0.00008086        0.00921860       -0.00000000       -0.00000000        0.00000000
     4305.        0.00974348        0.00009065        0.00974390       -0.00000001       -0.00000000        0.00000001
     4310.        0.01027220        0.00010104        0.01027270       -0.00000001       -0.00000000        0.00000001
     4315.        0.01080403        0.00011192        0.01080461       -0.00000001       -0.00000000        0.00000001
     4320.        0.01133874        0.00012323        0.01133941       -0.00000001       -0.00000000        0.00000001
     4325.        0.01187624        0.00013495        0.01187701       -0.00000001       -0.00000000        0.00000001
     4330.        0.01241653        0.00014718        0.01241740       -0.00000001       -0.00000000        0.00000001
     4335.        0.01295962        0.00016015        0.01296061       -0.00000001       -0.00000000        0.00000001
     4340.        0.01350538        0.00017410        0.01350650       -0.00000001       -0.00000000        0.00000001
     4345.        0.01405399        0.00018942        0.01405526       -0.00000001       -0.00000000        0.00000001
     4350.        0.01460496        0.00020648        0.01460642       -0.00000001       -0.00000000        0.00000001
     4355.        0.01515850        0.00022523        0.01516017       -0.00000001       -0.00000000        0.00000001
     4360.        0.01571468        0.00024657        0.01571661       -0.00000001       -0.00000000        0.00000001
     4365.        0.01627261        0.00027082        0.01627487       -0.00000001       -0.00000000        0.00000001
     4370.        0.01683220        0.00029741        0.01683483       -0.00000001       -0.00000000        0.00000001
     4375.        0.01739417        0.00032657        0.01739724       -0.00000001       -0.00000000        0.00000001
     4380.        0.01795860        0.00035940        0.01796219       -0.00000001       -0.00000000        0.00000001
     4385.        0.01852457        0.00039649        0.01852881       -0.00000001       -0.00000000        0.00000001
     4390.        0.01909138        0.00043743        0.01909639       -0.00000001       -0.00000000        0.00000001
     4395.        0.01965928        0.00048149        0.01966517       -0.00000001       -0.00000000        0.00000001
     4400.        0.02022931        0.00052877        0.02023622       -0.00000001       -0.00000000        0.00000001
     4405.        0.02080214        0.00058036        0.02081024       -0.00000001       -0.00000000        0.00000001
     4410.        0.02137747        0.00063757        0.02138698       -0.00000001       -0.00000000        0.00000001
     4415.        0.02195433        0.00070117        0.02196552       -0.00000001       -0.00000000        0.00000001
     4420.        0.02253166        0.00077109        0.02254485       -0.00000001       -0.00000000        0.00000001
     4425.        0.02310898        0.00084666        0.02312448       -0.00000001       -0.00000000        0.00000001
     4430.        0.02368662        0.00092721        0.02370476       -0.00000001       -0.00000000        0.00000001
     4435.        0.02426546        0.00101272        0.02428659       -0.00000001       -0.00000000        0.00000001
     4440.        0.02484631        0.00110391        0.02487082       -0.00000001       -0.00000000        0.00000001
     4445.        0.02542934        0.00120201        0.02545773       -0.00000001       -0.00000000        0.00000001
     4450.        0.02601409        0.00130830        0.02604696       -0.00000001       -0.00000000        0.00000001
     4455.        0.02659943        0.00142362        0.02663750       -0.00000001       -0.00000000        0.00000001
     4460.        0.02718406        0.00154815        0.02722811       -0.00000001       -0.00000000        0.00000001
     4465.        0.02776678        0.00168140        0.02781764       -0.00000001       -0.00000000        0.00000001
     4470.        0.02834698        0.00182241        0.02840550       -0.00000001       -0.00000000        0.00000001
     4475.        0.02892464        0.00197011        0.02899165       -0.00000001       -0.00000000        0.00000001
     4480.        0.02950036        0.00212374        0.02957671       -0.00000001       -0.00000000        0.00000001
     4485.        0.03007536        0.00228295        0.03016188       -0.00000001       -0.00000000        0.00000001
     4490.        0.03065038        0.00244825        0.03074801       -0.00000001       -0.00000000        0.00000001
     4495.        0.03122590        0.00262013        0.03133564       -0.00000001       -0.00000000        0.00000001
     4500.        0.03180333        0.00280017        0.03192637       -0.00000001       -0.00000000        0.00000001
     4505.        0.03238109        0.00298980        0.03251882       -0.00000001       -0.00000000        0.00000001
     4510.        0.03295876        0.00318950        0.03311273       -0.00000001       -0.00000000        0.00000001
     4515.        0.03353562        0.00339994        0.03370752       -0.00000001       -0.00000000        0.00000001
     4520.        0.03411091        0.00362202        0.03430267       -0.00000001       -0.00000000        0.00000001
     4525.        0.03468231        0.00385578        0.03489598       -0.00000001       -0.00000000        0.00000001
     4530.        0.03524865        0.00410012        0.03548631       -0.00000001       -0.00000000        0.00000001
     4535.        0.03580941        0.00435347        0.03607307       -0.00000001       -0.00000000        0.00000001
     4540.        0.03636469        0.00461476        0.03665633       -0.00000001       -0.00000000        0.00000001
     4545.        0.03691558        0.00488352        0.03723720       -0.00000001       -0.00000000        0.00000001
     4550.        0.03746192        0.00515969        0.03781557       -0.00000001       -0.00000000        0.00000001
     4555.        0.03800417        0.00544299        0.03839196       -0.00000001       -0.00000000        0.00000001
     4560.        0.03854285        0.00573311        0.03896690       -0.00000001       -0.00000000        0.00000001
     4565.        0.03907814        0.00602983        0.03954061       -0.00000001       -0.00000000        0.00000001
     4570.        0.03961126        0.00633338        0.04011439       -0.00000001       -0.00000000        0.00000001
     4575.        0.04014314        0.00664464        0.04068935       -0.00000001       -0.00000000        0.00000001
     4580.        0.04067368        0.00696506        0.04126572       -0.00000001       -0.00000000        0.00000001
     4585.        0.04120314        0.00729619        0.04184415       -0.00000001       -0.00000000        0.00000001
     4590.        0.04172972        0.00763939        0.04242322       -0.00000001       -0.00000000        0.00000001
     4595.        0.04225259        0.00799549        0.04300243       -0.00000001       -0.00000000        0.00000001
     4600.        0.04276915        0.00836468        0.04357945       -0.00000001       -0.00000000        0.00000001
     4605.        0.04327782        0.00874637        0.04415278       -0.00000001       -0.00000000        0.00000001
     4610.        0.04377693        0.00913963        0.04472083       -0.00000001       -0.00000000        0.00000001
     4615.        0.04426627        0.00954307        0.04528325       -0.00000001       -0.00000000        0.00000001
     4620.        0.04474486        0.00995527        0.04583896       -0.00000001       -0.00000000        0.00000001
     4625.        0.04521246        0.01037489        0.04638755       -0.00000001       -0.00000000        0.00000001
     4630.        0.04566919        0.01080087        0.04692903       -0.00000001       -0.00000000        0.00000001
     4635.        0.04611591        0.01123217        0.04746408       -0.00000001       -0.00000000        0.00000001
     4640.        0.04655279        0.01166806        0.04799277       -0.00000001       -0.00000000        0.00000001
     4645.        0.04698036        0.01210788        0.04851551       -0.00000001       -0.00000000        0.00000001
