     4155.        0.00000000       -0.00000000        0.00000000       -0.00000000        0.00000000        0.00000000
     4160.        0.00000004       -0.00000000        0.00000004       -0.00000000        0.00000000        0.00000000
     4165.        0.00000040       -0.00000000        0.00000040       -0.00000000        0.00000000        0.00000000
     4170.        0.00000172       -0.00000000        0.00000172       -0.00000000        0.00000000        0.00000000
     4175.        0.00000485       -0.00000000        0.00000485       -0.00000000        0.00000000        0.00000000
     4180.        0.00001072       -0.00000000        0.00001072       -0.00000000        0.00000000        0.00000000
     4185.        0.00002023       -0.00000000        0.00002023       -0.00000000        0.00000000        0.00000000
     4190.        0.00003421       -0.00000000        0.00003421       -0.00000000        0.00000000        0.00000000
     4195.        0.00005336       -0.00000000        0.00005336       -0.00000000        0.00000000        0.00000000
     4200.        0.00007829        0.00000000        0.00007829       -0.00000000       -0.00000000        0.00000000
     4205.        0.00010945        0.00000000        0.00010945       -0.00000000       -0.00000000        0.00000000
     4210.        0.00014718        0.00000001        0.00014718       -0.00000000       -0.00000000        0.00000000
     4215.        0.00019172        0.00000002        0.00019172       -0.00000000       -0.00000000        0.00000000
     4220.        0.00024321        0.00000003        0.00024321       -0.00000000       -0.00000000        0.00000000
     4225.        0.00030172        0.00000005        0.00030172       -0.00000000       -0.00000000        0.00000000
     4230.        0.00036724        0.00000008        0.00036724       -0.00000000       -0.00000000        0.00000000
     4235.        0.00043972        0.00000012        0.00043972       -0.00000000       -0.00000000        0.00000000
     4240.        0.00051904        0.00000017        0.00051904       -0.00000000       -0.00000000        0.00000000
     4245.        0.00060507        0.00000023        0.00060507       -0.00000000       -0.00000000        0.00000000
     4250.        0.00069764        0.00000032        0.00069764       -0.00000000       -0.00000000        0.00000000
     4255.        0.00079657        0.00000043        0.00079657       -0.00000000       -0.00000000        0.00000000
     4260.        0.00090166        0.00000056        0.00090166       -0.00000000       -0.00000000        0.00000000
     4265.        0.00101269        0.00000071        0.00101269       -0.00000000       -0.00000000        0.00000000
     4270.        0.00112945        0.00000089        0.00112945       -0.00000000       -0.00000000        0.00000000
     4275.        0.00125175        0.00000109        0.00125175       -0.00000000       -0.00000000        0.00000000
     4280.        0.00137936        0.00000131        0.00137936       -0.00000000       -0.00000000        0.00000000
     4285.        0.00151210        0.00000157        0.00151210       -0.00000000       -0.00000000        0.00000000
     4290.        0.00164977        0.00000187        0.00164977       -0.00000000       -0.00000000        0.00000000
     4295.        0.00179217        0.00000221        0.00179217       -0.00000000       -0.00000000        0.00000000
     4300.        0.00193914        0.00000259        0.00193914       -0.00000000       -0.00000000        0.00000000
     4305.        0.00209049        0.00000301        0.00209049       -0.00000000       -0.00000000        0.00000000
     4310.        0.00224607        0.00000348        0.00224607       -0.00000000       -0.00000000        0.00000000
     4315.        0.00240573        0.00000398        0.00240574       -0.00000000       -0.00000000        0.00000000
     4320.        0.00256939        0.00000451        0.00256939       -0.00000000       -0.00000000        0.00000000
     4325.        0.00273691        0.00000508        0.00273691       -0.00000000       -0.00000000        0.00000000
     4330.        0.00290820        0.00000567        0.00290821       -0.00000000       -0.00000000        0.00000000
     4335.        0.00308322        0.00000629        0.00308323       -0.00000000       -0.00000000        0.00000000
     4340.        0.00326189        0.00000698        0.00326190       -0.00000000       -0.00000000        0.00000000
     4345.        0.00344419        0.00000773        0.00344420       -0.00000000       -0.00000000        0.00000000
     4350.        0.00363009        0.00000860        0.00363010       -0.00000000       -0.00000000        0.00000000
     4355.        0.00381956        0.00000959        0.00381957       -0.00000000       -0.00000000        0.00000000
     4360.        0.00401263        0.00001079        0.00401264       -0.00000000       -0.00000000        0.00000000
     4365.        0.00420922        0.00001225        0.00420924       -0.00000000       -0.00000000        0.00000000
     4370.        0.00440937        0.00001397        0.00440940       -0.00000000       -0.00000000        0.00000000
     4375.        0.00461316        0.00001599        0.00461319       -0.00000000       -0.00000000        0.00000000
     4380.        0.00482063        0.00001845        0.00482067       -0.00000000       -0.00000000        0.00000000
     4385.        0.00503176        0.00002148        0.00503181       -0.00000000       -0.00000000        0.00000000
     4390.        0.00524654        0.00002509        0.00524660       -0.00000000       -0.00000000        0.00000000
     4395.        0.00546503        0.00002927        0.00546511       -0.00000000       -0.00000000        0.00000000
     4400.        0.00568738        0.00003406        0.00568748       -0.00000000       -0.00000000        0.00000000
     4405.        0.00591381        0.00003964        0.00591394       -0.00000000       -0.00000000        0.00000000
     4410.        0.00614436        0.00004626        0.00614454       -0.00000000       -0.00000000        0.00000000
     4415.        0.00637902        0.00005409        0.00637925       -0.00000000       -0.00000000        0.00000000
     4420.        0.00661776        0.00006324        0.00661806       -0.00000000       -0.00000000        0.00000000
     4425.        0.00686058        0.00007367        0.00686098       -0.00000000       -0.00000000        0.00000000
     4430.        0.00710764        0.00008536        0.00710815       -0.00000000       -0.00000000        0.00000000
     4435.        0.00735925        0.00009832        0.00735991       -0.00000000       -0.00000000        0.00000000
     4440.        0.00761574        0.00011271        0.00761657       -0.00000000       -0.00000000        0.00000000
     4445.        0.00787740        0.00012879        0.00787846       -0.00000000       -0.00000000        0.00000000
     4450.        0.00814446        0.00014687        0.00814578       -0.00000000       -0.00000000        0.00000000
     4455.        0.00841714        0.00016718        0.00841880       -0.00000000       -0.00000000        0.00000000
     4460.        0.00869577        0.00018983        0.00869784       -0.00000000       -0.00000000        0.00000000
     4465.        0.00898129        0.00021493        0.00898386       -0.00000000       -0.00000000        0.00000000
     4470.        0.00927467        0.00024438        0.00927789       -0.00000000       -0.00000000        0.00000000
     4475.        0.00957526        0.00027870        0.00957932       -0.00000000       -0.00000000        0.00000000
     4480.        0.00988131        0.00032010        0.00988649       -0.00000000       -0.00000000        0.00000000
     4485.        0.01019589        0.00036655        0.01020248       -0.00000000       -0.00000000        0.00000000
     4490.        0.01051428        0.00042300        0.01052278       -0.00000000       -0.00000000        0.00000000
     4495.        0.01083781        0.00048278        0.01084856       -0.00000000       -0.00000000        0.00000000
     4500.        0.01117090        0.00055227        0.01118455       -0.00000000       -0.00000000        0.00000000
     4505.        0.01150631        0.00063434        0.01152379       -0.00000000       -0.00000000        0.00000000
     4510.        0.01184239        0.00072248        0.01186441       -0.00000000       -0.00000000        0.00000000
     4515.        0.01218529        0.00081642        0.01221261       -0.00000000       -0.00000000        0.00000000
     4520.        0.01253563        0.00092262        0.01256954       -0.00000000       -0.00000000        0.00000000
     4525.        0.01288751        0.00104388        0.01292972       -0.00000000       -0.00000000        0.00000000
     4530.        0.01323606        0.00117641        0.01328824       -0.00000000       -0.00000000        0.00000000
     4535.        0.01358255        0.00131498        0.01364605       -0.00000000       -0.00000000        0.00000000
     4540.        0.01393157        0.00145882        0.01400774       -0.00000000       -0.00000000        0.00000000
     4545.        0.01428561        0.00161158        0.01437622       -0.00000000       -0.00000000        0.00000000
     4550.        0.01464298        0.00177719        0.01475043       -0.00000000       -0.00000000        0.00000000
     4555.        0.01499957        0.00195688        0.01512668       -0.00000000       -0.00000000        0.00000000
     4560.        0.01535189        0.00214860        0.01550152       -0.00000000       -0.00000000        0.00000000
     4565.        0.01569901        0.00234851        0.01587370       -0.00000000       -0.00000000        0.00000000
     4570.        0.01604307        0.00255361        0.01624503       -0.00000000       -0.00000000        0.00000000
     4575.        0.01638764        0.00276350        0.01661901       -0.00000000       -0.00000000        0.00000000
     4580.        0.01673540        0.00298045        0.01699873       -0.00000000       -0.00000000        0.00000000
     4585.        0.01708694        0.00320802        0.01738548       -0.00000000       -0.00000000        0.00000001
     4590.        0.01744054        0.00344948        0.01777840       -0.00000001       -0.00000000        0.00000001
     4595.        0.01779291        0.00370661        0.01817489       -0.00000001       -0.00000000        0.00000001
     4600.        0.01814042        0.00397936        0.01857176       -0.00000001       -0.00000000        0.00000001
     4605.        0.01847995        0.00426582        0.01896591       -0.00000001       -0.00000000        0.00000001
     4610.        0.01880988        0.00456308        0.01935545       -0.00000001       -0.00000000        0.00000001
     4615.        0.01913024        0.00486804        0.01973990       -0.00000001       -0.00000000        0.00000001
     4620.        0.01944249        0.00517837        0.02012028       -0.00000001       -0.00000000        0.00000001
     4625.        0.01974875        0.00549308        0.02049846       -0.00000001       -0.00000000        0.00000001
     4630.        0.02005103        0.00581246        0.02087651       -0.00000001       -0.00000000        0.00000001
     4635.        0.02035063        0.00613786        0.02125609       -0.00000001       -0.00000000        0.00000001
     4640.        0.02064781        0.00647092        0.02163804       -0.00000001       -0.00000000        0.00000001
     4645.        0.02094189        0.00681318        0.02202231       -0.00000001       -0.00000000        0.00000001
