     4155.        0.00000000       -0.00000000        0.00000000       -0.00000000        0.00000000        0.00000000
     4160.        0.00000005       -0.00000000        0.00000005       -0.00000000        0.00000000        0.00000000
     4165.        0.00000054       -0.00000000        0.00000054       -0.00000000        0.00000000        0.00000000
     4170.        0.00000234       -0.00000000        0.00000234       -0.00000000        0.00000000        0.00000000
     4175.        0.00000663        0.00000000        0.00000663       -0.00000000       -0.00000000        0.00000000
     4180.        0.00001472        0.00000000        0.00001472       -0.00000000       -0.00000000        0.00000000
     4185.        0.00002792        0.00000000        0.00002792       -0.00000000       -0.00000000        0.00000000
     4190.        0.00004742        0.00000000        0.00004742       -0.00000000       -0.00000000        0.00000000
     4195.        0.00007429        0.00000000        0.00007429       -0.00000000       -0.00000000        0.00000000
     4200.        0.00010942        0.00000001        0.00010942       -0.00000000       -0.00000000        0.00000000
     4205.        0.00015353        0.00000002        0.00015353       -0.00000000       -0.00000000        0.00000000
     4210.        0.00020718        0.00000004        0.00020718       -0.00000000       -0.00000000        0.00000000
     4215.        0.00027077        0.00000007        0.00027077       -0.00000000       -0.00000000        0.00000000
     4220.        0.00034456        0.00000011        0.00034456       -0.00000000       -0.00000000        0.00000000
     4225.        0.00042868        0.00000018        0.00042868       -0.00000000       -0.00000000        0.00000000
     4230.        0.00052317        0.00000027        0.00052317       -0.00000000       -0.00000000        0.00000000
     4235.        0.00062799        0.00000038        0.00062799       -0.00000000       -0.00000000        0.00000000
     4240.        0.00074300        0.00000053        0.00074300       -0.00000000       -0.00000000        0.00000000
     4245.        0.00086801        0.00000073        0.00086801       -0.00000000       -0.00000000        0.00000000
     4250.        0.00100278        0.00000098        0.00100278       -0.00000000       -0.00000000        0.00000000
     4255.        0.00114704        0.00000129        0.00114704       -0.00000000       -0.00000000        0.00000000
     4260.        0.00130047        0.00000166        0.00130047       -0.00000000       -0.00000000        0.00000000
     4265.        0.00146274        0.00000211        0.00146274       -0.00000000       -0.00000000        0.00000000
     4270.        0.00163351        0.00000262        0.00163351       -0.00000000       -0.00000000        0.00000000
     4275.        0.00181244        0.00000322        0.00181244       -0.00000000       -0.00000000        0.00000000
     4280.        0.00199915        0.00000390        0.00199915       -0.00000000       -0.00000000        0.00000000
     4285.        0.00219332        0.00000468        0.00219333       -0.00000000       -0.00000000        0.00000000
     4290.        0.00239457        0.00000557        0.00239457       -0.00000000       -0.00000000        0.00000000
     4295.        0.00260255        0.00000660        0.00260256       -0.00000000       -0.00000000        0.00000000
     4300.        0.00281689        0.00000775        0.00281690       -0.00000000       -0.00000000        0.00000000
     4305.        0.00303728        0.00000905        0.00303729       -0.00000000       -0.00000000        0.00000000
     4310.        0.00326337        0.00001047        0.00326339       -0.00000000       -0.00000000        0.00000000
     4315.        0.00349483        0.00001203        0.00349485       -0.00000000       -0.00000000        0.00000000
     4320.        0.00373141        0.00001372        0.00373144       -0.00000000       -0.00000000        0.00000000
     4325.        0.00397278        0.00001552        0.00397281       -0.00000000       -0.00000000        0.00000000
     4330.        0.00421875        0.00001746        0.00421878       -0.00000000       -0.00000000        0.00000000
     4335.        0.00446901        0.00001954        0.00446905       -0.00000000       -0.00000000        0.00000000
     4340.        0.00472336        0.00002179        0.00472341       -0.00000000       -0.00000000        0.00000000
     4345.        0.00498160        0.00002422        0.00498165       -0.00000000       -0.00000000        0.00000000
     4350.        0.00524346        0.00002687        0.00524353       -0.00000000       -0.00000000        0.00000000
     4355.        0.00550876        0.00002975        0.00550884       -0.00000000       -0.00000000        0.00000000
     4360.        0.00577735        0.00003292        0.00577745       -0.00000000       -0.00000000        0.00000000
     4365.        0.00604899        0.00003639        0.00604910       -0.00000000       -0.00000000        0.00000000
     4370.        0.00632349        0.00004017        0.00632362       -0.00000000       -0.00000000        0.00000000
     4375.        0.00660073        0.00004428        0.00660088       -0.00000000       -0.00000000        0.00000000
     4380.        0.00688059        0.00004876        0.00688076       -0.00000000       -0.00000000        0.00000000
     4385.        0.00716291        0.00005367        0.00716311       -0.00000000       -0.00000000        0.00000000
     4390.        0.00744751        0.00005902        0.00744774       -0.00000000       -0.00000000        0.00000000
     4395.        0.00773433        0.00006479        0.00773460       -0.00000000       -0.00000000        0.00000000
     4400.        0.00802327        0.00007101        0.00802358       -0.00000000       -0.00000000        0.00000000
     4405.        0.00831432        0.00007775        0.00831469       -0.00000000       -0.00000000        0.00000000
     4410.        0.00860742        0.00008514        0.00860784       -0.00000000       -0.00000000        0.00000000
     4415.        0.00890241        0.00009327        0.00890290       -0.00000000       -0.00000000        0.00000000
     4420.        0.00919918        0.00010221        0.00919975       -0.00000000       -0.00000000        0.00000000
     4425.        0.00949759        0.00011198        0.00949825       -0.00000000       -0.00000000        0.00000000
     4430.        0.00979761        0.00012257        0.00979837       -0.00000000       -0.00000000        0.00000000
     4435.        0.01009921        0.00013405        0.01010010       -0.00000000       -0.00000000        0.00000000
     4440.        0.01040240        0.00014649        0.01040343       -0.00000000       -0.00000000        0.00000000
     4445.        0.01070713        0.00016004        0.01070832       -0.00000000       -0.00000000        0.00000000
     4450.        0.01101335        0.00017485        0.01101474       -0.00000000       -0.00000000        0.00000000
     4455.        0.01132092        0.00019107        0.01132253       -0.00000000       -0.00000000        0.00000000
     4460.        0.01162967        0.00020880        0.01163155       -0.00000000       -0.00000000        0.00000000
     4465.        0.01193948        0.00022805        0.01194166       -0.00000000       -0.00000000        0.00000000
     4470.        0.01225016        0.00024882        0.01225269       -0.00000000       -0.00000000        0.00000000
     4475.        0.01256169        0.00027105        0.01256461       -0.00000000       -0.00000000        0.00000000
     4480.        0.01287402        0.00029469        0.01287739       -0.00000000       -0.00000000        0.00000000
     4485.        0.01318723        0.00031975        0.01319110       -0.00000000       -0.00000000        0.00000000
     4490.        0.01350140        0.00034627        0.01350584       -0.00000000       -0.00000000        0.00000000
     4495.        0.01381659        0.00037435        0.01382166       -0.00000000       -0.00000000        0.00000000
     4500.        0.01413290        0.00040418        0.01413867       -0.00000000       -0.00000000        0.00000000
     4505.        0.01445023        0.00043595        0.01445680       -0.00000000       -0.00000000        0.00000000
     4510.        0.01476856        0.00046983        0.01477603       -0.00000000       -0.00000000        0.00000000
     4515.        0.01508775        0.00050601        0.01509624       -0.00000000       -0.00000000        0.00000000
     4520.        0.01540775        0.00054463        0.01541737       -0.00000000       -0.00000000        0.00000000
     4525.        0.01572827        0.00058581        0.01573918       -0.00000000       -0.00000000        0.00000000
     4530.        0.01604920        0.00062956        0.01606155       -0.00000001       -0.00000000        0.00000001
     4535.        0.01637035        0.00067581        0.01638429       -0.00000001       -0.00000000        0.00000001
     4540.        0.01669168        0.00072451        0.01670740       -0.00000001       -0.00000000        0.00000001
     4545.        0.01701324        0.00077565        0.01703091       -0.00000001       -0.00000000        0.00000001
     4550.        0.01733496        0.00082922        0.01735478       -0.00000001       -0.00000000        0.00000001
     4555.        0.01765688        0.00088522        0.01767906       -0.00000001       -0.00000000        0.00000001
     4560.        0.01797905        0.00094366        0.01800380       -0.00000001       -0.00000000        0.00000001
     4565.        0.01830159        0.00100461        0.01832914       -0.00000001       -0.00000000        0.00000001
     4570.        0.01862454        0.00106815        0.01865515       -0.00000001       -0.00000000        0.00000001
     4575.        0.01894804        0.00113447        0.01898197       -0.00000001       -0.00000000        0.00000001
     4580.        0.01927207        0.00120381        0.01930963       -0.00000001       -0.00000000        0.00000001
     4585.        0.01959666        0.00127647        0.01963818       -0.00000001       -0.00000000        0.00000001
     4590.        0.01992159        0.00135272        0.01996747       -0.00000001       -0.00000000        0.00000001
     4595.        0.02024669        0.00143278        0.02029733       -0.00000001       -0.00000000        0.00000001
     4600.        0.02057167        0.00151682        0.02062751       -0.00000001       -0.00000000        0.00000001
     4605.        0.02089621        0.00160491        0.02095775       -0.00000001       -0.00000000        0.00000001
     4610.        0.02122006        0.00169706        0.02128781       -0.00000001       -0.00000000        0.00000001
     4615.        0.02154293        0.00179318        0.02161743       -0.00000001       -0.00000000        0.00000001
     4620.        0.02186465        0.00189318        0.02194646       -0.00000001       -0.00000000        0.00000001
     4625.        0.02218502        0.00199692        0.02227471       -0.00000001       -0.00000000        0.00000001
     4630.        0.02250395        0.00210427        0.02260212       -0.00000001       -0.00000000        0.00000001
     4635.        0.02282136        0.00221508        0.02292861       -0.00000001       -0.00000000        0.00000001
     4640.        0.02313720        0.00232920        0.02325414       -0.00000001       -0.00000000        0.00000001
     4645.        0.02345148        0.00244650        0.02357875       -0.00000001       -0.00000000        0.00000001
