     4155.        0.00000000       -0.00000000        0.00000000       -0.00000000        0.00000000        0.00000000
     4160.        0.00000000       -0.00000000        0.00000000       -0.00000000        0.00000000        0.00000000
     4165.        0.00000001       -0.00000000        0.00000001       -0.00000000        0.00000000        0.00000000
     4170.        0.00000009       -0.00000000        0.00000009       -0.00000000        0.00000000        0.00000000
     4175.        0.00000031       -0.00000000        0.00000031       -0.00000000        0.00000000        0.00000000
     4180.        0.00000083       -0.00000000        0.00000083       -0.00000000        0.00000000        0.00000000
     4185.        0.00000181       -0.00000000        0.00000181       -0.00000000        0.00000000        0.00000000
     4190.        0.00000347       -0.00000000        0.00000347       -0.00000000        0.00000000        0.00000000
     4195.        0.00000603        0.00000000        0.00000603       -0.00000000       -0.00000000        0.00000000
     4200.        0.00000972        0.00000000        0.00000972       -0.00000000       -0.00000000        0.00000000
     4205.        0.00001475        0.00000000        0.00001475       -0.00000000       -0.00000000        0.00000000
     4210.        0.00002134        0.00000000        0.00002134       -0.00000000       -0.00000000        0.00000000
     4215.        0.00002969        0.00000000        0.00002969       -0.00000000       -0.00000000        0.00000000
     4220.        0.00003999        0.00000000        0.00003999       -0.00000000       -0.00000000        0.00000000
     4225.        0.00005238        0.00000000        0.00005238       -0.00000000       -0.00000000        0.00000000
     4230.        0.00006702        0.00000000        0.00006702       -0.00000000       -0.00000000        0.00000000
     4235.        0.00008403        0.00000001        0.00008403       -0.00000000       -0.00000000        0.00000000
     4240.        0.00010350        0.00000001        0.00010350       -0.00000000       -0.00000000        0.00000000
     4245.        0.00012552        0.00000001        0.00012552       -0.00000000       -0.00000000        0.00000000
     4250.        0.00015015        0.00000002        0.00015015       -0.00000000       -0.00000000        0.00000000
     4255.        0.00017745        0.00000003        0.00017745       -0.00000000       -0.00000000        0.00000000
     4260.        0.00020744        0.00000004        0.00020744       -0.00000000       -0.00000000        0.00000000
     4265.        0.00024014        0.00000005        0.00024014       -0.00000000       -0.00000000        0.00000000
     4270.        0.00027556        0.00000007        0.00027556       -0.00000000       -0.00000000        0.00000000
     4275.        0.00031371        0.00000009        0.00031371       -0.00000000       -0.00000000        0.00000000
     4280.        0.00035455        0.00000011        0.00035455       -0.00000000       -0.00000000        0.00000000
     4285.        0.00039808        0.00000014        0.00039808       -0.00000000       -0.00000000        0.00000000
     4290.        0.00044427        0.00000017        0.00044427       -0.00000000       -0.00000000        0.00000000
     4295.        0.00049307        0.00000021        0.00049307       -0.00000000       -0.00000000        0.00000000
     4300.        0.00054446        0.00000026        0.00054446       -0.00000000       -0.00000000        0.00000000
     4305.        0.00059839        0.00000032        0.00059839       -0.00000000       -0.00000000        0.00000000
     4310.        0.00065481        0.00000038        0.00065481       -0.00000000       -0.00000000        0.00000000
     4315.        0.00071367        0.00000045        0.00071367       -0.00000000       -0.00000000        0.00000000
     4320.        0.00077492        0.00000053        0.00077492       -0.00000000       -0.00000000        0.00000000
     4325.        0.00083852        0.00000062        0.00083852       -0.00000000       -0.00000000        0.00000000
     4330.        0.00090440        0.00000072        0.00090440       -0.00000000       -0.00000000        0.00000000
     4335.        0.00097252        0.00000083        0.00097252       -0.00000000       -0.00000000        0.00000000
     4340.        0.00104283        0.00000096        0.00104283       -0.00000000       -0.00000000        0.00000000
     4345.        0.00111527        0.00000109        0.00111527       -0.00000000       -0.00000000        0.00000000
     4350.        0.00118980        0.00000124        0.00118980       -0.00000000       -0.00000000        0.00000000
     4355.        0.00126637        0.00000141        0.00126637       -0.00000000       -0.00000000        0.00000000
     4360.        0.00134492        0.00000160        0.00134492       -0.00000000       -0.00000000        0.00000000
     4365.        0.00142542        0.00000182        0.00142542       -0.00000000       -0.00000000        0.00000000
     4370.        0.00150782        0.00000206        0.00150783       -0.00000000       -0.00000000        0.00000000
     4375.        0.00159209        0.00000233        0.00159209       -0.00000000       -0.00000000        0.00000000
     4380.        0.00167818        0.00000265        0.00167819       -0.00000000       -0.00000000        0.00000000
     4385.        0.00176606        0.00000301        0.00176607       -0.00000000       -0.00000000        0.00000000
     4390.        0.00185570        0.00000342        0.00185570       -0.00000000       -0.00000000        0.00000000
     4395.        0.00194705        0.00000388        0.00194705       -0.00000000       -0.00000000        0.00000000
     4400.        0.00204011        0.00000441        0.00204011       -0.00000000       -0.00000000        0.00000000
     4405.        0.00213484        0.00000502        0.00213485       -0.00000000       -0.00000000        0.00000000
     4410.        0.00223124        0.00000572        0.00223125       -0.00000000       -0.00000000        0.00000000
     4415.        0.00232927        0.00000654        0.00232928       -0.00000000       -0.00000000        0.00000000
     4420.        0.00242891        0.00000749        0.00242893       -0.00000000       -0.00000000        0.00000000
     4425.        0.00253014        0.00000859        0.00253016       -0.00000000       -0.00000000        0.00000000
     4430.        0.00263295        0.00000983        0.00263297       -0.00000000       -0.00000000        0.00000000
     4435.        0.00273734        0.00001124        0.00273736       -0.00000000       -0.00000000        0.00000000
     4440.        0.00284330        0.00001284        0.00284333       -0.00000000       -0.00000000        0.00000000
     4445.        0.00295087        0.00001465        0.00295091       -0.00000000       -0.00000000        0.00000000
     4450.        0.00305999        0.00001672        0.00306004       -0.00000000       -0.00000000        0.00000000
     4455.        0.00317074        0.00001908        0.00317080       -0.00000000       -0.00000000        0.00000000
     4460.        0.00328303        0.00002177        0.00328310       -0.00000000       -0.00000000        0.00000000
     4465.        0.00339692        0.00002480        0.00339701       -0.00000000       -0.00000000        0.00000000
     4470.        0.00351243        0.00002821        0.00351254       -0.00000000       -0.00000000        0.00000000
     4475.        0.00362957        0.00003204        0.00362971       -0.00000000       -0.00000000        0.00000000
     4480.        0.00374833        0.00003636        0.00374851       -0.00000000       -0.00000000        0.00000000
     4485.        0.00386884        0.00004122        0.00386906       -0.00000000       -0.00000000        0.00000000
     4490.        0.00399103        0.00004675        0.00399131       -0.00000000       -0.00000000        0.00000000
     4495.        0.00411495        0.00005292        0.00411529       -0.00000000       -0.00000000        0.00000000
     4500.        0.00424071        0.00005997        0.00424113       -0.00000000       -0.00000000        0.00000000
     4505.        0.00436810        0.00006807        0.00436863       -0.00000000       -0.00000000        0.00000000
     4510.        0.00449711        0.00007712        0.00449777       -0.00000000       -0.00000000        0.00000000
     4515.        0.00462790        0.00008720        0.00462872       -0.00000000       -0.00000000        0.00000000
     4520.        0.00476047        0.00009864        0.00476149       -0.00000000       -0.00000000        0.00000000
     4525.        0.00489452        0.00011165        0.00489580       -0.00000000       -0.00000000        0.00000000
     4530.        0.00502981        0.00012610        0.00503139       -0.00000000       -0.00000000        0.00000000
     4535.        0.00516642        0.00014182        0.00516837       -0.00000000       -0.00000000        0.00000000
     4540.        0.00530450        0.00015884        0.00530688       -0.00000000       -0.00000000        0.00000000
     4545.        0.00544413        0.00017740        0.00544702       -0.00000000       -0.00000000        0.00000000
     4550.        0.00558522        0.00019775        0.00558872       -0.00000000       -0.00000000        0.00000000
     4555.        0.00572749        0.00022001        0.00573172       -0.00000000       -0.00000000        0.00000000
     4560.        0.00587080        0.00024408        0.00587587       -0.00000000       -0.00000000        0.00000000
     4565.        0.00601503        0.00026978        0.00602107       -0.00000000       -0.00000000        0.00000000
     4570.        0.00616033        0.00029700        0.00616748       -0.00000000       -0.00000000        0.00000000
     4575.        0.00630697        0.00032580        0.00631538       -0.00000000       -0.00000000        0.00000000
     4580.        0.00645509        0.00035641        0.00646492       -0.00000000       -0.00000000        0.00000000
     4585.        0.00660475        0.00038917        0.00661621       -0.00000000       -0.00000000        0.00000000
     4590.        0.00675571        0.00042439        0.00676903       -0.00000000       -0.00000000        0.00000000
     4595.        0.00690780        0.00046228        0.00692325       -0.00000000       -0.00000000        0.00000000
     4600.        0.00706061        0.00050291        0.00707850       -0.00000000       -0.00000000        0.00000000
     4605.        0.00721392        0.00054622        0.00723457       -0.00000000       -0.00000000        0.00000000
     4610.        0.00736756        0.00059204        0.00739131       -0.00000000       -0.00000000        0.00000000
     4615.        0.00752145        0.00064021        0.00754864       -0.00000000       -0.00000000        0.00000000
     4620.        0.00767566        0.00069060        0.00770666       -0.00000000       -0.00000000        0.00000000
     4625.        0.00783028        0.00074319        0.00786547       -0.00000000       -0.00000000        0.00000000
     4630.        0.00798545        0.00079806        0.00802523       -0.00000000       -0.00000000        0.00000000
     4635.        0.00814114        0.00085533        0.00818595       -0.00000000       -0.00000000        0.00000000
     4640.        0.00829738        0.00091519        0.00834770       -0.00000000       -0.00000000        0.00000000
     4645.        0.00845404        0.00097778        0.00851040       -0.00000000       -0.00000000        0.00000000
