     4155.        0.00039944       -0.00000314        0.00039945       -0.00000000        0.00000000        0.00000000
     4160.        0.00332473       -0.00002007        0.00332479       -0.00000001        0.00000000        0.00000001
     4165.        0.00724793       -0.00002068        0.00724796       -0.00000001        0.00000000        0.00000001
     4170.        0.01159582        0.00001610        0.01159583       -0.00000002       -0.00000000        0.00000002
     4175.        0.01610129        0.00006835        0.01610144       -0.00000002       -0.00000000        0.00000002
     4180.        0.02066997        0.00017733        0.02067073       -0.00000003       -0.00000000        0.00000003
     4185.        0.02517215        0.00031624        0.02517414       -0.00000003       -0.00000000        0.00000003
     4190.        0.02963478        0.00045427        0.02963826       -0.00000003       -0.00000000        0.00000003
     4195.        0.03403743        0.00065558        0.03404375       -0.00000004       -0.00000000        0.00000004
     4200.        0.03831580        0.00090152        0.03832641       -0.00000004       -0.00000000        0.00000004
     4205.        0.04249149        0.00113412        0.04250662       -0.00000004       -0.00000000        0.00000004
     4210.        0.04662523        0.00136724        0.04664527       -0.00000004       -0.00000000        0.00000004
     4215.        0.05072345        0.00164879        0.05075024       -0.00000004       -0.00000000        0.00000004
     4220.        0.05475657        0.00198845        0.05479266       -0.00000004       -0.00000000        0.00000004
     4225.        0.05871504        0.00235382        0.05876220       -0.00000005       -0.00000000        0.00000005
     4230.        0.06263256        0.00271159        0.06269123       -0.00000005       -0.00000000        0.00000005
     4235.        0.06656224        0.00306246        0.06663265       -0.00000005       -0.00000000        0.00000005
     4240.        0.07054051        0.00343584        0.07062414       -0.00000005       -0.00000000        0.00000005
     4245.        0.07457700        0.00386258        0.07467696       -0.00000005       -0.00000000        0.00000005
     4250.        0.07866748        0.00435594        0.07878799       -0.00000005       -0.00000000        0.00000005
     4255.        0.08281289        0.00490893        0.08295825       -0.00000005       -0.00000000        0.00000005
     4260.        0.08703210        0.00550355        0.08720594       -0.00000006       -0.00000000        0.00000006
     4265.        0.09136679        0.00612539        0.09157189       -0.00000006       -0.00000000        0.00000006
     4270.        0.09587496        0.00677534        0.09611406       -0.00000006       -0.00000000        0.00000006
     4275.        0.10062052        0.00747271        0.10089762       -0.00000006       -0.00000000        0.00000006
     4280.        0.10566829        0.00825046        0.10598990       -0.00000006       -0.00000000        0.00000006
     4285.        0.11108431        0.00914804        0.11146036       -0.00000006       -0.00000001        0.00000006
     4290.        0.11694701        0.01020626        0.11739153       -0.00000007       -0.00000001        0.00000007
     4295.        0.12336921        0.01146609        0.12390091       -0.00000007       -0.00000001        0.00000007
     4300.        0.13052909        0.01303523        0.13117836       -0.00000007       -0.00000001        0.00000007
     4305.        0.13859779        0.01501956        0.13940924       -0.00000007       -0.00000001        0.00000007
     4310.        0.14797622        0.01753991        0.14901212       -0.00000008       -0.00000001        0.00000008
     4315.        0.15928059        0.02092404        0.16064906       -0.00000008       -0.00000001        0.00000008
     4320.        0.17473199        0.02613223        0.17667530       -0.00000009       -0.00000001        0.00000009
     4325.        0.19272301        0.04104412        0.19704511       -0.00000010       -0.00000002        0.00000010
     4330.        0.20494930        0.06507369        0.21503209       -0.00000010       -0.00000003        0.00000010
     4335.        0.20989053        0.09686853        0.23116563       -0.00000010       -0.00000005        0.00000011
     4340.        0.20201049        0.12076369        0.23535528       -0.00000010       -0.00000006        0.00000011
     4345.        0.18618225        0.14775342        0.23768657       -0.00000009       -0.00000007        0.00000011
     4350.        0.16444529        0.15800067        0.22804926       -0.00000008       -0.00000007        0.00000010
     4355.        0.14912298        0.16647604        0.22349930       -0.00000007       -0.00000008        0.00000010
     4360.        0.12934415        0.17182088        0.21506353       -0.00000006       -0.00000008        0.00000010
     4365.        0.11270106        0.16852994        0.20274089       -0.00000005       -0.00000007        0.00000009
     4370.        0.10286148        0.16452586        0.19403413       -0.00000004       -0.00000007        0.00000008
     4375.        0.09451234        0.16291426        0.18834447       -0.00000004       -0.00000007        0.00000008
     4380.        0.08531729        0.16078804        0.18202152       -0.00000004       -0.00000007        0.00000008
     4385.        0.07713420        0.15648618        0.17446377       -0.00000003       -0.00000007        0.00000007
     4390.        0.07158418        0.15137121        0.16744413       -0.00000003       -0.00000006        0.00000007
     4395.        0.06812030        0.14722178        0.16221784       -0.00000003       -0.00000006        0.00000007
     4400.        0.06529683        0.14446330        0.15853492       -0.00000003       -0.00000006        0.00000006
     4405.        0.06218162        0.14243669        0.15541803       -0.00000002       -0.00000006        0.00000006
     4410.        0.05872611        0.14030690        0.15210123       -0.00000002       -0.00000006        0.00000006
     4415.        0.05541191        0.13768058        0.14841301       -0.00000002       -0.00000005        0.00000006
     4420.        0.05271424        0.13469936        0.14464684       -0.00000002       -0.00000005        0.00000006
     4425.        0.05078393        0.13176572        0.14121336       -0.00000002       -0.00000005        0.00000005
     4430.        0.04944900        0.12922575        0.13836365       -0.00000002       -0.00000005        0.00000005
     4435.        0.04839077        0.12721023        0.13610330       -0.00000002       -0.00000005        0.00000005
     4440.        0.04731927        0.12563904        0.13425455       -0.00000002       -0.00000005        0.00000005
     4445.        0.04607254        0.12431180        0.13257490       -0.00000002       -0.00000005        0.00000005
     4450.        0.04463726        0.12301123        0.13085965       -0.00000002       -0.00000004        0.00000005
     4455.        0.04311063        0.12158114        0.12899806       -0.00000002       -0.00000004        0.00000005
     4460.        0.04163904        0.11996170        0.12698275       -0.00000001       -0.00000004        0.00000005
     4465.        0.04037229        0.11819476        0.12489966       -0.00000001       -0.00000004        0.00000004
     4470.        0.03935712        0.11640381        0.12287730       -0.00000001       -0.00000004        0.00000004
     4475.        0.03858498        0.11465194        0.12097053       -0.00000001       -0.00000004        0.00000004
     4480.        0.03802123        0.11306522        0.11928687       -0.00000001       -0.00000004        0.00000004
     4485.        0.03760753        0.11162716        0.11779198       -0.00000001       -0.00000004        0.00000004
     4490.        0.03725822        0.11042410        0.11654037       -0.00000001       -0.00000004        0.00000004
     4495.        0.03686521        0.10937070        0.11541661       -0.00000001       -0.00000004        0.00000004
     4500.        0.03644231        0.10842032        0.11438097       -0.00000001       -0.00000004        0.00000004
     4505.        0.03595292        0.10756534        0.11341479       -0.00000001       -0.00000004        0.00000004
     4510.        0.03535888        0.10673620        0.11244050       -0.00000001       -0.00000003        0.00000004
     4515.        0.03469493        0.10585151        0.11139246       -0.00000001       -0.00000003        0.00000004
     4520.        0.03402927        0.10488998        0.11027193       -0.00000001       -0.00000003        0.00000004
     4525.        0.03340529        0.10387125        0.10911072       -0.00000001       -0.00000003        0.00000003
     4530.        0.03283849        0.10281751        0.10793427       -0.00000001       -0.00000003        0.00000003
     4535.        0.03233363        0.10174082        0.10675513       -0.00000001       -0.00000003        0.00000003
     4540.        0.03190136        0.10064582        0.10558067       -0.00000001       -0.00000003        0.00000003
     4545.        0.03155928        0.09954804        0.10443084       -0.00000001       -0.00000003        0.00000003
     4550.        0.03131585        0.09847626        0.10333565       -0.00000001       -0.00000003        0.00000003
     4555.        0.03116309        0.09746275        0.10232364       -0.00000001       -0.00000003        0.00000003
     4560.        0.03107810        0.09653339        0.10141274       -0.00000001       -0.00000003        0.00000003
     4565.        0.03102832        0.09570098        0.10060534       -0.00000001       -0.00000003        0.00000003
     4570.        0.03097903        0.09496204        0.09988738       -0.00000001       -0.00000003        0.00000003
     4575.        0.03090224        0.09429787        0.09923224       -0.00000001       -0.00000003        0.00000003
     4580.        0.03078391        0.09368227        0.09861043       -0.00000001       -0.00000003        0.00000003
     4585.        0.03062382        0.09308958        0.09799739       -0.00000001       -0.00000003        0.00000003
     4590.        0.03043052        0.09250064        0.09737754       -0.00000001       -0.00000003        0.00000003
     4595.        0.03021573        0.09190521        0.09674481       -0.00000001       -0.00000003        0.00000003
     4600.        0.02999121        0.09129764        0.09609751       -0.00000001       -0.00000003        0.00000003
     4605.        0.02976718        0.09067818        0.09543907       -0.00000001       -0.00000003        0.00000003
     4610.        0.02955080        0.09004993        0.09477468       -0.00000001       -0.00000003        0.00000003
     4615.        0.02934556        0.08941644        0.09410878       -0.00000001       -0.00000002        0.00000003
     4620.        0.02915148        0.08878170        0.09344516       -0.00000001       -0.00000002        0.00000003
     4625.        0.02896703        0.08814503        0.09278273       -0.00000001       -0.00000002        0.00000003
     4630.        0.02879241        0.08750280        0.09211809       -0.00000001       -0.00000002        0.00000003
     4635.        0.02863179        0.08685050        0.09144829       -0.00000001       -0.00000002        0.00000002
     4640.        0.02849341        0.08618687        0.09077472       -0.00000001       -0.00000002        0.00000002
     4645.        0.02838705        0.08551358        0.09010215       -0.00000001       -0.00000002        0.00000002
