     4155.        0.00043228       -0.00000045        0.00043228       -0.00000000        0.00000000        0.00000000
     4160.        0.00357739        0.00000575        0.00357740       -0.00000001       -0.00000000        0.00000001
     4165.        0.00774885        0.00004394        0.00774897       -0.00000002       -0.00000000        0.00000002
     4170.        0.01231153        0.00013322        0.01231225       -0.00000002       -0.00000000        0.00000002
     4175.        0.01696760        0.00024485        0.01696936       -0.00000002       -0.00000000        0.00000002
     4180.        0.02161052        0.00042240        0.02161465       -0.00000003       -0.00000000        0.00000003
     4185.        0.02609715        0.00063145        0.02610479       -0.00000003       -0.00000000        0.00000003
     4190.        0.03045688        0.00083838        0.03046842       -0.00000003       -0.00000000        0.00000003
     4195.        0.03466433        0.00110908        0.03468207       -0.00000004       -0.00000000        0.00000004
     4200.        0.03865277        0.00141880        0.03867880       -0.00000004       -0.00000000        0.00000004
     4205.        0.04244772        0.00170715        0.04248204       -0.00000004       -0.00000000        0.00000004
     4210.        0.04611019        0.00198968        0.04615309       -0.00000004       -0.00000000        0.00000004
     4215.        0.04964347        0.00231220        0.04969729       -0.00000004       -0.00000000        0.00000004
     4220.        0.05301868        0.00267985        0.05308636       -0.00000004       -0.00000000        0.00000004
     4225.        0.05622956        0.00305917        0.05631271       -0.00000004       -0.00000000        0.00000004
     4230.        0.05931018        0.00341984        0.05940870       -0.00000005       -0.00000000        0.00000005
     4235.        0.06230878        0.00376493        0.06242243       -0.00000005       -0.00000000        0.00000005
     4240.        0.06525548        0.00412208        0.06538555       -0.00000005       -0.00000000        0.00000005
     4245.        0.06815646        0.00451774        0.06830603       -0.00000005       -0.00000000        0.00000005
     4250.        0.07100909        0.00496239        0.07118227       -0.00000005       -0.00000000        0.00000005
     4255.        0.07381884        0.00545149        0.07401986       -0.00000005       -0.00000000        0.00000005
     4260.        0.07661366        0.00597655        0.07684642       -0.00000005       -0.00000000        0.00000005
     4265.        0.07945320        0.00654038        0.07972194       -0.00000005       -0.00000000        0.00000005
     4270.        0.08244440        0.00717144        0.08275572       -0.00000005       -0.00000000        0.00000005
     4275.        0.08581104        0.00793653        0.08617727       -0.00000005       -0.00000000        0.00000005
     4280.        0.09023646        0.00892084        0.09067635       -0.00000005       -0.00000001        0.00000005
     4285.        0.09931905        0.00871388        0.09970058       -0.00000006       -0.00000000        0.00000006
     4290.        0.09265867       -0.00920202        0.09311448       -0.00000005        0.00000001        0.00000005
     4295.        0.09051430        0.00233544        0.09054443       -0.00000005       -0.00000000        0.00000005
     4300.        0.09406794        0.00570146        0.09424057       -0.00000005       -0.00000000        0.00000005
     4305.        0.09743861        0.00731668        0.09771293       -0.00000005       -0.00000000        0.00000005
     4310.        0.10085842        0.00847653        0.10121400       -0.00000005       -0.00000000        0.00000005
     4315.        0.10438891        0.00946907        0.10481750       -0.00000005       -0.00000000        0.00000005
     4320.        0.10850957        0.01054605        0.10902085       -0.00000005       -0.00000001        0.00000005
     4325.        0.11301414        0.01271879        0.11372758       -0.00000006       -0.00000001        0.00000006
     4330.        0.11711482        0.01584004        0.11818117       -0.00000006       -0.00000001        0.00000006
     4335.        0.12109186        0.01980735        0.12270114       -0.00000006       -0.00000001        0.00000006
     4340.        0.12370676        0.02358567        0.12593509       -0.00000006       -0.00000001        0.00000006
     4345.        0.12637329        0.02851551        0.12955054       -0.00000006       -0.00000001        0.00000006
     4350.        0.12720754        0.03297954        0.13141313       -0.00000006       -0.00000002        0.00000006
     4355.        0.12854255        0.03696658        0.13375244       -0.00000006       -0.00000002        0.00000006
     4360.        0.12915526        0.04185897        0.13576913       -0.00000006       -0.00000002        0.00000006
     4365.        0.12837942        0.04608693        0.13640117       -0.00000006       -0.00000002        0.00000006
     4370.        0.12770065        0.04922455        0.13685946       -0.00000006       -0.00000002        0.00000006
     4375.        0.12744419        0.05242341        0.13780506       -0.00000005       -0.00000002        0.00000006
     4380.        0.12676952        0.05595848        0.13857079       -0.00000005       -0.00000002        0.00000006
     4385.        0.12535329        0.05915553        0.13861033       -0.00000005       -0.00000002        0.00000006
     4390.        0.12371279        0.06154575        0.13817645       -0.00000005       -0.00000003        0.00000006
     4395.        0.12242145        0.06338211        0.13785609       -0.00000005       -0.00000003        0.00000006
     4400.        0.12152502        0.06517941        0.13790100       -0.00000005       -0.00000003        0.00000006
     4405.        0.12070124        0.06718007        0.13813743       -0.00000005       -0.00000003        0.00000006
     4410.        0.11964938        0.06927550        0.13825726       -0.00000005       -0.00000003        0.00000005
     4415.        0.11830251        0.07120248        0.13807707       -0.00000005       -0.00000003        0.00000005
     4420.        0.11681719        0.07277004        0.13762898       -0.00000005       -0.00000003        0.00000005
     4425.        0.11542259        0.07397415        0.13709321       -0.00000004       -0.00000003        0.00000005
     4430.        0.11426635        0.07496349        0.13666135       -0.00000004       -0.00000003        0.00000005
     4435.        0.11335437        0.07592247        0.13643106       -0.00000004       -0.00000003        0.00000005
     4440.        0.11258683        0.07697536        0.13638549       -0.00000004       -0.00000003        0.00000005
     4445.        0.11182930        0.07814918        0.13642979       -0.00000004       -0.00000003        0.00000005
     4450.        0.11097722        0.07938831        0.13644943       -0.00000004       -0.00000003        0.00000005
     4455.        0.10998997        0.08059328        0.13635641       -0.00000004       -0.00000003        0.00000005
     4460.        0.10889878        0.08166404        0.13611745       -0.00000004       -0.00000003        0.00000005
     4465.        0.10782332        0.08256002        0.13580141       -0.00000004       -0.00000003        0.00000005
     4470.        0.10678637        0.08335965        0.13547014       -0.00000004       -0.00000003        0.00000005
     4475.        0.10581292        0.08400282        0.13510310       -0.00000004       -0.00000003        0.00000005
     4480.        0.10493487        0.08462635        0.13480707       -0.00000004       -0.00000003        0.00000005
     4485.        0.10423224        0.08516695        0.13460226       -0.00000004       -0.00000003        0.00000005
     4490.        0.10360201        0.08583331        0.13453897       -0.00000003       -0.00000003        0.00000005
     4495.        0.10298971        0.08648939        0.13448902       -0.00000003       -0.00000003        0.00000004
     4500.        0.10246857        0.08722525        0.13456616       -0.00000003       -0.00000003        0.00000004
     4505.        0.10189585        0.08809746        0.13469939       -0.00000003       -0.00000003        0.00000004
     4510.        0.10119426        0.08898200        0.13475190       -0.00000003       -0.00000003        0.00000004
     4515.        0.10043747        0.08980513        0.13473176       -0.00000003       -0.00000003        0.00000004
     4520.        0.09966696        0.09060166        0.13469285       -0.00000003       -0.00000003        0.00000004
     4525.        0.09885179        0.09138995        0.13462467       -0.00000003       -0.00000003        0.00000004
     4530.        0.09796223        0.09212921        0.13447822       -0.00000003       -0.00000003        0.00000004
     4535.        0.09702525        0.09275810        0.13423101       -0.00000003       -0.00000003        0.00000004
     4540.        0.09611332        0.09326020        0.13392250       -0.00000003       -0.00000003        0.00000004
     4545.        0.09528361        0.09367565        0.13361921       -0.00000003       -0.00000003        0.00000004
     4550.        0.09454905        0.09406336        0.13336956       -0.00000003       -0.00000003        0.00000004
     4555.        0.09388718        0.09446724        0.13318732       -0.00000003       -0.00000003        0.00000004
     4560.        0.09326306        0.09490423        0.13305943       -0.00000003       -0.00000003        0.00000004
     4565.        0.09264866        0.09536758        0.13296146       -0.00000003       -0.00000003        0.00000004
     4570.        0.09203333        0.09584018        0.13287390       -0.00000003       -0.00000003        0.00000004
     4575.        0.09142276        0.09631286        0.13279416       -0.00000003       -0.00000003        0.00000004
     4580.        0.09082450        0.09678891        0.13272974       -0.00000003       -0.00000003        0.00000004
     4585.        0.09023731        0.09728032        0.13268848       -0.00000003       -0.00000003        0.00000004
     4590.        0.08964908        0.09779770        0.13267007       -0.00000003       -0.00000003        0.00000004
     4595.        0.08904102        0.09834244        0.13266325       -0.00000003       -0.00000003        0.00000004
     4600.        0.08839272        0.09890645        0.13264900       -0.00000003       -0.00000003        0.00000004
     4605.        0.08769067        0.09947139        0.13260547       -0.00000002       -0.00000003        0.00000004
     4610.        0.08692851        0.10001234        0.13251050       -0.00000002       -0.00000003        0.00000004
     4615.        0.08611307        0.10050401        0.13234998       -0.00000002       -0.00000003        0.00000004
     4620.        0.08526155        0.10092520        0.13211899       -0.00000002       -0.00000003        0.00000004
     4625.        0.08439823        0.10126435        0.13182385       -0.00000002       -0.00000003        0.00000004
     4630.        0.08354910        0.10152143        0.13148024       -0.00000002       -0.00000003        0.00000004
     4635.        0.08273681        0.10170571        0.13110848       -0.00000002       -0.00000003        0.00000004
     4640.        0.08197784        0.10183310        0.13073006       -0.00000002       -0.00000003        0.00000004
     4645.        0.08128044        0.10192219        0.13036351       -0.00000002       -0.00000003        0.00000003
