     4155.        0.08480725        0.00132828        0.08481766       -0.00000047       -0.00000001        0.00000047
     4160.        0.16173474        0.01073450        0.16209058       -0.00000043       -0.00000003        0.00000043
     4165.        0.19790630        0.02137759        0.19905754       -0.00000040       -0.00000004        0.00000040
     4170.        0.22438563        0.03302046        0.22680226       -0.00000038       -0.00000006        0.00000038
     4175.        0.24135570        0.03518808        0.24390731       -0.00000035       -0.00000005        0.00000036
     4180.        0.25735580        0.04289750        0.26090650       -0.00000034       -0.00000006        0.00000034
     4185.        0.26572505        0.04662914        0.26978525       -0.00000032       -0.00000006        0.00000033
     4190.        0.27695025        0.04790574        0.28106299       -0.00000031       -0.00000005        0.00000031
     4195.        0.28742255        0.05254443        0.29218597       -0.00000030       -0.00000006        0.00000031
     4200.        0.29416610        0.05678002        0.29959583       -0.00000029       -0.00000006        0.00000030
     4205.        0.30068214        0.05829983        0.30628193       -0.00000028       -0.00000005        0.00000029
     4210.        0.30916844        0.05962145        0.31486479       -0.00000028       -0.00000005        0.00000028
     4215.        0.31827544        0.06268651        0.32438997       -0.00000027       -0.00000005        0.00000028
     4220.        0.32634913        0.06694276        0.33314425       -0.00000027       -0.00000005        0.00000027
     4225.        0.33339256        0.07088389        0.34084472       -0.00000026       -0.00000006        0.00000027
     4230.        0.34071051        0.07391375        0.34863577       -0.00000026       -0.00000006        0.00000027
     4235.        0.34943069        0.07673902        0.35775786       -0.00000026       -0.00000006        0.00000026
     4240.        0.35974832        0.08047997        0.36864059       -0.00000026       -0.00000006        0.00000026
     4245.        0.37121103        0.08587290        0.38101415       -0.00000026       -0.00000006        0.00000026
     4250.        0.38331825        0.09308889        0.39445965       -0.00000026       -0.00000006        0.00000027
     4255.        0.39597727        0.10197194        0.40889641       -0.00000026       -0.00000007        0.00000027
     4260.        0.40970850        0.11248584        0.42486953       -0.00000026       -0.00000007        0.00000027
     4265.        0.42559479        0.12520916        0.44363077       -0.00000027       -0.00000008        0.00000028
     4270.        0.44512397        0.14178930        0.46716117       -0.00000027       -0.00000009        0.00000029
     4275.        0.47012935        0.16557391        0.49843387       -0.00000028       -0.00000010        0.00000030
     4280.        0.50300951        0.20327193        0.54252930       -0.00000029       -0.00000012        0.00000032
     4285.        0.54670513        0.27039289        0.60991705       -0.00000031       -0.00000015        0.00000035
     4290.        0.59864964        0.41221134        0.72684220       -0.00000034       -0.00000023        0.00000041
     4295.        0.54680882        0.79436068        0.96436962       -0.00000030       -0.00000044        0.00000053
     4300.       -0.39518660        0.80447535        0.89629963        0.00000021       -0.00000043        0.00000048
     4305.       -0.22919724        0.05032791        0.23465778        0.00000012       -0.00000003        0.00000012
     4310.        0.04074979       -0.04090967        0.05774207       -0.00000002        0.00000002        0.00000003
     4315.        0.17113731       -0.02996613        0.17374103       -0.00000009        0.00000002        0.00000009
     4320.        0.27313919        0.00250889        0.27315071       -0.00000014       -0.00000000        0.00000014
     4325.        0.27883545        0.05858414        0.28492334       -0.00000014       -0.00000003        0.00000014
     4330.        0.29035834        0.07208742        0.29917313       -0.00000014       -0.00000004        0.00000015
     4335.        0.29966103        0.07359033        0.30856486       -0.00000014       -0.00000004        0.00000015
     4340.        0.30632627        0.08392381        0.31761453       -0.00000014       -0.00000004        0.00000015
     4345.        0.31247692        0.08389442        0.32354304       -0.00000015       -0.00000004        0.00000015
     4350.        0.32113080        0.08743884        0.33282208       -0.00000015       -0.00000004        0.00000015
     4355.        0.32555276        0.08991532        0.33774156       -0.00000015       -0.00000004        0.00000015
     4360.        0.33108507        0.08904311        0.34284982       -0.00000015       -0.00000004        0.00000015
     4365.        0.33847789        0.08918454        0.35003023       -0.00000015       -0.00000004        0.00000015
     4370.        0.34459898        0.09069755        0.35633482       -0.00000015       -0.00000004        0.00000015
     4375.        0.34890119        0.09124685        0.36063559       -0.00000015       -0.00000004        0.00000015
     4380.        0.35310031        0.08984055        0.36435032       -0.00000015       -0.00000004        0.00000015
     4385.        0.35847628        0.08743224        0.36898461       -0.00000015       -0.00000004        0.00000015
     4390.        0.36481366        0.08521028        0.37463288       -0.00000015       -0.00000004        0.00000015
     4395.        0.37125209        0.08345576        0.38051673       -0.00000015       -0.00000003        0.00000016
     4400.        0.37723777        0.08170298        0.38598408       -0.00000015       -0.00000003        0.00000016
     4405.        0.38279492        0.07932660        0.39092795       -0.00000015       -0.00000003        0.00000016
     4410.        0.38833503        0.07596686        0.39569566       -0.00000015       -0.00000003        0.00000016
     4415.        0.39430156        0.07163816        0.40075647       -0.00000015       -0.00000003        0.00000016
     4420.        0.40092689        0.06657560        0.40641688       -0.00000015       -0.00000003        0.00000016
     4425.        0.40817497        0.06100310        0.41270835       -0.00000016       -0.00000002        0.00000016
     4430.        0.41584825        0.05497960        0.41946696       -0.00000016       -0.00000002        0.00000016
     4435.        0.42370777        0.04835493        0.42645806       -0.00000016       -0.00000002        0.00000016
     4440.        0.43154997        0.04078587        0.43347302       -0.00000016       -0.00000002        0.00000016
     4445.        0.43921465        0.03174579        0.44036043       -0.00000016       -0.00000001        0.00000016
     4450.        0.44652428        0.02044478        0.44699208       -0.00000016       -0.00000001        0.00000016
     4455.        0.45303565        0.00543849        0.45306829       -0.00000016       -0.00000000        0.00000016
     4460.        0.45686349       -0.01787273        0.45721296       -0.00000016        0.00000001        0.00000016
     4465.        0.48110290       -0.06201637        0.48508353       -0.00000017        0.00000002        0.00000017
     4470.        0.52287348       -0.08990843        0.53054707       -0.00000018        0.00000003        0.00000019
     4475.        0.55596428       -0.09873626        0.56466373       -0.00000019        0.00000003        0.00000020
     4480.        0.61518606       -0.11900195        0.62659026       -0.00000021        0.00000004        0.00000021
     4485.        0.64366088       -0.12931031        0.65652150       -0.00000022        0.00000004        0.00000022
     4490.        0.70846580       -0.15934329        0.72616395       -0.00000024        0.00000005        0.00000024
     4495.        0.77484964       -0.14808830        0.78887395       -0.00000026        0.00000005        0.00000026
     4500.        0.81905542       -0.15661189        0.83389392       -0.00000027        0.00000005        0.00000028
     4505.        0.89985866       -0.18131445        0.91794364       -0.00000030        0.00000006        0.00000030
     4510.        1.01413600       -0.16709240        1.02780917       -0.00000033        0.00000005        0.00000033
     4515.        1.10329297       -0.11384849        1.10915142       -0.00000036        0.00000004        0.00000036
     4520.        1.17234801       -0.07804100        1.17494266       -0.00000037        0.00000002        0.00000038
     4525.        1.27291879       -0.05560094        1.27413253       -0.00000040        0.00000002        0.00000040
     4530.        1.42027015        0.00455436        1.42027745       -0.00000045       -0.00000000        0.00000045
     4535.        1.56899379        0.15215625        1.57635435       -0.00000049       -0.00000005        0.00000049
     4540.        1.63825253        0.36100731        1.67755704       -0.00000051       -0.00000011        0.00000052
     4545.        1.62940522        0.54430517        1.71791428       -0.00000050       -0.00000017        0.00000053
     4550.        1.60978203        0.68553723        1.74967410       -0.00000049       -0.00000021        0.00000053
     4555.        1.60479715        0.82846301        1.80602460       -0.00000049       -0.00000025        0.00000055
     4560.        1.58643343        1.00835406        1.87977364       -0.00000048       -0.00000030        0.00000056
     4565.        1.50285142        1.21564607        1.93296605       -0.00000045       -0.00000036        0.00000058
     4570.        1.33155631        1.38819892        1.92357440       -0.00000039       -0.00000041        0.00000057
     4575.        1.12001742        1.46947060        1.84764252       -0.00000033       -0.00000043        0.00000054
     4580.        0.93566242        1.46935961        1.74197641       -0.00000027       -0.00000043        0.00000051
     4585.        0.80338570        1.43394801        1.64366526       -0.00000023       -0.00000041        0.00000048
     4590.        0.71242077        1.39722789        1.56837149       -0.00000020       -0.00000040        0.00000045
     4595.        0.64330979        1.37199461        1.51532726       -0.00000018       -0.00000039        0.00000043
     4600.        0.58045769        1.35769333        1.47657113       -0.00000016       -0.00000038        0.00000042
     4605.        0.51509742        1.34743507        1.44253479       -0.00000014       -0.00000038        0.00000041
     4610.        0.44553438        1.33273495        1.40523426       -0.00000012       -0.00000037        0.00000039
     4615.        0.37584152        1.30746098        1.36040842       -0.00000010       -0.00000036        0.00000038
     4620.        0.31270389        1.27033446        1.30825585       -0.00000009       -0.00000035        0.00000036
     4625.        0.26159264        1.22475301        1.25237800       -0.00000007       -0.00000034        0.00000034
     4630.        0.22455857        1.17630981        1.19755222       -0.00000006       -0.00000032        0.00000033
     4635.        0.20039608        1.13013635        1.14776598       -0.00000005       -0.00000031        0.00000031
     4640.        0.18608064        1.08956148        1.10533715       -0.00000005       -0.00000029        0.00000030
     4645.        0.17815695        1.05601746        1.07094014       -0.00000005       -0.00000028        0.00000029
