    1100.00        0.00000        0.00000    
    1105.00        0.00000        0.00000    
    1110.00        0.00000        0.00000    
    1115.00        0.00000        0.00000    
    1120.00        0.00000        0.00000    
    1125.00        0.00000        0.00000    
    1130.00        0.00000        0.00000    
    1135.00        0.00000        0.00000    
    1140.00        0.00000        0.00000    
    1145.00        0.00000        0.00000    
    1150.00        0.00000        0.00000    
    1155.00        0.00000        0.00000    
    1160.00        0.00000        0.00000    
    1165.00        0.00000        0.00000    
    1170.00        0.00000        0.00000    
    1175.00        0.00000        0.00000    
    1180.00        0.00000        0.00000    
    1185.00        0.00000        0.00000    
    1190.00        0.00000        0.00000    
    1195.00        0.00000        0.00000    
    1200.00        0.00000        0.00000    
    1205.00        0.00000        0.00000    
    1210.00        0.00000        0.00000    
    1215.00        0.00000        0.00000    
    1220.00        0.00000        0.00000    
    1225.00        0.00000        0.00000    
    1230.00        0.00000        0.00000    
    1235.00        0.00000        0.00000    
    1240.00        0.00000        0.00000    
    1245.00        0.00000        0.00000    
    1250.00        0.00000        0.00000    
    1255.00        0.00000        0.00000    
    1260.00        0.00000        0.00000    
    1265.00        0.00000        0.00000    
    1270.00        0.00000        0.00000    
    1275.00        0.00000        0.00000    
    1280.00        0.00000        0.00000    
    1285.00        0.00000        0.00000    
    1290.00        0.00000        0.00000    
    1295.00        0.00000        0.00000    
    1300.00        0.00000        0.00000    
    1305.00        0.00000        0.00000    
    1310.00        0.00000        0.00000    
    1315.00        0.00000        0.00000    
    1320.00        0.00000        0.00000    
    1325.00        0.00000        0.00000    
    1330.00        0.00000        0.00000    
    1335.00        0.00000        0.00000    
    1340.00        0.00000        0.00000    
    1345.00        0.00000        0.00000    
    1350.00        0.00000        0.00000    
    1355.00        0.00000        0.00000    
    1360.00        0.00000        0.00000    
    1365.00        0.00000        0.00000    
    1370.00        0.00000        0.00000    
    1375.00        0.00000        0.00000    
    1380.00        0.00000        0.00000    
    1385.00        0.00000        0.00000    
    1390.00        0.00000        0.00000    
    1395.00        0.00000        0.00000    
    1400.00        0.00000        0.00000    
    1405.00        0.00000        0.00000    
    1410.00        0.00000        0.00000    
    1415.00        0.00000        0.00000    
    1420.00        0.00000        0.00000    
    1425.00        0.00000        0.00000    
    1430.00        0.00000        0.00000    
    1435.00        0.00000        0.00000    
    1440.00        0.00000        0.00000    
    1445.00        0.00000        0.00000    
    1450.00        0.00000        0.00000    
    1455.00        0.00000        0.00000    
    1460.00        0.00000        0.00000    
    1465.00        0.00000        0.00000    
    1470.00        0.00000        0.00000    
    1475.00        0.00000        0.00000    
    1480.00        0.00000        0.00000    
    1485.00        0.00000        0.00000    
    1490.00        0.00000        0.00000    
    1495.00        0.00000        0.00000    
    1500.00        0.00000        0.00000    
    1505.00        0.00000        0.00000    
    1510.00        0.00000        0.00000    
    1515.00        0.00000        0.00000    
    1520.00        0.00000        0.00000    
    1525.00        0.00000        0.00000    
    1530.00        0.00000        0.00000    
    1535.00        0.00000        0.00000    
    1540.00        0.00000        0.00000    
    1545.00        0.00000        0.00000    
    1550.00        0.00000        0.00000    
    1555.00        0.00000        0.00000    
    1560.00        0.00000        0.00000    
    1565.00        0.00000        0.00000    
    1570.00        0.00000        0.00000    
    1575.00        0.00000        0.00000    
    1580.00        0.00000        0.00000    
    1585.00        0.00000        0.00000    
    1590.00        0.00000        0.00000    
    1595.00        0.00000        0.00000    
    1600.00        0.00000        0.00000    
    1605.00        0.00000        0.00000    
    1610.00        0.00000        0.00000    
    1615.00        0.00000        0.00000    
    1620.00        0.00000        0.00000    
    1625.00        0.00000        0.00000    
    1630.00        0.00000        0.00000    
    1635.00        0.00000        0.00000    
    1640.00        0.00000        0.00000    
    1645.00        0.00000        0.00000    
    1650.00        0.00000        0.00000    
    1655.00        0.00000        0.00000    
    1660.00        0.00000        0.00000    
    1665.00        0.00000        0.00000    
    1670.00        0.00000        0.00000    
    1675.00        0.00000        0.00000    
    1680.00        0.00000        0.00000    
    1685.00        0.00000        0.00000    
    1690.00       0.287594E-04   0.140998E-05
    1695.00       0.411345E-04   0.202578E-05
    1700.00       0.479085E-04   0.237008E-05
    1705.00       0.530423E-04   0.263600E-05
    1710.00       0.573577E-04   0.286349E-05
    1715.00       0.611801E-04   0.306835E-05
    1720.00       0.646739E-04   0.325854E-05
    1725.00       0.679350E-04   0.343872E-05
    1730.00       0.710241E-04   0.361182E-05
    1735.00       0.739824E-04   0.377987E-05
    1740.00       0.768393E-04   0.394429E-05
    1745.00       0.796165E-04   0.410615E-05
    1750.00       0.823305E-04   0.426628E-05
    1755.00       0.849941E-04   0.442530E-05
    1760.00       0.876176E-04   0.458376E-05
    1765.00       0.902095E-04   0.474208E-05
    1770.00       0.927765E-04   0.490061E-05
    1775.00       0.953245E-04   0.505968E-05
    1780.00       0.978583E-04   0.521954E-05
    1785.00       0.100382E-03   0.538045E-05
    1790.00       0.102900E-03   0.554259E-05
    1795.00       0.105414E-03   0.570618E-05
    1800.00       0.107928E-03   0.587137E-05
    1805.00       0.110444E-03   0.603834E-05
    1810.00       0.112965E-03   0.620724E-05
    1815.00       0.115492E-03   0.637819E-05
    1820.00       0.118027E-03   0.655135E-05
    1825.00       0.120572E-03   0.672683E-05
    1830.00       0.123129E-03   0.690476E-05
    1835.00       0.125699E-03   0.708526E-05
    1840.00       0.128283E-03   0.726845E-05
    1845.00       0.130883E-03   0.745444E-05
    1850.00       0.133500E-03   0.764334E-05
    1855.00       0.136135E-03   0.783527E-05
    1860.00       0.138788E-03   0.803034E-05
    1865.00       0.141462E-03   0.822866E-05
    1870.00       0.144157E-03   0.843033E-05
    1875.00       0.146874E-03   0.863548E-05
    1880.00       0.149614E-03   0.884420E-05
    1885.00       0.152378E-03   0.905662E-05
    1890.00       0.155167E-03   0.927285E-05
    1895.00       0.157981E-03   0.949301E-05
    1900.00       0.160822E-03   0.971720E-05
    1905.00       0.163691E-03   0.994556E-05
    1910.00       0.166587E-03   0.101782E-04
    1915.00       0.169513E-03   0.104152E-04
    1920.00       0.172469E-03   0.106568E-04
    1925.00       0.175455E-03   0.109030E-04
    1930.00       0.178473E-03   0.111541E-04
    1935.00       0.181523E-03   0.114100E-04
    1940.00       0.184607E-03   0.116710E-04
    1945.00       0.187725E-03   0.119373E-04
    1950.00       0.190877E-03   0.122088E-04
    1955.00       0.194065E-03   0.124859E-04
    1960.00       0.197290E-03   0.127686E-04
    1965.00       0.200552E-03   0.130571E-04
    1970.00       0.203852E-03   0.133516E-04
    1975.00       0.207192E-03   0.136522E-04
    1980.00       0.210571E-03   0.139591E-04
    1985.00       0.213991E-03   0.142725E-04
    1990.00       0.217453E-03   0.145926E-04
    1995.00       0.220958E-03   0.149195E-04
    2000.00       0.224507E-03   0.152534E-04
    2005.00       0.228100E-03   0.155946E-04
    2010.00       0.231738E-03   0.159432E-04
    2015.00       0.235423E-03   0.162994E-04
    2020.00       0.239156E-03   0.166635E-04
    2025.00       0.242937E-03   0.170357E-04
    2030.00       0.246768E-03   0.174161E-04
    2035.00       0.250649E-03   0.178052E-04
    2040.00       0.254582E-03   0.182030E-04
    2045.00       0.258568E-03   0.186099E-04
    2050.00       0.262608E-03   0.190261E-04
    2055.00       0.266703E-03   0.194519E-04
    2060.00       0.270855E-03   0.198875E-04
    2065.00       0.275064E-03   0.203333E-04
    2070.00       0.279332E-03   0.207895E-04
    2075.00       0.283660E-03   0.212565E-04
    2080.00       0.288049E-03   0.217346E-04
    2085.00       0.292501E-03   0.222241E-04
    2090.00       0.297016E-03   0.227254E-04
    2095.00       0.301598E-03   0.232387E-04
    2100.00       0.306246E-03   0.237646E-04
    2105.00       0.310963E-03   0.243034E-04
    2110.00       0.315749E-03   0.248554E-04
    2115.00       0.320607E-03   0.254210E-04
    2120.00       0.325538E-03   0.260008E-04
    2125.00       0.330543E-03   0.265952E-04
    2130.00       0.335625E-03   0.272046E-04
    2135.00       0.340785E-03   0.278294E-04
    2140.00       0.346025E-03   0.284702E-04
    2145.00       0.351346E-03   0.291276E-04
    2150.00       0.356751E-03   0.298020E-04
    2155.00       0.362242E-03   0.304940E-04
    2160.00       0.367820E-03   0.312041E-04
    2165.00       0.373488E-03   0.319331E-04
    2170.00       0.379247E-03   0.326814E-04
    2175.00       0.385100E-03   0.334498E-04
    2180.00       0.391049E-03   0.342389E-04
    2185.00       0.397097E-03   0.350495E-04
