    1100.00        0.00000        0.00000    
    1105.00        0.00000        0.00000    
    1110.00        0.00000        0.00000    
    1115.00        0.00000        0.00000    
    1120.00        0.00000        0.00000    
    1125.00        0.00000        0.00000    
    1130.00        0.00000        0.00000    
    1135.00        0.00000        0.00000    
    1140.00        0.00000        0.00000    
    1145.00        0.00000        0.00000    
    1150.00        0.00000        0.00000    
    1155.00        0.00000        0.00000    
    1160.00        0.00000        0.00000    
    1165.00        0.00000        0.00000    
    1170.00        0.00000        0.00000    
    1175.00        0.00000        0.00000    
    1180.00        0.00000        0.00000    
    1185.00        0.00000        0.00000    
    1190.00        0.00000        0.00000    
    1195.00        0.00000        0.00000    
    1200.00        0.00000        0.00000    
    1205.00        0.00000        0.00000    
    1210.00        0.00000        0.00000    
    1215.00        0.00000        0.00000    
    1220.00        0.00000        0.00000    
    1225.00        0.00000        0.00000    
    1230.00        0.00000        0.00000    
    1235.00        0.00000        0.00000    
    1240.00        0.00000        0.00000    
    1245.00        0.00000        0.00000    
    1250.00        0.00000        0.00000    
    1255.00        0.00000        0.00000    
    1260.00        0.00000        0.00000    
    1265.00        0.00000        0.00000    
    1270.00        0.00000        0.00000    
    1275.00        0.00000        0.00000    
    1280.00        0.00000        0.00000    
    1285.00        0.00000        0.00000    
    1290.00        0.00000        0.00000    
    1295.00        0.00000        0.00000    
    1300.00        0.00000        0.00000    
    1305.00        0.00000        0.00000    
    1310.00        0.00000        0.00000    
    1315.00        0.00000        0.00000    
    1320.00        0.00000        0.00000    
    1325.00        0.00000        0.00000    
    1330.00        0.00000        0.00000    
    1335.00        0.00000        0.00000    
    1340.00        0.00000        0.00000    
    1345.00        0.00000        0.00000    
    1350.00        0.00000        0.00000    
    1355.00        0.00000        0.00000    
    1360.00        0.00000        0.00000    
    1365.00        0.00000        0.00000    
    1370.00        0.00000        0.00000    
    1375.00        0.00000        0.00000    
    1380.00        0.00000        0.00000    
    1385.00        0.00000        0.00000    
    1390.00        0.00000        0.00000    
    1395.00        0.00000        0.00000    
    1400.00        0.00000        0.00000    
    1405.00        0.00000        0.00000    
    1410.00        0.00000        0.00000    
    1415.00        0.00000        0.00000    
    1420.00        0.00000        0.00000    
    1425.00        0.00000        0.00000    
    1430.00        0.00000        0.00000    
    1435.00        0.00000        0.00000    
    1440.00        0.00000        0.00000    
    1445.00        0.00000        0.00000    
    1450.00        0.00000        0.00000    
    1455.00        0.00000        0.00000    
    1460.00        0.00000        0.00000    
    1465.00        0.00000        0.00000    
    1470.00        0.00000        0.00000    
    1475.00        0.00000        0.00000    
    1480.00        0.00000        0.00000    
    1485.00        0.00000        0.00000    
    1490.00        0.00000        0.00000    
    1495.00        0.00000        0.00000    
    1500.00        0.00000        0.00000    
    1505.00        0.00000        0.00000    
    1510.00        0.00000        0.00000    
    1515.00        0.00000        0.00000    
    1520.00        0.00000        0.00000    
    1525.00        0.00000        0.00000    
    1530.00        0.00000        0.00000    
    1535.00        0.00000        0.00000    
    1540.00        0.00000        0.00000    
    1545.00        0.00000        0.00000    
    1550.00        0.00000        0.00000    
    1555.00        0.00000        0.00000    
    1560.00        0.00000        0.00000    
    1565.00        0.00000        0.00000    
    1570.00        0.00000        0.00000    
    1575.00        0.00000        0.00000    
    1580.00        0.00000        0.00000    
    1585.00        0.00000        0.00000    
    1590.00        0.00000        0.00000    
    1595.00        0.00000        0.00000    
    1600.00        0.00000        0.00000    
    1605.00        0.00000        0.00000    
    1610.00        0.00000        0.00000    
    1615.00        0.00000        0.00000    
    1620.00        0.00000        0.00000    
    1625.00        0.00000        0.00000    
    1630.00        0.00000        0.00000    
    1635.00        0.00000        0.00000    
    1640.00        0.00000        0.00000    
    1645.00        0.00000        0.00000    
    1650.00        0.00000        0.00000    
    1655.00        0.00000        0.00000    
    1660.00        0.00000        0.00000    
    1665.00        0.00000        0.00000    
    1670.00        0.00000        0.00000    
    1675.00        0.00000        0.00000    
    1680.00        0.00000        0.00000    
    1685.00        0.00000        0.00000    
    1690.00       0.145129      -0.976749    
    1695.00       0.211437       -1.40335    
    1700.00       0.250805       -1.64175    
    1705.00       0.282777       -1.82570    
    1710.00       0.311356       -1.98285    
    1715.00       0.338119       -2.12410    
    1720.00       0.363858       -2.25496    
    1725.00       0.389035       -2.37862    
    1730.00       0.413946       -2.49711    
    1735.00       0.438794       -2.61179    
    1740.00       0.463726       -2.72364    
    1745.00       0.488853       -2.83336    
    1750.00       0.514264       -2.94151    
    1755.00       0.540029       -3.04850    
    1760.00       0.566208       -3.15467    
    1765.00       0.592853       -3.26030    
    1770.00       0.620009       -3.36561    
    1775.00       0.647715       -3.47079    
    1780.00       0.676008       -3.57599    
    1785.00       0.704922       -3.68135    
    1790.00       0.734488       -3.78699    
    1795.00       0.764737       -3.89300    
    1800.00       0.795697       -3.99948    
    1805.00       0.827395       -4.10651    
    1810.00       0.859859       -4.21415    
    1815.00       0.893115       -4.32247    
    1820.00       0.927188       -4.43152    
    1825.00       0.962105       -4.54136    
    1830.00       0.997890       -4.65204    
    1835.00        1.03457       -4.76358    
    1840.00        1.07217       -4.87604    
    1845.00        1.11071       -4.98945    
    1850.00        1.15023       -5.10385    
    1855.00        1.19074       -5.21926    
    1860.00        1.23227       -5.33571    
    1865.00        1.27485       -5.45323    
    1870.00        1.31850       -5.57186    
    1875.00        1.36325       -5.69160    
    1880.00        1.40913       -5.81248    
    1885.00        1.45617       -5.93453    
    1890.00        1.50438       -6.05776    
    1895.00        1.55381       -6.18220    
    1900.00        1.60447       -6.30785    
    1905.00        1.65640       -6.43474    
    1910.00        1.70963       -6.56289    
    1915.00        1.76419       -6.69231    
    1920.00        1.82009       -6.82301    
    1925.00        1.87739       -6.95500    
    1930.00        1.93610       -7.08831    
    1935.00        1.99627       -7.22294    
    1940.00        2.05791       -7.35890    
    1945.00        2.12106       -7.49621    
    1950.00        2.18577       -7.63487    
    1955.00        2.25205       -7.77489    
    1960.00        2.31995       -7.91629    
    1965.00        2.38949       -8.05907    
    1970.00        2.46072       -8.20323    
    1975.00        2.53367       -8.34880    
    1980.00        2.60838       -8.49576    
    1985.00        2.68488       -8.64413    
    1990.00        2.76321       -8.79392    
    1995.00        2.84340       -8.94512    
    2000.00        2.92551       -9.09774    
    2005.00        3.00956       -9.25179    
    2010.00        3.09560       -9.40726    
    2015.00        3.18367       -9.56416    
    2020.00        3.27381       -9.72249    
    2025.00        3.36605       -9.88225    
    2030.00        3.46045       -10.0434    
    2035.00        3.55704       -10.2061    
    2040.00        3.65588       -10.3701    
    2045.00        3.75699       -10.5356    
    2050.00        3.86044       -10.7024    
    2055.00        3.96626       -10.8707    
    2060.00        4.07449       -11.0404    
    2065.00        4.18520       -11.2116    
    2070.00        4.29842       -11.3841    
    2075.00        4.41420       -11.5580    
    2080.00        4.53259       -11.7332    
    2085.00        4.65364       -11.9099    
    2090.00        4.77740       -12.0879    
    2095.00        4.90392       -12.2672    
    2100.00        5.03325       -12.4479    
    2105.00        5.16544       -12.6299    
    2110.00        5.30055       -12.8132    
    2115.00        5.43862       -12.9978    
    2120.00        5.57971       -13.1837    
    2125.00        5.72388       -13.3708    
    2130.00        5.87117       -13.5591    
    2135.00        6.02165       -13.7487    
    2140.00        6.17536       -13.9394    
    2145.00        6.33237       -14.1313    
    2150.00        6.49272       -14.3243    
    2155.00        6.65649       -14.5185    
    2160.00        6.82371       -14.7137    
    2165.00        6.99446       -14.9100    
    2170.00        7.16878       -15.1073    
    2175.00        7.34674       -15.3056    
    2180.00        7.52840       -15.5048    
    2185.00        7.71381       -15.7050    
