    1100.00        0.00000        0.00000    
    1105.00        0.00000        0.00000    
    1110.00        0.00000        0.00000    
    1115.00        0.00000        0.00000    
    1120.00        0.00000        0.00000    
    1125.00        0.00000        0.00000    
    1130.00        0.00000        0.00000    
    1135.00        0.00000        0.00000    
    1140.00        0.00000        0.00000    
    1145.00        0.00000        0.00000    
    1150.00        0.00000        0.00000    
    1155.00        0.00000        0.00000    
    1160.00        0.00000        0.00000    
    1165.00        0.00000        0.00000    
    1170.00        0.00000        0.00000    
    1175.00        0.00000        0.00000    
    1180.00        0.00000        0.00000    
    1185.00        0.00000        0.00000    
    1190.00        0.00000        0.00000    
    1195.00        0.00000        0.00000    
    1200.00        0.00000        0.00000    
    1205.00        0.00000        0.00000    
    1210.00        0.00000        0.00000    
    1215.00        0.00000        0.00000    
    1220.00        0.00000        0.00000    
    1225.00        0.00000        0.00000    
    1230.00        0.00000        0.00000    
    1235.00        0.00000        0.00000    
    1240.00        0.00000        0.00000    
    1245.00        0.00000        0.00000    
    1250.00        0.00000        0.00000    
    1255.00        0.00000        0.00000    
    1260.00        0.00000        0.00000    
    1265.00        0.00000        0.00000    
    1270.00        0.00000        0.00000    
    1275.00        0.00000        0.00000    
    1280.00        0.00000        0.00000    
    1285.00        0.00000        0.00000    
    1290.00        0.00000        0.00000    
    1295.00        0.00000        0.00000    
    1300.00        0.00000        0.00000    
    1305.00        0.00000        0.00000    
    1310.00        0.00000        0.00000    
    1315.00        0.00000        0.00000    
    1320.00        0.00000        0.00000    
    1325.00        0.00000        0.00000    
    1330.00        0.00000        0.00000    
    1335.00        0.00000        0.00000    
    1340.00        0.00000        0.00000    
    1345.00        0.00000        0.00000    
    1350.00        0.00000        0.00000    
    1355.00        0.00000        0.00000    
    1360.00        0.00000        0.00000    
    1365.00        0.00000        0.00000    
    1370.00        0.00000        0.00000    
    1375.00        0.00000        0.00000    
    1380.00        0.00000        0.00000    
    1385.00        0.00000        0.00000    
    1390.00        0.00000        0.00000    
    1395.00        0.00000        0.00000    
    1400.00        0.00000        0.00000    
    1405.00        0.00000        0.00000    
    1410.00        0.00000        0.00000    
    1415.00        0.00000        0.00000    
    1420.00        0.00000        0.00000    
    1425.00        0.00000        0.00000    
    1430.00        0.00000        0.00000    
    1435.00        0.00000        0.00000    
    1440.00        0.00000        0.00000    
    1445.00        0.00000        0.00000    
    1450.00        0.00000        0.00000    
    1455.00        0.00000        0.00000    
    1460.00        0.00000        0.00000    
    1465.00        0.00000        0.00000    
    1470.00        0.00000        0.00000    
    1475.00        0.00000        0.00000    
    1480.00        0.00000        0.00000    
    1485.00        0.00000        0.00000    
    1490.00        0.00000        0.00000    
    1495.00        0.00000        0.00000    
    1500.00        0.00000        0.00000    
    1505.00        0.00000        0.00000    
    1510.00        0.00000        0.00000    
    1515.00        0.00000        0.00000    
    1520.00        0.00000        0.00000    
    1525.00        0.00000        0.00000    
    1530.00        0.00000        0.00000    
    1535.00        0.00000        0.00000    
    1540.00        0.00000        0.00000    
    1545.00        0.00000        0.00000    
    1550.00        0.00000        0.00000    
    1555.00        0.00000        0.00000    
    1560.00        0.00000        0.00000    
    1565.00        0.00000        0.00000    
    1570.00        0.00000        0.00000    
    1575.00        0.00000        0.00000    
    1580.00        0.00000        0.00000    
    1585.00        0.00000        0.00000    
    1590.00        0.00000        0.00000    
    1595.00        0.00000        0.00000    
    1600.00        0.00000        0.00000    
    1605.00        0.00000        0.00000    
    1610.00        0.00000        0.00000    
    1615.00        0.00000        0.00000    
    1620.00        0.00000        0.00000    
    1625.00        0.00000        0.00000    
    1630.00        0.00000        0.00000    
    1635.00        0.00000        0.00000    
    1640.00        0.00000        0.00000    
    1645.00        0.00000        0.00000    
    1650.00        0.00000        0.00000    
    1655.00        0.00000        0.00000    
    1660.00        0.00000        0.00000    
    1665.00        0.00000        0.00000    
    1670.00        0.00000        0.00000    
    1675.00        0.00000        0.00000    
    1680.00        0.00000        0.00000    
    1685.00        0.00000        0.00000    
    1690.00       0.236187E-02   0.117439    
    1695.00       0.337147E-02   0.166914    
    1700.00       0.391898E-02   0.193169    
    1705.00       0.433053E-02   0.212502    
    1710.00       0.467391E-02   0.228313    
    1715.00       0.497600E-02   0.241951    
    1720.00       0.525041E-02   0.254099    
    1725.00       0.550508E-02   0.265158    
    1730.00       0.574505E-02   0.275380    
    1735.00       0.597376E-02   0.284937    
    1740.00       0.619367E-02   0.293952    
    1745.00       0.640658E-02   0.302515    
    1750.00       0.661388E-02   0.310694    
    1755.00       0.681667E-02   0.318542    
    1760.00       0.701580E-02   0.326101    
    1765.00       0.721199E-02   0.333405    
    1770.00       0.740585E-02   0.340482    
    1775.00       0.759785E-02   0.347353    
    1780.00       0.778844E-02   0.354039    
    1785.00       0.797797E-02   0.360555    
    1790.00       0.816679E-02   0.366914    
    1795.00       0.835516E-02   0.373129    
    1800.00       0.854336E-02   0.379209    
    1805.00       0.873161E-02   0.385163    
    1810.00       0.892013E-02   0.390998    
    1815.00       0.910911E-02   0.396720    
    1820.00       0.929873E-02   0.402335    
    1825.00       0.948917E-02   0.407848    
    1830.00       0.968060E-02   0.413263    
    1835.00       0.987315E-02   0.418584    
    1840.00       0.100670E-01   0.423814    
    1845.00       0.102622E-01   0.428956    
    1850.00       0.104591E-01   0.434011    
    1855.00       0.106576E-01   0.438983    
    1860.00       0.108579E-01   0.443873    
    1865.00       0.110602E-01   0.448682    
    1870.00       0.112646E-01   0.453412    
    1875.00       0.114713E-01   0.458063    
    1880.00       0.116802E-01   0.462637    
    1885.00       0.118917E-01   0.467134    
    1890.00       0.121057E-01   0.471555    
    1895.00       0.123226E-01   0.475899    
    1900.00       0.125423E-01   0.480167    
    1905.00       0.127650E-01   0.484359    
    1910.00       0.129908E-01   0.488474    
    1915.00       0.132200E-01   0.492514    
    1920.00       0.134526E-01   0.496476    
    1925.00       0.136889E-01   0.500360    
    1930.00       0.139288E-01   0.504167    
    1935.00       0.141727E-01   0.507894    
    1940.00       0.144207E-01   0.511542    
    1945.00       0.146729E-01   0.515109    
    1950.00       0.149295E-01   0.518594    
    1955.00       0.151907E-01   0.521996    
    1960.00       0.154567E-01   0.525314    
    1965.00       0.157277E-01   0.528546    
    1970.00       0.160039E-01   0.531691    
    1975.00       0.162854E-01   0.534747    
    1980.00       0.165726E-01   0.537713    
    1985.00       0.168656E-01   0.540587    
    1990.00       0.171646E-01   0.543367    
    1995.00       0.174700E-01   0.546050    
    2000.00       0.177819E-01   0.548636    
    2005.00       0.181006E-01   0.551121    
    2010.00       0.184265E-01   0.553503    
    2015.00       0.187598E-01   0.555780    
    2020.00       0.191007E-01   0.557950    
    2025.00       0.194497E-01   0.560009    
    2030.00       0.198070E-01   0.561955    
    2035.00       0.201730E-01   0.563785    
    2040.00       0.205481E-01   0.565496    
    2045.00       0.209326E-01   0.567085    
    2050.00       0.213270E-01   0.568548    
    2055.00       0.217316E-01   0.569882    
    2060.00       0.221469E-01   0.571084    
    2065.00       0.225733E-01   0.572149    
    2070.00       0.230114E-01   0.573073    
    2075.00       0.234616E-01   0.573854    
    2080.00       0.239245E-01   0.574485    
    2085.00       0.244006E-01   0.574963    
    2090.00       0.248906E-01   0.575284    
    2095.00       0.253950E-01   0.575441    
    2100.00       0.259145E-01   0.575431    
    2105.00       0.264498E-01   0.575247    
    2110.00       0.270016E-01   0.574885    
    2115.00       0.275708E-01   0.574339    
    2120.00       0.281580E-01   0.573602    
    2125.00       0.287642E-01   0.572668    
    2130.00       0.293903E-01   0.571531    
    2135.00       0.300373E-01   0.570184    
    2140.00       0.307061E-01   0.568619    
    2145.00       0.313978E-01   0.566830    
    2150.00       0.321135E-01   0.564807    
    2155.00       0.328546E-01   0.562544    
    2160.00       0.336222E-01   0.560031    
    2165.00       0.344178E-01   0.557259    
    2170.00       0.352427E-01   0.554219    
    2175.00       0.360985E-01   0.550901    
    2180.00       0.369868E-01   0.547295    
    2185.00       0.379095E-01   0.543389    
