    1100.00        0.00000        0.00000    
    1105.00        0.00000        0.00000    
    1110.00        0.00000        0.00000    
    1115.00        0.00000        0.00000    
    1120.00        0.00000        0.00000    
    1125.00        0.00000        0.00000    
    1130.00        0.00000        0.00000    
    1135.00        0.00000        0.00000    
    1140.00        0.00000        0.00000    
    1145.00        0.00000        0.00000    
    1150.00        0.00000        0.00000    
    1155.00        0.00000        0.00000    
    1160.00        0.00000        0.00000    
    1165.00        0.00000        0.00000    
    1170.00        0.00000        0.00000    
    1175.00        0.00000        0.00000    
    1180.00        0.00000        0.00000    
    1185.00        0.00000        0.00000    
    1190.00        0.00000        0.00000    
    1195.00        0.00000        0.00000    
    1200.00        0.00000        0.00000    
    1205.00        0.00000        0.00000    
    1210.00        0.00000        0.00000    
    1215.00        0.00000        0.00000    
    1220.00        0.00000        0.00000    
    1225.00        0.00000        0.00000    
    1230.00        0.00000        0.00000    
    1235.00        0.00000        0.00000    
    1240.00        0.00000        0.00000    
    1245.00        0.00000        0.00000    
    1250.00        0.00000        0.00000    
    1255.00        0.00000        0.00000    
    1260.00        0.00000        0.00000    
    1265.00        0.00000        0.00000    
    1270.00        0.00000        0.00000    
    1275.00        0.00000        0.00000    
    1280.00        0.00000        0.00000    
    1285.00        0.00000        0.00000    
    1290.00        0.00000        0.00000    
    1295.00        0.00000        0.00000    
    1300.00        0.00000        0.00000    
    1305.00        0.00000        0.00000    
    1310.00        0.00000        0.00000    
    1315.00        0.00000        0.00000    
    1320.00        0.00000        0.00000    
    1325.00        0.00000        0.00000    
    1330.00        0.00000        0.00000    
    1335.00        0.00000        0.00000    
    1340.00        0.00000        0.00000    
    1345.00        0.00000        0.00000    
    1350.00        0.00000        0.00000    
    1355.00        0.00000        0.00000    
    1360.00        0.00000        0.00000    
    1365.00        0.00000        0.00000    
    1370.00        0.00000        0.00000    
    1375.00        0.00000        0.00000    
    1380.00        0.00000        0.00000    
    1385.00        0.00000        0.00000    
    1390.00        0.00000        0.00000    
    1395.00        0.00000        0.00000    
    1400.00        0.00000        0.00000    
    1405.00        0.00000        0.00000    
    1410.00        0.00000        0.00000    
    1415.00        0.00000        0.00000    
    1420.00        0.00000        0.00000    
    1425.00        0.00000        0.00000    
    1430.00        0.00000        0.00000    
    1435.00        0.00000        0.00000    
    1440.00        0.00000        0.00000    
    1445.00        0.00000        0.00000    
    1450.00        0.00000        0.00000    
    1455.00        0.00000        0.00000    
    1460.00        0.00000        0.00000    
    1465.00        0.00000        0.00000    
    1470.00        0.00000        0.00000    
    1475.00        0.00000        0.00000    
    1480.00        0.00000        0.00000    
    1485.00        0.00000        0.00000    
    1490.00        0.00000        0.00000    
    1495.00        0.00000        0.00000    
    1500.00        0.00000        0.00000    
    1505.00        0.00000        0.00000    
    1510.00        0.00000        0.00000    
    1515.00        0.00000        0.00000    
    1520.00        0.00000        0.00000    
    1525.00        0.00000        0.00000    
    1530.00        0.00000        0.00000    
    1535.00        0.00000        0.00000    
    1540.00        0.00000        0.00000    
    1545.00        0.00000        0.00000    
    1550.00        0.00000        0.00000    
    1555.00        0.00000        0.00000    
    1560.00        0.00000        0.00000    
    1565.00        0.00000        0.00000    
    1570.00        0.00000        0.00000    
    1575.00        0.00000        0.00000    
    1580.00        0.00000        0.00000    
    1585.00        0.00000        0.00000    
    1590.00        0.00000        0.00000    
    1595.00        0.00000        0.00000    
    1600.00        0.00000        0.00000    
    1605.00        0.00000        0.00000    
    1610.00        0.00000        0.00000    
    1615.00        0.00000        0.00000    
    1620.00        0.00000        0.00000    
    1625.00        0.00000        0.00000    
    1630.00        0.00000        0.00000    
    1635.00        0.00000        0.00000    
    1640.00        0.00000        0.00000    
    1645.00        0.00000        0.00000    
    1650.00        0.00000        0.00000    
    1655.00        0.00000        0.00000    
    1660.00        0.00000        0.00000    
    1665.00        0.00000        0.00000    
    1670.00        0.00000        0.00000    
    1675.00        0.00000        0.00000    
    1680.00        0.00000        0.00000    
    1685.00        0.00000        0.00000    
    1690.00      -0.329101E-02   0.521286E-01
    1695.00      -0.469956E-02   0.725001E-01
    1700.00      -0.546362E-02   0.821027E-01
    1705.00      -0.603712E-02   0.883785E-01
    1710.00      -0.651432E-02   0.929088E-01
    1715.00      -0.693256E-02   0.963316E-01
    1720.00      -0.731075E-02   0.989755E-01
    1725.00      -0.765991E-02   0.101034    
    1730.00      -0.798704E-02   0.102633    
    1735.00      -0.829691E-02   0.103858    
    1740.00      -0.859293E-02   0.104770    
    1745.00      -0.887762E-02   0.105415    
    1750.00      -0.915290E-02   0.105827    
    1755.00      -0.942028E-02   0.106034    
    1760.00      -0.968098E-02   0.106058    
    1765.00      -0.993598E-02   0.105916    
    1770.00      -0.101861E-01   0.105621    
    1775.00      -0.104320E-01   0.105187    
    1780.00      -0.106743E-01   0.104621    
    1785.00      -0.109135E-01   0.103933    
    1790.00      -0.111500E-01   0.103129    
    1795.00      -0.113843E-01   0.102214    
    1800.00      -0.116165E-01   0.101193    
    1805.00      -0.118471E-01   0.100070    
    1810.00      -0.120763E-01   0.988482E-01
    1815.00      -0.123043E-01   0.975296E-01
    1820.00      -0.125314E-01   0.961164E-01
    1825.00      -0.127577E-01   0.946103E-01
    1830.00      -0.129835E-01   0.930122E-01
    1835.00      -0.132088E-01   0.913230E-01
    1840.00      -0.134338E-01   0.895431E-01
    1845.00      -0.136587E-01   0.876726E-01
    1850.00      -0.138836E-01   0.857112E-01
    1855.00      -0.141085E-01   0.836585E-01
    1860.00      -0.143336E-01   0.815137E-01
    1865.00      -0.145589E-01   0.792759E-01
    1870.00      -0.147846E-01   0.769437E-01
    1875.00      -0.150106E-01   0.745157E-01
    1880.00      -0.152371E-01   0.719902E-01
    1885.00      -0.154640E-01   0.693652E-01
    1890.00      -0.156915E-01   0.666384E-01
    1895.00      -0.159195E-01   0.638075E-01
    1900.00      -0.161481E-01   0.608697E-01
    1905.00      -0.163772E-01   0.578221E-01
    1910.00      -0.166069E-01   0.546616E-01
    1915.00      -0.168371E-01   0.513845E-01
    1920.00      -0.170677E-01   0.479873E-01
    1925.00      -0.172988E-01   0.444658E-01
    1930.00      -0.175302E-01   0.408158E-01
    1935.00      -0.177618E-01   0.370325E-01
    1940.00      -0.179936E-01   0.331111E-01
    1945.00      -0.182254E-01   0.290460E-01
    1950.00      -0.184571E-01   0.248317E-01
    1955.00      -0.186884E-01   0.204619E-01
    1960.00      -0.189191E-01   0.159301E-01
    1965.00      -0.191491E-01   0.112293E-01
    1970.00      -0.193780E-01   0.635195E-02
    1975.00      -0.196054E-01   0.128994E-02
    1980.00      -0.198310E-01  -0.396535E-02
    1985.00      -0.200544E-01  -0.942318E-02
    1990.00      -0.202751E-01  -0.150935E-01
    1995.00      -0.204924E-01  -0.209869E-01
    2000.00      -0.207059E-01  -0.271150E-01
    2005.00      -0.209147E-01  -0.334899E-01
    2010.00      -0.211180E-01  -0.401251E-01
    2015.00      -0.213149E-01  -0.470347E-01
    2020.00      -0.215043E-01  -0.542342E-01
    2025.00      -0.216851E-01  -0.617403E-01
    2030.00      -0.218558E-01  -0.695709E-01
    2035.00      -0.220149E-01  -0.777455E-01
    2040.00      -0.221607E-01  -0.862852E-01
    2045.00      -0.222911E-01  -0.952130E-01
    2050.00      -0.224037E-01  -0.104554    
    2055.00      -0.224961E-01  -0.114335    
    2060.00      -0.225651E-01  -0.124586    
    2065.00      -0.226073E-01  -0.135339    
    2070.00      -0.226187E-01  -0.146630    
    2075.00      -0.225948E-01  -0.158497    
    2080.00      -0.225303E-01  -0.170985    
    2085.00      -0.224191E-01  -0.184139    
    2090.00      -0.222543E-01  -0.198012    
    2095.00      -0.220275E-01  -0.212661    
    2100.00      -0.217292E-01  -0.228152    
    2105.00      -0.213484E-01  -0.244556    
    2110.00      -0.208719E-01  -0.261951    
    2115.00      -0.202843E-01  -0.280428    
    2120.00      -0.195676E-01  -0.300088    
    2125.00      -0.187001E-01  -0.321042    
    2130.00      -0.176561E-01  -0.343419    
    2135.00      -0.164051E-01  -0.367365    
    2140.00      -0.149101E-01  -0.393046    
    2145.00      -0.131265E-01  -0.420651    
    2150.00      -0.110001E-01  -0.450398    
    2155.00      -0.846463E-02  -0.482541    
    2160.00      -0.543831E-02  -0.517371    
    2165.00      -0.181991E-02  -0.555233    
    2170.00       0.251717E-02  -0.596528    
    2175.00       0.773254E-02  -0.641733    
    2180.00       0.140292E-01  -0.691415    
    2185.00       0.216683E-01  -0.746254    
