    1100.00        0.00000        0.00000    
    1105.00        0.00000        0.00000    
    1110.00        0.00000        0.00000    
    1115.00        0.00000        0.00000    
    1120.00        0.00000        0.00000    
    1125.00        0.00000        0.00000    
    1130.00        0.00000        0.00000    
    1135.00        0.00000        0.00000    
    1140.00        0.00000        0.00000    
    1145.00        0.00000        0.00000    
    1150.00        0.00000        0.00000    
    1155.00        0.00000        0.00000    
    1160.00        0.00000        0.00000    
    1165.00        0.00000        0.00000    
    1170.00        0.00000        0.00000    
    1175.00        0.00000        0.00000    
    1180.00        0.00000        0.00000    
    1185.00        0.00000        0.00000    
    1190.00        0.00000        0.00000    
    1195.00        0.00000        0.00000    
    1200.00        0.00000        0.00000    
    1205.00        0.00000        0.00000    
    1210.00        0.00000        0.00000    
    1215.00        0.00000        0.00000    
    1220.00        0.00000        0.00000    
    1225.00        0.00000        0.00000    
    1230.00        0.00000        0.00000    
    1235.00        0.00000        0.00000    
    1240.00        0.00000        0.00000    
    1245.00        0.00000        0.00000    
    1250.00        0.00000        0.00000    
    1255.00        0.00000        0.00000    
    1260.00        0.00000        0.00000    
    1265.00        0.00000        0.00000    
    1270.00        0.00000        0.00000    
    1275.00        0.00000        0.00000    
    1280.00        0.00000        0.00000    
    1285.00        0.00000        0.00000    
    1290.00        0.00000        0.00000    
    1295.00        0.00000        0.00000    
    1300.00        0.00000        0.00000    
    1305.00        0.00000        0.00000    
    1310.00        0.00000        0.00000    
    1315.00        0.00000        0.00000    
    1320.00        0.00000        0.00000    
    1325.00        0.00000        0.00000    
    1330.00        0.00000        0.00000    
    1335.00        0.00000        0.00000    
    1340.00        0.00000        0.00000    
    1345.00        0.00000        0.00000    
    1350.00        0.00000        0.00000    
    1355.00        0.00000        0.00000    
    1360.00        0.00000        0.00000    
    1365.00        0.00000        0.00000    
    1370.00        0.00000        0.00000    
    1375.00        0.00000        0.00000    
    1380.00        0.00000        0.00000    
    1385.00        0.00000        0.00000    
    1390.00        0.00000        0.00000    
    1395.00        0.00000        0.00000    
    1400.00        0.00000        0.00000    
    1405.00        0.00000        0.00000    
    1410.00        0.00000        0.00000    
    1415.00        0.00000        0.00000    
    1420.00        0.00000        0.00000    
    1425.00        0.00000        0.00000    
    1430.00        0.00000        0.00000    
    1435.00        0.00000        0.00000    
    1440.00        0.00000        0.00000    
    1445.00        0.00000        0.00000    
    1450.00        0.00000        0.00000    
    1455.00        0.00000        0.00000    
    1460.00        0.00000        0.00000    
    1465.00        0.00000        0.00000    
    1470.00        0.00000        0.00000    
    1475.00        0.00000        0.00000    
    1480.00        0.00000        0.00000    
    1485.00        0.00000        0.00000    
    1490.00        0.00000        0.00000    
    1495.00        0.00000        0.00000    
    1500.00        0.00000        0.00000    
    1505.00        0.00000        0.00000    
    1510.00        0.00000        0.00000    
    1515.00        0.00000        0.00000    
    1520.00        0.00000        0.00000    
    1525.00        0.00000        0.00000    
    1530.00        0.00000        0.00000    
    1535.00        0.00000        0.00000    
    1540.00        0.00000        0.00000    
    1545.00        0.00000        0.00000    
    1550.00        0.00000        0.00000    
    1555.00        0.00000        0.00000    
    1560.00        0.00000        0.00000    
    1565.00        0.00000        0.00000    
    1570.00        0.00000        0.00000    
    1575.00        0.00000        0.00000    
    1580.00        0.00000        0.00000    
    1585.00        0.00000        0.00000    
    1590.00        0.00000        0.00000    
    1595.00        0.00000        0.00000    
    1600.00        0.00000        0.00000    
    1605.00        0.00000        0.00000    
    1610.00        0.00000        0.00000    
    1615.00        0.00000        0.00000    
    1620.00        0.00000        0.00000    
    1625.00        0.00000        0.00000    
    1630.00        0.00000        0.00000    
    1635.00        0.00000        0.00000    
    1640.00        0.00000        0.00000    
    1645.00        0.00000        0.00000    
    1650.00        0.00000        0.00000    
    1655.00        0.00000        0.00000    
    1660.00        0.00000        0.00000    
    1665.00        0.00000        0.00000    
    1670.00        0.00000        0.00000    
    1675.00        0.00000        0.00000    
    1680.00        0.00000        0.00000    
    1685.00        0.00000        0.00000    
    1690.00      -0.696101      -0.319737    
    1695.00      -0.962982      -0.487940    
    1700.00       -1.06912      -0.606574    
    1705.00       -1.10277      -0.712302    
    1710.00       -1.07226      -0.800798    
    1715.00      -0.977791      -0.848253    
    1720.00      -0.837393      -0.814649    
    1725.00      -0.708761      -0.670180    
    1730.00      -0.668360      -0.442313    
    1735.00      -0.743471      -0.210944    
    1740.00      -0.895473      -0.376042E-01
    1745.00       -1.07207       0.670926E-01
    1750.00       -1.24207       0.119700    
    1755.00       -1.39429       0.139505    
    1760.00       -1.52759       0.140430    
    1765.00       -1.64434       0.131051    
    1770.00       -1.74757       0.116332    
    1775.00       -1.84004       0.990724E-01
    1780.00       -1.92395       0.808330E-01
    1785.00       -2.00104       0.624721E-01
    1790.00       -2.07264       0.444514E-01
    1795.00       -2.13976       0.270098E-01
    1800.00       -2.20318       0.102634E-01
    1805.00       -2.26348      -0.573156E-02
    1810.00       -2.32112      -0.209316E-01
    1815.00       -2.37642      -0.352525E-01
    1820.00       -2.42968      -0.484880E-01
    1825.00       -2.48141      -0.602392E-01
    1830.00       -2.53280      -0.703030E-01
    1835.00       -2.58519      -0.800690E-01
    1840.00       -2.63746      -0.914591E-01
    1845.00       -2.68789      -0.103845    
    1850.00       -2.73650      -0.116038    
    1855.00       -2.78387      -0.127661    
    1860.00       -2.83035      -0.138720    
    1865.00       -2.87617      -0.149294    
    1870.00       -2.92144      -0.159458    
    1875.00       -2.96624      -0.169273    
    1880.00       -3.01063      -0.178782    
    1885.00       -3.05465      -0.188022    
    1890.00       -3.09835      -0.197022    
    1895.00       -3.14175      -0.205804    
    1900.00       -3.18488      -0.214389    
    1905.00       -3.22778      -0.222793    
    1910.00       -3.27045      -0.231031    
    1915.00       -3.31292      -0.239116    
    1920.00       -3.35521      -0.247060    
    1925.00       -3.39733      -0.254874    
    1930.00       -3.43930      -0.262565    
    1935.00       -3.48113      -0.270143    
    1940.00       -3.52284      -0.277616    
    1945.00       -3.56444      -0.284990    
    1950.00       -3.60593      -0.292272    
    1955.00       -3.64733      -0.299467    
    1960.00       -3.68864      -0.306582    
    1965.00       -3.72988      -0.313621    
    1970.00       -3.77105      -0.320588    
    1975.00       -3.81216      -0.327489    
    1980.00       -3.85321      -0.334327    
    1985.00       -3.89422      -0.341105    
    1990.00       -3.93518      -0.347828    
    1995.00       -3.97611      -0.354498    
    2000.00       -4.01701      -0.361119    
    2005.00       -4.05788      -0.367693    
    2010.00       -4.09873      -0.374223    
    2015.00       -4.13956      -0.380711    
    2020.00       -4.18038      -0.387160    
    2025.00       -4.22119      -0.393572    
    2030.00       -4.26199      -0.399949    
    2035.00       -4.30279      -0.406294    
    2040.00       -4.34359      -0.412606    
    2045.00       -4.38440      -0.418890    
    2050.00       -4.42521      -0.425145    
    2055.00       -4.46603      -0.431374    
    2060.00       -4.50686      -0.437578    
    2065.00       -4.54771      -0.443759    
    2070.00       -4.58857      -0.449918    
    2075.00       -4.62945      -0.456055    
    2080.00       -4.67035      -0.462173    
    2085.00       -4.71128      -0.468273    
    2090.00       -4.75223      -0.474354    
    2095.00       -4.79320      -0.480420    
    2100.00       -4.83421      -0.486469    
    2105.00       -4.87524      -0.492504    
    2110.00       -4.91631      -0.498525    
    2115.00       -4.95741      -0.504534    
    2120.00       -4.99855      -0.510530    
    2125.00       -5.03972      -0.516514    
    2130.00       -5.08093      -0.522488    
    2135.00       -5.12218      -0.528453    
    2140.00       -5.16347      -0.534407    
    2145.00       -5.20480      -0.540353    
    2150.00       -5.24618      -0.546291    
    2155.00       -5.28759      -0.552222    
    2160.00       -5.32906      -0.558146    
    2165.00       -5.37056      -0.564063    
    2170.00       -5.41212      -0.569974    
    2175.00       -5.45372      -0.575881    
    2180.00       -5.49537      -0.581782    
    2185.00       -5.53708      -0.587679    
