    1100.00        0.00000        0.00000    
    1105.00        0.00000        0.00000    
    1110.00        0.00000        0.00000    
    1115.00        0.00000        0.00000    
    1120.00        0.00000        0.00000    
    1125.00        0.00000        0.00000    
    1130.00        0.00000        0.00000    
    1135.00        0.00000        0.00000    
    1140.00        0.00000        0.00000    
    1145.00        0.00000        0.00000    
    1150.00        0.00000        0.00000    
    1155.00        0.00000        0.00000    
    1160.00        0.00000        0.00000    
    1165.00        0.00000        0.00000    
    1170.00        0.00000        0.00000    
    1175.00        0.00000        0.00000    
    1180.00        0.00000        0.00000    
    1185.00        0.00000        0.00000    
    1190.00        0.00000        0.00000    
    1195.00        0.00000        0.00000    
    1200.00        0.00000        0.00000    
    1205.00        0.00000        0.00000    
    1210.00        0.00000        0.00000    
    1215.00        0.00000        0.00000    
    1220.00        0.00000        0.00000    
    1225.00        0.00000        0.00000    
    1230.00        0.00000        0.00000    
    1235.00        0.00000        0.00000    
    1240.00        0.00000        0.00000    
    1245.00        0.00000        0.00000    
    1250.00        0.00000        0.00000    
    1255.00        0.00000        0.00000    
    1260.00        0.00000        0.00000    
    1265.00        0.00000        0.00000    
    1270.00        0.00000        0.00000    
    1275.00        0.00000        0.00000    
    1280.00        0.00000        0.00000    
    1285.00        0.00000        0.00000    
    1290.00        0.00000        0.00000    
    1295.00        0.00000        0.00000    
    1300.00        0.00000        0.00000    
    1305.00        0.00000        0.00000    
    1310.00        0.00000        0.00000    
    1315.00        0.00000        0.00000    
    1320.00        0.00000        0.00000    
    1325.00        0.00000        0.00000    
    1330.00        0.00000        0.00000    
    1335.00        0.00000        0.00000    
    1340.00        0.00000        0.00000    
    1345.00        0.00000        0.00000    
    1350.00        0.00000        0.00000    
    1355.00        0.00000        0.00000    
    1360.00        0.00000        0.00000    
    1365.00        0.00000        0.00000    
    1370.00        0.00000        0.00000    
    1375.00        0.00000        0.00000    
    1380.00        0.00000        0.00000    
    1385.00        0.00000        0.00000    
    1390.00        0.00000        0.00000    
    1395.00        0.00000        0.00000    
    1400.00        0.00000        0.00000    
    1405.00        0.00000        0.00000    
    1410.00        0.00000        0.00000    
    1415.00        0.00000        0.00000    
    1420.00        0.00000        0.00000    
    1425.00        0.00000        0.00000    
    1430.00        0.00000        0.00000    
    1435.00        0.00000        0.00000    
    1440.00        0.00000        0.00000    
    1445.00        0.00000        0.00000    
    1450.00        0.00000        0.00000    
    1455.00        0.00000        0.00000    
    1460.00        0.00000        0.00000    
    1465.00        0.00000        0.00000    
    1470.00        0.00000        0.00000    
    1475.00        0.00000        0.00000    
    1480.00        0.00000        0.00000    
    1485.00        0.00000        0.00000    
    1490.00        0.00000        0.00000    
    1495.00        0.00000        0.00000    
    1500.00        0.00000        0.00000    
    1505.00        0.00000        0.00000    
    1510.00        0.00000        0.00000    
    1515.00        0.00000        0.00000    
    1520.00        0.00000        0.00000    
    1525.00        0.00000        0.00000    
    1530.00        0.00000        0.00000    
    1535.00        0.00000        0.00000    
    1540.00        0.00000        0.00000    
    1545.00        0.00000        0.00000    
    1550.00        0.00000        0.00000    
    1555.00        0.00000        0.00000    
    1560.00        0.00000        0.00000    
    1565.00        0.00000        0.00000    
    1570.00        0.00000        0.00000    
    1575.00        0.00000        0.00000    
    1580.00        0.00000        0.00000    
    1585.00        0.00000        0.00000    
    1590.00        0.00000        0.00000    
    1595.00        0.00000        0.00000    
    1600.00        0.00000        0.00000    
    1605.00        0.00000        0.00000    
    1610.00        0.00000        0.00000    
    1615.00        0.00000        0.00000    
    1620.00        0.00000        0.00000    
    1625.00        0.00000        0.00000    
    1630.00        0.00000        0.00000    
    1635.00        0.00000        0.00000    
    1640.00        0.00000        0.00000    
    1645.00        0.00000        0.00000    
    1650.00        0.00000        0.00000    
    1655.00        0.00000        0.00000    
    1660.00        0.00000        0.00000    
    1665.00        0.00000        0.00000    
    1670.00        0.00000        0.00000    
    1675.00        0.00000        0.00000    
    1680.00        0.00000        0.00000    
    1685.00        0.00000        0.00000    
    1690.00       0.532995      -0.487448E-01
    1695.00       0.760103      -0.693302E-01
    1700.00       0.882681      -0.802914E-01
    1705.00       0.974406      -0.883870E-01
    1710.00        1.05060      -0.950247E-01
    1715.00        1.11734      -0.100763    
    1720.00        1.17770      -0.105885    
    1725.00        1.23348      -0.110555    
    1730.00        1.28582      -0.114877    
    1735.00        1.33549      -0.118922    
    1740.00        1.38305      -0.122739    
    1745.00        1.42889      -0.126367    
    1750.00        1.47334      -0.129831    
    1755.00        1.51664      -0.133153    
    1760.00        1.55897      -0.136350    
    1765.00        1.60049      -0.139434    
    1770.00        1.64134      -0.142417    
    1775.00        1.68163      -0.145307    
    1780.00        1.72144      -0.148110    
    1785.00        1.76086      -0.150833    
    1790.00        1.79995      -0.153479    
    1795.00        1.83877      -0.156053    
    1800.00        1.87738      -0.158556    
    1805.00        1.91582      -0.160993    
    1810.00        1.95414      -0.163362    
    1815.00        1.99237      -0.165667    
    1820.00        2.03056      -0.167908    
    1825.00        2.06872      -0.170085    
    1830.00        2.10690      -0.172198    
    1835.00        2.14512      -0.174246    
    1840.00        2.18340      -0.176228    
    1845.00        2.22178      -0.178145    
    1850.00        2.26027      -0.179993    
    1855.00        2.29890      -0.181772    
    1860.00        2.33769      -0.183480    
    1865.00        2.37666      -0.185114    
    1870.00        2.41584      -0.186671    
    1875.00        2.45524      -0.188149    
    1880.00        2.49488      -0.189544    
    1885.00        2.53478      -0.190853    
    1890.00        2.57497      -0.192073    
    1895.00        2.61546      -0.193197    
    1900.00        2.65628      -0.194223    
    1905.00        2.69743      -0.195144    
    1910.00        2.73896      -0.195956    
    1915.00        2.78087      -0.196652    
    1920.00        2.82318      -0.197226    
    1925.00        2.86592      -0.197671    
    1930.00        2.90912      -0.197980    
    1935.00        2.95278      -0.198143    
    1940.00        2.99695      -0.198153    
    1945.00        3.04163      -0.198000    
    1950.00        3.08687      -0.197673    
    1955.00        3.13267      -0.197162    
    1960.00        3.17908      -0.196454    
    1965.00        3.22612      -0.195536    
    1970.00        3.27381      -0.194395    
    1975.00        3.32220      -0.193015    
    1980.00        3.37131      -0.191379    
    1985.00        3.42117      -0.189471    
    1990.00        3.47183      -0.187269    
    1995.00        3.52332      -0.184754    
    2000.00        3.57567      -0.181902    
    2005.00        3.62894      -0.178688    
    2010.00        3.68315      -0.175086    
    2015.00        3.73837      -0.171065    
    2020.00        3.79464      -0.166594    
    2025.00        3.85200      -0.161637    
    2030.00        3.91052      -0.156155    
    2035.00        3.97025      -0.150107    
    2040.00        4.03125      -0.143447    
    2045.00        4.09359      -0.136123    
    2050.00        4.15733      -0.128079    
    2055.00        4.22254      -0.119256    
    2060.00        4.28931      -0.109584    
    2065.00        4.35771      -0.989898E-01
    2070.00        4.42782      -0.873907E-01
    2075.00        4.49975      -0.746957E-01
    2080.00        4.57359      -0.608037E-01
    2085.00        4.64943      -0.456029E-01
    2090.00        4.72739      -0.289685E-01
    2095.00        4.80759      -0.107619E-01
    2100.00        4.89015       0.917146E-02
    2105.00        4.97519       0.310045E-01
    2110.00        5.06285       0.549306E-01
    2115.00        5.15328       0.811666E-01
    2120.00        5.24663       0.109956    
    2125.00        5.34306       0.141572    
    2130.00        5.44272       0.176325    
    2135.00        5.54580       0.214562    
    2140.00        5.65247       0.256678    
    2145.00        5.76290       0.303119    
    2150.00        5.87727       0.354393    
    2155.00        5.99577       0.411074    
    2160.00        6.11854       0.473819    
    2165.00        6.24576       0.543375    
    2170.00        6.37753       0.620593    
    2175.00        6.51396       0.706446    
    2180.00        6.65507       0.802044    
    2185.00        6.80084       0.908655    
